3.402123918521320154e-03 3.292651904204338745e-03 3.189647306385115511e-03 3.090807771538768307e-03 2.990607620176528349e-03 2.895260664323448876e-03 2.791021057855192292e-03 2.694001858468483487e-03 2.588078392241207563e-03 2.471136401696339899e-03 2.382598178553974218e-03 2.272747319787109862e-03 2.155620855511520152e-03 2.042812174524975388e-03 1.943007613557288377e-03 1.837371719074321974e-03 1.732002043968900416e-03 1.632956317600746778e-03 1.536042604122057984e-03 1.443571802014422803e-03 1.364829947922366598e-03 1.271818882577984951e-03 1.203609422770601962e-03 1.114768752098125671e-03 1.048081563812922100e-03 9.642275276264437390e-04 9.378791708373971497e-04 8.612215910093676523e-04 7.733304440410986198e-04 6.780773835536709404e-04 6.292051947819840303e-04 5.617337731598127807e-04 5.035856699324222242e-04 4.264016897585777544e-04 3.730989108722187271e-04 3.100233158267060789e-04 2.804386441311575791e-04 2.127644035563745946e-04 1.507033944800253566e-04 1.023972204304609282e-04
3.292651904204338745e-03 3.507187581812380543e-03 3.679279918815584957e-03 3.824784925157013408e-03 3.944545085731699340e-03 4.046484590263130406e-03 4.119189615753072325e-03 4.174745010971704119e-03 4.204596220507675168e-03 4.201764411412620311e-03 4.207389445736508214e-03 4.172803305292252518e-03 4.112202713546402218e-03 4.041213129770081063e-03 3.965851000596165750e-03 3.870431095150444947e-03 3.760655030891893978e-03 3.648113095617471976e-03 3.525807958682162895e-03 3.400574968018365944e-03 3.278597150567427732e-03 3.133946745552541879e-03 3.010167000321589334e-03 2.859601511816536011e-03 2.724089852199560770e-03 2.567359948788090155e-03 2.459024065990234736e-03 2.294193223948829460e-03 2.124349346989079599e-03 1.935484375038157333e-03 1.781947116340555333e-03 1.612195921589365012e-03 1.440457541622353760e-03 1.243848929460819814e-03 1.070548277553845518e-03 8.819790999678745478e-04 7.197995243680163722e-04 5.070938944063249545e-04 3.006631445180778478e-04 1.087843511076769162e-04
3.189647306385115511e-03 3.679279918815584957e-03 4.098102374459830499e-03 4.468309938101587032e-03 4.795771273354594924e-03 5.086709784417681873e-03 5.329931382134418284e-03 5.534802464738856898e-03 5.699175014174939768e-03 5.809876852378200417e-03 5.909847131481763167e-03 5.952189172711739099e-03 5.950034348851035611e-03 5.923820630981902792e-03 5.875017220478978563e-03 5.793257963157161239e-03 5.682909350873197561e-03 5.560721547154316886e-03 5.417264603626127141e-03 5.263698015893959574e-03 5.102967545527010637e-03 4.911550450984014660e-03 4.736962302613643289e-03 4.529662478443438785e-03 4.330255676852155788e-03 4.105962510710224438e-03 3.920620383500871345e-03 3.672997317581152676e-03 3.425926326420786813e-03 3.148987224893026737e-03 2.896123241179940182e-03 2.629598804577819218e-03 2.349542510056985400e-03 2.039001999384210291e-03 1.751034415958268534e-03 1.442406103834963441e-03 1.153033577694433662e-03 8.009163258630537041e-04 4.552279099714455772e-04 1.240930254141098959e-04
3.090807771538768307e-03 3.824784925157013408e-03 4.468309938101587032e-03 5.058962796938238672e-03 5.576742597891661511e-03 6.049369681631124561e-03 6.460025234348959824e-03 6.809556535421215639e-03 7.107935277132121192e-03 7.332080911073343005e-03 7.527490759703442044e-03 7.644886367402294394e-03 7.704296534906042437e-03 7.724300480944670290e-03 7.705774624186208233e-03 7.640513832298396688e-03 7.532832310209237360e-03 7.404224156196266039e-03 7.243181023822767121e-03 7.065044061366027202e-03 6.869291770874900831e-03 6.635063915721493497e-03 6.413780732107751160e-03 6.153731440243100613e-03 5.894354235672772183e-03 5.606668532035907065e-03 5.347529880182946664e-03 5.022152257275046099e-03 4.701434036822178114e-03 4.340523511855623635e-03 3.992247632160349224e-03 3.632992808820898530e-03 3.248393459128035964e-03 2.827773491694178867e-03 2.428775997477200868e-03 2.003320689262196638e-03 1.590946645945073672e-03 1.102916358970304879e-03 6.211292394106725972e-04 1.537865952384486130e-04
2.990607620176528349e-03 3.944545085731699340e-03 4.795771273354594924e-03 5.576742597891661511e-03 6.287509372490874236e-03 6.934105409129297584e-03 7.507661400249166818e-03 7.996535684179692863e-03 8.428715891616752470e-03 8.765248805549017905e-03 9.055122232514391939e-03 9.254249488748896371e-03 9.374535158786615613e-03 9.442587799186547351e-03 9.456382734833689713e-03 9.410483824684758719e-03 9.308696258186381980e-03 9.176880903100780029e-03 9.001797800971642061e-03 8.802990968361814467e-03 8.575823952512641457e-03 8.302192026796892735e-03 8.039692812938157088e-03 7.730459466205506780e-03 7.414843475949340658e-03 7.067523568797949747e-03 6.733488551755898062e-03 6.340863035051808212e-03 5.949619747562184639e-03 5.508566265553861349e-03 5.068480877896241153e-03 4.620355533135184906e-03 4.134643975370934539e-03 3.607522226961560816e-03 3.100671623694592656e-03 2.561665309715073328e-03 2.029192028705426032e-03 1.408289330449606983e-03 7.925822305789735666e-04 1.905788921101834186e-04
2.895260664323448876e-03 4.046484590263130406e-03 5.086709784417681873e-03 6.049369681631124561e-03 6.934105409129297584e-03 7.768014764529857993e-03 8.479141304116526168e-03 9.095812665310664194e-03 9.662881752487710932e-03 1.011003116774310956e-02 1.049451883444093084e-02 1.077408454674894621e-02 1.095760910867863216e-02 1.107576564442047662e-02 1.112460957340396725e-02 1.110128998842969603e-02 1.100904833559073100e-02 1.087784807685922110e-02 1.069302276465684473e-02 1.047923383409592353e-02 1.022595786484889989e-02 9.924169374855674325e-03 9.610386535112354009e-03 9.261279689712638430e-03 8.896138974732813176e-03 8.497692739380998533e-03 8.143685941677298104e-03 7.620698694719516691e-03 7.168600638743131102e-03 6.653521349974553592e-03 6.126412718317185598e-03 5.594087564636587677e-03 5.011326723722067493e-03 4.381677333938606422e-03 3.770538672865184938e-03 3.121382357507229786e-03 2.472081727488237290e-03 1.721519655756353429e-03 9.743054340147955282e-04 2.394315085003439559e-04
2.791021057855192292e-03 4.119189615753072325e-03 5.329931382134418284e-03 6.460025234348959824e-03 7.507661400249166818e-03 8.479141304116526168e-03 9.390815625096931088e-03 1.006779462565465452e-02 1.078620469102120789e-02 1.134289570467561167e-02 1.182243483485579186e-02 1.218410524334142750e-02 1.243307044716924700e-02 1.260394520834264183e-02 1.269165831008654474e-02 1.269454719886873272e-02 1.261562940017527980e-02 1.248857122902957001e-02 1.229696143732472192e-02 1.207873912727612346e-02 1.179859721762748816e-02 1.146563628877866198e-02 1.112098791587198994e-02 1.073167366856926652e-02 1.031869258610277132e-02 9.868688106063937607e-03 9.432288767263713111e-03 8.871393879336003305e-03 8.356706960107585652e-03 7.770455999471095193e-03 7.159641593247800286e-03 6.547372725541919167e-03 5.871552384396895759e-03 5.143621902445470913e-03 4.432277779217794547e-03 3.677192112393185604e-03 2.915204863523988225e-03 2.039390458606775685e-03 1.164318820818246612e-03 2.996707541756721987e-04
2.694001858468483487e-03 4.174745010971704119e-03 5.534802464738856898e-03 6.809556535421215639e-03 7.996535684179692863e-03 9.095812665310664194e-03 1.006779462565465452e-02 1.130344660352584213e-02 1.186106198413649365e-02 1.249405327746832238e-02 1.305589210059727653e-02 1.349331521168462000e-02 1.380354267585424434e-02 1.402560662305457270e-02 1.413936923758736010e-02 1.417449922495758394e-02 1.410927191706598874e-02 1.398827773634587351e-02 1.379694049006961569e-02 1.353431881441927859e-02 1.325248939063076829e-02 1.290513492997270861e-02 1.251667711432886965e-02 1.209954598658979051e-02 1.164448928010042641e-02 1.114979834375653261e-02 1.065617015872971987e-02 1.006768099805069837e-02 9.476899637130347179e-03 8.827269199873758604e-03 8.140540336909318081e-03 7.457745132782244400e-03 6.698439726147292078e-03 5.882620255097494207e-03 5.082657952291737627e-03 4.235215229691264779e-03 3.376568707359205862e-03 2.396992471134974916e-03 1.423984784481003045e-03 4.839332921707325706e-04
2.588078392241207563e-03 4.204596220507675168e-03 5.699175014174939768e-03 7.107935277132121192e-03 8.428715891616752470e-03 9.662881752487710932e-03 1.078620469102120789e-02 1.186106198413649365e-02 1.277377008773292709e-02 1.345839174098682062e-02 1.412124639092749399e-02 1.464674958666445370e-02 1.502649038685867702e-02 1.530554530829990670e-02 1.546984749224720491e-02 1.554236290287578336e-02 1.549556626936512971e-02 1.538728186227253554e-02 1.519830321385764495e-02 1.494839706488504914e-02 1.464807990844018727e-02 1.426492830599906253e-02 1.388732961285283306e-02 1.342098765379726166e-02 1.293189342026842582e-02 1.239963377479628807e-02 1.186009369225506961e-02 1.119621405001398375e-02 1.056825542609067352e-02 9.863279432219649798e-03 9.102441274791758102e-03 8.352730549472697427e-03 7.509105306956627944e-03 6.603520378621133453e-03 5.710049180626915362e-03 4.763246918108959144e-03 3.793573196974269531e-03 2.688697410267654360e-03 1.580566923552035891e-03 4.840004495173983487e-04
2.471136401696339899e-03 4.201764411412620311e-03 5.809876852378200417e-03 7.332080911073343005e-03 8.765248805549017905e-03 1.011003116774310956e-02 1.134289570467561167e-02 1.249405327746832238e-02 1.345839174098682062e-02 1.446831103803423307e-02 1.506249332486322284e-02 1.566985894441571756e-02 1.611169463850377348e-02 1.644471215832163033e-02 1.665500954599919217e-02 1.673459185384303452e-02 1.672146021185496809e-02 1.662864134738284774e-02 1.644572212524227084e-02 1.619699079925000090e-02 1.588640600795317853e-02 1.550256615956831403e-02 1.509471254138903921e-02 1.461237726525542804e-02 1.409464437268388715e-02 1.353045622436590059e-02 1.295726100714664382e-02 1.224175121616168961e-02 1.156306836616683570e-02 1.083058956358865822e-02 9.996194418437204937e-03 9.198027563996898776e-03 8.277321571314822518e-03 7.292388129510759230e-03 6.317348185888393627e-03 5.278853959674634916e-03 4.217448626811196206e-03 3.007126918558136394e-03 1.787800750728767759e-03 5.780438420226638148e-04
2.382598178553974218e-03 4.207389445736508214e-03 5.909847131481763167e-03 7.527490759703442044e-03 9.055122232514391939e-03 1.049451883444093084e-02 1.182243483485579186e-02 1.305589210059727653e-02 1.412124639092749399e-02 1.506249332486322284e-02 1.602315527161157424e-02 1.659066257666642549e-02 1.708493854816095156e-02 1.746960885622860990e-02 1.772039028408608705e-02 1.784280647161153380e-02 1.785329271138748342e-02 1.777477342495734081e-02 1.760213774299116546e-02 1.735856173184894755e-02 1.705081944530207130e-02 1.664622139386725402e-02 1.622688617710723105e-02 1.572923724534620871e-02 1.518937090793739779e-02 1.460230895848858151e-02 1.398848528043485605e-02 1.324230515675063613e-02 1.255133678490947917e-02 1.172238258989702180e-02 1.088775760850515389e-02 9.931688580242178238e-03 8.976428017730235520e-03 7.926927947724529341e-03 6.880126530697599010e-03 5.764109559992762997e-03 4.614711194029097983e-03 3.306966955507329668e-03 1.984089471268175170e-03 6.686044650801555370e-04
2.272747319787109862e-03 4.172803305292252518e-03 5.952189172711739099e-03 7.644886367402294394e-03 9.254249488748896371e-03 1.077408454674894621e-02 1.218410524334142750e-02 1.349331521168462000e-02 1.464674958666445370e-02 1.566985894441571756e-02 1.659066257666642549e-02 1.733752126134385091e-02 1.785879192662689907e-02 1.830092361212255422e-02 1.859458079373767225e-02 1.875503345792795679e-02 1.879177509331275003e-02 1.873562910274978108e-02 1.857710824613221720e-02 1.834187400495389253e-02 1.804077258909358994e-02 1.763299014187137345e-02 1.720886710652963156e-02 1.670086562629240559e-02 1.614583232405663454e-02 1.554109247655439952e-02 1.490188990836989469e-02 1.412379314762593485e-02 1.339738780710473393e-02 1.254199876462927868e-02 1.162975175199085220e-02 1.069543892850986604e-02 9.664583273518628781e-03 8.548551378382236721e-03 7.433646170968267672e-03 6.244971972994627779e-03 5.015097349439281808e-03 3.618551686361466159e-03 2.200330819835275963e-03 7.873524399171386934e-04
2.155620855511520152e-03 4.112202713546402218e-03 5.950034348851035611e-03 7.704296534906042437e-03 9.374535158786615613e-03 1.095760910867863216e-02 1.243307044716924700e-02 1.380354267585424434e-02 1.502649038685867702e-02 1.611169463850377348e-02 1.708493854816095156e-02 1.785879192662689907e-02 1.861192618126743248e-02 1.897611524290782753e-02 1.930569110767975383e-02 1.950274225016990215e-02 1.956910364428522675e-02 1.953704594188203358e-02 1.939972527175491679e-02 1.919474438665196014e-02 1.880619058718593223e-02 1.845049836477640967e-02 1.802644108159023525e-02 1.751860887425889940e-02 1.695652653908348226e-02 1.634190451033323485e-02 1.568496112263275191e-02 1.488586995282301442e-02 1.413708568742091595e-02 1.325640613960708640e-02 1.229887481409605750e-02 1.133996566670180187e-02 1.025946339359584333e-02 9.090011901550230575e-03 7.917708205254980411e-03 6.666476340866758603e-03 5.366029993346945089e-03 3.891346431229803990e-03 2.387801057222566688e-03 8.864774258991523067e-04
2.042812174524975388e-03 4.041213129770081063e-03 5.923820630981902792e-03 7.724300480944670290e-03 9.442587799186547351e-03 1.107576564442047662e-02 1.260394520834264183e-02 1.402560662305457270e-02 1.530554530829990670e-02 1.644471215832163033e-02 1.746960885622860990e-02 1.830092361212255422e-02 1.897611524290782753e-02 1.956390496562169026e-02 1.986326320524165953e-02 2.010175970979261734e-02 2.019987079929499649e-02 2.019112068316011865e-02 2.007024826869781287e-02 1.986584307213535780e-02 1.956502165652129754e-02 1.917722783842736381e-02 1.875254458750118605e-02 1.824223345292385126e-02 1.767594008964994828e-02 1.705558171393895678e-02 1.638587263446859843e-02 1.557287286160156416e-02 1.480761882048070403e-02 1.390017429308417797e-02 1.284226382079948700e-02 1.195829011793994416e-02 1.083001493787716547e-02 9.614792782273359414e-03 8.393461956560797216e-03 7.088917154522461801e-03 5.727476083009300396e-03 4.183550339432127660e-03 2.609882333972303372e-03 1.029991820198775283e-03
1.943007613557288377e-03 3.965851000596165750e-03 5.875017220478978563e-03 7.705774624186208233e-03 9.456382734833689713e-03 1.112460957340396725e-02 1.269165831008654474e-02 1.413936923758736010e-02 1.546984749224720491e-02 1.665500954599919217e-02 1.772039028408608705e-02 1.859458079373767225e-02 1.930569110767975383e-02 1.986326320524165953e-02 2.029411172008674727e-02 2.056183658890905000e-02 2.068982157814263159e-02 2.070426759915430445e-02 2.060368745597615514e-02 2.041514402784343207e-02 2.012917916335624224e-02 1.974947356280766161e-02 1.933051870895848706e-02 1.882327943108005538e-02 1.825803582773422029e-02 1.763724299756365757e-02 1.696095217015446480e-02 1.614090459058896074e-02 1.537162517316503427e-02 1.445729248214222204e-02 1.347290314046387626e-02 1.243331979950487720e-02 1.128778298719958564e-02 1.004187161807125993e-02 8.782780259567834688e-03 7.435548595429365692e-03 6.023859827643550380e-03 4.425128788318054458e-03 2.781903827309736409e-03 1.133645172576971559e-03
1.837371719074321974e-03 3.870431095150444947e-03 5.793257963157161239e-03 7.640513832298396688e-03 9.410483824684758719e-03 1.110128998842969603e-02 1.269454719886873272e-02 1.417449922495758394e-02 1.554236290287578336e-02 1.673459185384303452e-02 1.784280647161153380e-02 1.875503345792795679e-02 1.950274225016990215e-02 2.010175970979261734e-02 2.056183658890905000e-02 2.086880286717032393e-02 2.102720009706213547e-02 2.106516694029515399e-02 2.098803926781692142e-02 2.081894064934556449e-02 2.054888558588677250e-02 2.018234904433670665e-02 1.977301870822854163e-02 1.927295163020801422e-02 1.871354480995898392e-02 1.809708875907614645e-02 1.741941378764240086e-02 1.660100699304568883e-02 1.582088735525825907e-02 1.490635624561010425e-02 1.390130501694688929e-02 1.285913098703760776e-02 1.169188768406857065e-02 1.042095630592369988e-02 9.131557810882245246e-03 7.750331423248199569e-03 6.297963031214773126e-03 4.652076020320920942e-03 2.956678384210551739e-03 1.251689605850168918e-03
1.732002043968900416e-03 3.760655030891893978e-03 5.682909350873197561e-03 7.532832310209237360e-03 9.308696258186381980e-03 1.100904833559073100e-02 1.261562940017527980e-02 1.410927191706598874e-02 1.549556626936512971e-02 1.672146021185496809e-02 1.785329271138748342e-02 1.879177509331275003e-02 1.956910364428522675e-02 2.019987079929499649e-02 2.068982157814263159e-02 2.102720009706213547e-02 2.127549879828595850e-02 2.127222754441982291e-02 2.122390167128324762e-02 2.107774147413950597e-02 2.082615914575353805e-02 2.047696537723679364e-02 2.008081728951879863e-02 1.959214618335941571e-02 1.904299049849408551e-02 1.843575057397716516e-02 1.776252116670718958e-02 1.695538175047676260e-02 1.617932349896926067e-02 1.525116519818627524e-02 1.424275900660502449e-02 1.319953277474272997e-02 1.202065251335411415e-02 1.073432477868759352e-02 9.424108778076074541e-03 8.018605051706257161e-03 6.536083014308279211e-03 4.853147301224985423e-03 3.116941462564519049e-03 1.365601475072028732e-03
1.632956317600746778e-03 3.648113095617471976e-03 5.560721547154316886e-03 7.404224156196266039e-03 9.176880903100780029e-03 1.087784807685922110e-02 1.248857122902957001e-02 1.398827773634587351e-02 1.538728186227253554e-02 1.662864134738284774e-02 1.777477342495734081e-02 1.873562910274978108e-02 1.953704594188203358e-02 2.019112068316011865e-02 2.070426759915430445e-02 2.106516694029515399e-02 2.127222754441982291e-02 2.137665703681639745e-02 2.135149185137392991e-02 2.122618451604850118e-02 2.099238565879254018e-02 2.066198033265947281e-02 2.027996961855971919e-02 1.980159589523158500e-02 1.926523981379552747e-02 1.866906506500176643e-02 1.800219044542478511e-02 1.720324077694404194e-02 1.643537114061524931e-02 1.551015842475253655e-02 1.450189688178752864e-02 1.345987760320625955e-02 1.227687658230885298e-02 1.098108628406566957e-02 9.656891768492442338e-03 8.234157602123299766e-03 6.729746611059156391e-03 5.018145436084416738e-03 3.250188746853032318e-03 1.461490822280159729e-03
1.536042604122057984e-03 3.525807958682162895e-03 5.417264603626127141e-03 7.243181023822767121e-03 9.001797800971642061e-03 1.069302276465684473e-02 1.229696143732472192e-02 1.379694049006961569e-02 1.519830321385764495e-02 1.644572212524227084e-02 1.760213774299116546e-02 1.857710824613221720e-02 1.939972527175491679e-02 2.007024826869781287e-02 2.060368745597615514e-02 2.098803926781692142e-02 2.122390167128324762e-02 2.135149185137392991e-02 2.136566754853666886e-02 2.124851251251686293e-02 2.103638672241945479e-02 2.073050152320299669e-02 2.036574886640087761e-02 1.990226060268546551e-02 1.938176061174106887e-02 1.880133955236327689e-02 1.814513280334337925e-02 1.736112092729214657e-02 1.660348879940079167e-02 1.568621107234069098e-02 1.468574346403242643e-02 1.365109848375089044e-02 1.246730819612733299e-02 1.117140179091854167e-02 9.841815616511179199e-03 8.409965139444624399e-03 6.892984398548587799e-03 5.162957739637159815e-03 3.373418861430207971e-03 1.557420896554469235e-03
1.443571802014422803e-03 3.400574968018365944e-03 5.263698015893959574e-03 7.065044061366027202e-03 8.802990968361814467e-03 1.047923383409592353e-02 1.207873912727612346e-02 1.353431881441927859e-02 1.494839706488504914e-02 1.619699079925000090e-02 1.735856173184894755e-02 1.834187400495389253e-02 1.919474438665196014e-02 1.986584307213535780e-02 2.041514402784343207e-02 2.081894064934556449e-02 2.107774147413950597e-02 2.122618451604850118e-02 2.124851251251686293e-02 2.122907081398007351e-02 2.098786164047140509e-02 2.071486057458160612e-02 2.036934253322168070e-02 1.991919623570758205e-02 1.941090197041791393e-02 1.886336614867109573e-02 1.821939617849679255e-02 1.744483095827109934e-02 1.670278060980680268e-02 1.579711876381613769e-02 1.480953686234679281e-02 1.378551423556395941e-02 1.260952848582629765e-02 1.131719055457624384e-02 9.988559013450939300e-03 8.553645550925883384e-03 7.031284719815988557e-03 5.291660949964170808e-03 3.488047940757066194e-03 1.653738475981996955e-03
1.364829947922366598e-03 3.278597150567427732e-03 5.102967545527010637e-03 6.869291770874900831e-03 8.575823952512641457e-03 1.022595786484889989e-02 1.179859721762748816e-02 1.325248939063076829e-02 1.464807990844018727e-02 1.588640600795317853e-02 1.705081944530207130e-02 1.804077258909358994e-02 1.880619058718593223e-02 1.956502165652129754e-02 2.012917916335624224e-02 2.054888558588677250e-02 2.082615914575353805e-02 2.099238565879254018e-02 2.103638672241945479e-02 2.098786164047140509e-02 2.091332513677249608e-02 2.061122750247105020e-02 2.027752818924295070e-02 1.984550156673680135e-02 1.937573241477809696e-02 1.882166592945815065e-02 1.820016663462678888e-02 1.744961238919625485e-02 1.672500791804852616e-02 1.583653345569770859e-02 1.486906253563609684e-02 1.386231017498783941e-02 1.270189449529178852e-02 1.142125266796934976e-02 1.010312451337635684e-02 8.674620185420917409e-03 7.157120904783013590e-03 5.420555779370149659e-03 3.615221837511951343e-03 1.776178077502423101e-03
1.271818882577984951e-03 3.133946745552541879e-03 4.911550450984014660e-03 6.635063915721493497e-03 8.302192026796892735e-03 9.924169374855674325e-03 1.146563628877866198e-02 1.290513492997270861e-02 1.426492830599906253e-02 1.550256615956831403e-02 1.664622139386725402e-02 1.763299014187137345e-02 1.845049836477640967e-02 1.917722783842736381e-02 1.974947356280766161e-02 2.018234904433670665e-02 2.047696537723679364e-02 2.066198033265947281e-02 2.073050152320299669e-02 2.071486057458160612e-02 2.061122750247105020e-02 2.048080597681377346e-02 2.005125598620175614e-02 1.964527535852044274e-02 1.921032008787820072e-02 1.868530460101966439e-02 1.808745909219040479e-02 1.736235892548323653e-02 1.665908681964880719e-02 1.579234757473119838e-02 1.485009489302877884e-02 1.386446611195108099e-02 1.272481069296179518e-02 1.146040364973527521e-02 1.015871445765470678e-02 8.742413523731716943e-03 7.235417178086590677e-03 5.509969496307794319e-03 3.708986037920204790e-03 1.869752827452783941e-03
1.203609422770601962e-03 3.010167000321589334e-03 4.736962302613643289e-03 6.413780732107751160e-03 8.039692812938157088e-03 9.610386535112354009e-03 1.112098791587198994e-02 1.251667711432886965e-02 1.388732961285283306e-02 1.509471254138903921e-02 1.622688617710723105e-02 1.720886710652963156e-02 1.802644108159023525e-02 1.875254458750118605e-02 1.933051870895848706e-02 1.977301870822854163e-02 2.008081728951879863e-02 2.027996961855971919e-02 2.036574886640087761e-02 2.036934253322168070e-02 2.027752818924295070e-02 2.005125598620175614e-02 2.045520161521944408e-02 1.939991067601848709e-02 1.901413185427257985e-02 1.851456984884854162e-02 1.794214169016993682e-02 1.724344228488617486e-02 1.656218648265965834e-02 1.571993161245986009e-02 1.480650765619035553e-02 1.384496896772711635e-02 1.273068971970265327e-02 1.148723344724863343e-02 1.020879554742491584e-02 8.811969260548382574e-03 7.323243095781895549e-03 5.620609258453800397e-03 3.834969714523453563e-03 2.009591822196432707e-03
1.114768752098125671e-03 2.859601511816536011e-03 4.529662478443438785e-03 6.153731440243100613e-03 7.730459466205506780e-03 9.261279689712638430e-03 1.073167366856926652e-02 1.209954598658979051e-02 1.342098765379726166e-02 1.461237726525542804e-02 1.572923724534620871e-02 1.670086562629240559e-02 1.751860887425889940e-02 1.824223345292385126e-02 1.882327943108005538e-02 1.927295163020801422e-02 1.959214618335941571e-02 1.980159589523158500e-02 1.990226060268546551e-02 1.991919623570758205e-02 1.984550156673680135e-02 1.964527535852044274e-02 1.939991067601848709e-02 1.934238401311824326e-02 1.876203263219843390e-02 1.826722273444669059e-02 1.771807494990717061e-02 1.704544045771816049e-02 1.638571394367053721e-02 1.557064067348474211e-02 1.468930761689959084e-02 1.375381582484049708e-02 1.266837566144497773e-02 1.144749564122160036e-02 1.019860857799890878e-02 8.824801334530769578e-03 7.357553452000500580e-03 5.684173420609873149e-03 3.916872636229968944e-03 2.109342650204197502e-03
1.048081563812922100e-03 2.724089852199560770e-03 4.330255676852155788e-03 5.894354235672772183e-03 7.414843475949340658e-03 8.896138974732813176e-03 1.031869258610277132e-02 1.164448928010042641e-02 1.293189342026842582e-02 1.409464437268388715e-02 1.518937090793739779e-02 1.614583232405663454e-02 1.695652653908348226e-02 1.767594008964994828e-02 1.825803582773422029e-02 1.871354480995898392e-02 1.904299049849408551e-02 1.926523981379552747e-02 1.938176061174106887e-02 1.941090197041791393e-02 1.937573241477809696e-02 1.921032008787820072e-02 1.901413185427257985e-02 1.876203263219843390e-02 1.860518525597145215e-02 1.790801490060775839e-02 1.741026927326361912e-02 1.677817954787391708e-02 1.614882292416637902e-02 1.537284721965651892e-02 1.453479483574148835e-02 1.363346010143242845e-02 1.258569977429428548e-02 1.136244595202663167e-02 1.021184895142264459e-02 8.866073203730387084e-03 7.430457642340827784e-03 5.803023922534217456e-03 4.064851493264598839e-03 2.285858760098202682e-03
9.642275276264437390e-04 2.567359948788090155e-03 4.105962510710224438e-03 5.606668532035907065e-03 7.067523568797949747e-03 8.497692739380998533e-03 9.868688106063937607e-03 1.114979834375653261e-02 1.239963377479628807e-02 1.353045622436590059e-02 1.460230895848858151e-02 1.554109247655439952e-02 1.634190451033323485e-02 1.705558171393895678e-02 1.763724299756365757e-02 1.809708875907614645e-02 1.843575057397716516e-02 1.866906506500176643e-02 1.880133955236327689e-02 1.886336614867109573e-02 1.882166592945815065e-02 1.868530460101966439e-02 1.851456984884854162e-02 1.826722273444669059e-02 1.790801490060775839e-02 1.810727272427593848e-02 1.708165040403757801e-02 1.648046638381375426e-02 1.587363961291408943e-02 1.514028463290866336e-02 1.435027905501368162e-02 1.348622071100264407e-02 1.251101446364982946e-02 1.137071282289470880e-02 1.016954807894358999e-02 8.877124721167592783e-03 7.484912346588569292e-03 5.927016795600846717e-03 4.221196750087623066e-03 2.478286518057998093e-03
9.378791708373971497e-04 2.459024065990234736e-03 3.920620383500871345e-03 5.347529880182946664e-03 6.733488551755898062e-03 8.143685941677298104e-03 9.432288767263713111e-03 1.065617015872971987e-02 1.186009369225506961e-02 1.295726100714664382e-02 1.398848528043485605e-02 1.490188990836989469e-02 1.568496112263275191e-02 1.638587263446859843e-02 1.696095217015446480e-02 1.741941378764240086e-02 1.776252116670718958e-02 1.800219044542478511e-02 1.814513280334337925e-02 1.821939617849679255e-02 1.820016663462678888e-02 1.808745909219040479e-02 1.794214169016993682e-02 1.771807494990717061e-02 1.741026927326361912e-02 1.708165040403757801e-02 1.748657918692022792e-02 1.609413720621282948e-02 1.550715796146763005e-02 1.483284199524313902e-02 1.410279916829508540e-02 1.328270409251733689e-02 1.233344633031098828e-02 1.126166101185345145e-02 1.011729900906752425e-02 8.872638304203900317e-03 7.518650964355698581e-03 6.215831560284594548e-03 4.429132192526286267e-03 2.742045304787166671e-03
8.612215910093676523e-04 2.294193223948829460e-03 3.672997317581152676e-03 5.022152257275046099e-03 6.340863035051808212e-03 7.620698694719516691e-03 8.871393879336003305e-03 1.006768099805069837e-02 1.119621405001398375e-02 1.224175121616168961e-02 1.324230515675063613e-02 1.412379314762593485e-02 1.488586995282301442e-02 1.557287286160156416e-02 1.614090459058896074e-02 1.660100699304568883e-02 1.695538175047676260e-02 1.720324077694404194e-02 1.736112092729214657e-02 1.744483095827109934e-02 1.744961238919625485e-02 1.736235892548323653e-02 1.724344228488617486e-02 1.704544045771816049e-02 1.677817954787391708e-02 1.648046638381375426e-02 1.609413720621282948e-02 1.609525325379300084e-02 1.498510091905517171e-02 1.441651673121386451e-02 1.376422071896142747e-02 1.299044778512156544e-02 1.210937401962127249e-02 1.109916519418303361e-02 1.001588698007295150e-02 8.837967877871685460e-03 7.564436224885355033e-03 6.038625148248990063e-03 4.530451854439471876e-03 2.908690680547348743e-03
7.733304440410986198e-04 2.124349346989079599e-03 3.425926326420786813e-03 4.701434036822178114e-03 5.949619747562184639e-03 7.168600638743131102e-03 8.356706960107585652e-03 9.476899637130347179e-03 1.056825542609067352e-02 1.156306836616683570e-02 1.255133678490947917e-02 1.339738780710473393e-02 1.413708568742091595e-02 1.480761882048070403e-02 1.537162517316503427e-02 1.582088735525825907e-02 1.617932349896926067e-02 1.643537114061524931e-02 1.660348879940079167e-02 1.670278060980680268e-02 1.672500791804852616e-02 1.665908681964880719e-02 1.656218648265965834e-02 1.638571394367053721e-02 1.614882292416637902e-02 1.587363961291408943e-02 1.550715796146763005e-02 1.498510091905517171e-02 1.564206163724861029e-02 1.415561442610180007e-02 1.355532943019023377e-02 1.279979753649087074e-02 1.198551549934288515e-02 1.103807751834579715e-02 1.001330313462731048e-02 8.901565932848494803e-03 7.693752094580233285e-03 6.283247707722437563e-03 4.825335393488682650e-03 3.272562544813163027e-03
6.780773835536709404e-04 1.935484375038157333e-03 3.148987224893026737e-03 4.340523511855623635e-03 5.508566265553861349e-03 6.653521349974553592e-03 7.770455999471095193e-03 8.827269199873758604e-03 9.863279432219649798e-03 1.083058956358865822e-02 1.172238258989702180e-02 1.254199876462927868e-02 1.325640613960708640e-02 1.390017429308417797e-02 1.445729248214222204e-02 1.490635624561010425e-02 1.525116519818627524e-02 1.551015842475253655e-02 1.568621107234069098e-02 1.579711876381613769e-02 1.583653345569770859e-02 1.579234757473119838e-02 1.571993161245986009e-02 1.557064067348474211e-02 1.537284721965651892e-02 1.514028463290866336e-02 1.483284199524313902e-02 1.441651673121386451e-02 1.415561442610180007e-02 1.452149213688886525e-02 1.317665834496238933e-02 1.241599820821434434e-02 1.170192704866908004e-02 1.083962240893953863e-02 9.891827298785947978e-03 8.869933177974659300e-03 7.754284619276846126e-03 6.463452396799598126e-03 5.107793155758552986e-03 3.681811280026706362e-03
6.292051947819840303e-04 1.781947116340555333e-03 2.896123241179940182e-03 3.992247632160349224e-03 5.068480877896241153e-03 6.126412718317185598e-03 7.159641593247800286e-03 8.140540336909318081e-03 9.102441274791758102e-03 9.996194418437204937e-03 1.088775760850515389e-02 1.162975175199085220e-02 1.229887481409605750e-02 1.284226382079948700e-02 1.347290314046387626e-02 1.390130501694688929e-02 1.424275900660502449e-02 1.450189688178752864e-02 1.468574346403242643e-02 1.480953686234679281e-02 1.486906253563609684e-02 1.485009489302877884e-02 1.480650765619035553e-02 1.468930761689959084e-02 1.453479483574148835e-02 1.435027905501368162e-02 1.410279916829508540e-02 1.376422071896142747e-02 1.355532943019023377e-02 1.317665834496238933e-02 1.337495591134898847e-02 1.184509306775489122e-02 1.135413398323652581e-02 1.061440716896169985e-02 9.767796474621609840e-03 8.863662561168684020e-03 7.866730104879498045e-03 6.716527304594422515e-03 5.488380596471294399e-03 4.177925381235135342e-03
5.617337731598127807e-04 1.612195921589365012e-03 2.629598804577819218e-03 3.632992808820898530e-03 4.620355533135184906e-03 5.594087564636587677e-03 6.547372725541919167e-03 7.457745132782244400e-03 8.352730549472697427e-03 9.198027563996898776e-03 9.931688580242178238e-03 1.069543892850986604e-02 1.133996566670180187e-02 1.195829011793994416e-02 1.243331979950487720e-02 1.285913098703760776e-02 1.319953277474272997e-02 1.345987760320625955e-02 1.365109848375089044e-02 1.378551423556395941e-02 1.386231017498783941e-02 1.386446611195108099e-02 1.384496896772711635e-02 1.375381582484049708e-02 1.363346010143242845e-02 1.348622071100264407e-02 1.328270409251733689e-02 1.299044778512156544e-02 1.279979753649087074e-02 1.241599820821434434e-02 1.184509306775489122e-02 1.353406410297829099e-02 1.129908298724100445e-02 1.058769700032008779e-02 9.812264417083998644e-03 9.030878486528993304e-03 8.167617568199704581e-03 7.181389197298917483e-03 6.117894957300176219e-03 4.980977812300852597e-03
5.035856699324222242e-04 1.440457541622353760e-03 2.349542510056985400e-03 3.248393459128035964e-03 4.134643975370934539e-03 5.011326723722067493e-03 5.871552384396895759e-03 6.698439726147292078e-03 7.509105306956627944e-03 8.277321571314822518e-03 8.976428017730235520e-03 9.664583273518628781e-03 1.025946339359584333e-02 1.083001493787716547e-02 1.128778298719958564e-02 1.169188768406857065e-02 1.202065251335411415e-02 1.227687658230885298e-02 1.246730819612733299e-02 1.260952848582629765e-02 1.270189449529178852e-02 1.272481069296179518e-02 1.273068971970265327e-02 1.266837566144497773e-02 1.258569977429428548e-02 1.251101446364982946e-02 1.233344633031098828e-02 1.210937401962127249e-02 1.198551549934288515e-02 1.170192704866908004e-02 1.135413398323652581e-02 1.129908298724100445e-02 1.103719438181774599e-02 1.015511820447950048e-02 9.498314593134816325e-03 8.886877160800043043e-03 8.179800166128008143e-03 7.363887998619824370e-03 6.460897400393851922e-03 5.464588417960560517e-03
4.264016897585777544e-04 1.243848929460819814e-03 2.039001999384210291e-03 2.827773491694178867e-03 3.607522226961560816e-03 4.381677333938606422e-03 5.143621902445470913e-03 5.882620255097494207e-03 6.603520378621133453e-03 7.292388129510759230e-03 7.926927947724529341e-03 8.548551378382236721e-03 9.090011901550230575e-03 9.614792782273359414e-03 1.004187161807125993e-02 1.042095630592369988e-02 1.073432477868759352e-02 1.098108628406566957e-02 1.117140179091854167e-02 1.131719055457624384e-02 1.142125266796934976e-02 1.146040364973527521e-02 1.148723344724863343e-02 1.144749564122160036e-02 1.136244595202663167e-02 1.137071282289470880e-02 1.126166101185345145e-02 1.109916519418303361e-02 1.103807751834579715e-02 1.083962240893953863e-02 1.061440716896169985e-02 1.058769700032008779e-02 1.015511820447950048e-02 1.115767771391667704e-02 9.222988363939746068e-03 8.876901598022504322e-03 8.385642734746059576e-03 7.793311045552933636e-03 7.186384066084259246e-03 6.442686448200746901e-03
3.730989108722187271e-04 1.070548277553845518e-03 1.751034415958268534e-03 2.428775997477200868e-03 3.100671623694592656e-03 3.770538672865184938e-03 4.432277779217794547e-03 5.082657952291737627e-03 5.710049180626915362e-03 6.317348185888393627e-03 6.880126530697599010e-03 7.433646170968267672e-03 7.917708205254980411e-03 8.393461956560797216e-03 8.782780259567834688e-03 9.131557810882245246e-03 9.424108778076074541e-03 9.656891768492442338e-03 9.841815616511179199e-03 9.988559013450939300e-03 1.010312451337635684e-02 1.015871445765470678e-02 1.020879554742491584e-02 1.019860857799890878e-02 1.021184895142264459e-02 1.016954807894358999e-02 1.011729900906752425e-02 1.001588698007295150e-02 1.001330313462731048e-02 9.891827298785947978e-03 9.767796474621609840e-03 9.812264417083998644e-03 9.498314593134816325e-03 9.222988363939746068e-03 1.015920879253893842e-02 8.999825405019383842e-03 8.670268541821594607e-03 8.361428457567250325e-03 7.914701160607277158e-03 7.405230899924146980e-03
3.100233158267060789e-04 8.819790999678745478e-04 1.442406103834963441e-03 2.003320689262196638e-03 2.561665309715073328e-03 3.121382357507229786e-03 3.677192112393185604e-03 4.235215229691264779e-03 4.763246918108959144e-03 5.278853959674634916e-03 5.764109559992762997e-03 6.244971972994627779e-03 6.666476340866758603e-03 7.088917154522461801e-03 7.435548595429365692e-03 7.750331423248199569e-03 8.018605051706257161e-03 8.234157602123299766e-03 8.409965139444624399e-03 8.553645550925883384e-03 8.674620185420917409e-03 8.742413523731716943e-03 8.811969260548382574e-03 8.824801334530769578e-03 8.866073203730387084e-03 8.877124721167592783e-03 8.872638304203900317e-03 8.837967877871685460e-03 8.901565932848494803e-03 8.869933177974659300e-03 8.863662561168684020e-03 9.030878486528993304e-03 8.886877160800043043e-03 8.876901598022504322e-03 8.999825405019383842e-03 9.950308268202787826e-03 8.817342791112290842e-03 8.843002740273170001e-03 8.714581822749171633e-03 8.488826376734693452e-03
2.804386441311575791e-04 7.197995243680163722e-04 1.153033577694433662e-03 1.590946645945073672e-03 2.029192028705426032e-03 2.472081727488237290e-03 2.915204863523988225e-03 3.376568707359205862e-03 3.793573196974269531e-03 4.217448626811196206e-03 4.614711194029097983e-03 5.015097349439281808e-03 5.366029993346945089e-03 5.727476083009300396e-03 6.023859827643550380e-03 6.297963031214773126e-03 6.536083014308279211e-03 6.729746611059156391e-03 6.892984398548587799e-03 7.031284719815988557e-03 7.157120904783013590e-03 7.235417178086590677e-03 7.323243095781895549e-03 7.357553452000500580e-03 7.430457642340827784e-03 7.484912346588569292e-03 7.518650964355698581e-03 7.564436224885355033e-03 7.693752094580233285e-03 7.754284619276846126e-03 7.866730104879498045e-03 8.167617568199704581e-03 8.179800166128008143e-03 8.385642734746059576e-03 8.670268541821594607e-03 8.817342791112290842e-03 9.825800829744721701e-03 9.586840989372789543e-03 9.837526654196475720e-03 1.011905182439578298e-02
2.127644035563745946e-04 5.070938944063249545e-04 8.009163258630537041e-04 1.102916358970304879e-03 1.408289330449606983e-03 1.721519655756353429e-03 2.039390458606775685e-03 2.396992471134974916e-03 2.688697410267654360e-03 3.007126918558136394e-03 3.306966955507329668e-03 3.618551686361466159e-03 3.891346431229803990e-03 4.183550339432127660e-03 4.425128788318054458e-03 4.652076020320920942e-03 4.853147301224985423e-03 5.018145436084416738e-03 5.162957739637159815e-03 5.291660949964170808e-03 5.420555779370149659e-03 5.509969496307794319e-03 5.620609258453800397e-03 5.684173420609873149e-03 5.803023922534217456e-03 5.927016795600846717e-03 6.215831560284594548e-03 6.038625148248990063e-03 6.283247707722437563e-03 6.463452396799598126e-03 6.716527304594422515e-03 7.181389197298917483e-03 7.363887998619824370e-03 7.793311045552933636e-03 8.361428457567250325e-03 8.843002740273170001e-03 9.586840989372789543e-03 1.113625567660566328e-02 1.108906281603985397e-02 1.193356736762237434e-02
1.507033944800253566e-04 3.006631445180778478e-04 4.552279099714455772e-04 6.211292394106725972e-04 7.925822305789735666e-04 9.743054340147955282e-04 1.164318820818246612e-03 1.423984784481003045e-03 1.580566923552035891e-03 1.787800750728767759e-03 1.984089471268175170e-03 2.200330819835275963e-03 2.387801057222566688e-03 2.609882333972303372e-03 2.781903827309736409e-03 2.956678384210551739e-03 3.116941462564519049e-03 3.250188746853032318e-03 3.373418861430207971e-03 3.488047940757066194e-03 3.615221837511951343e-03 3.708986037920204790e-03 3.834969714523453563e-03 3.916872636229968944e-03 4.064851493264598839e-03 4.221196750087623066e-03 4.429132192526286267e-03 4.530451854439471876e-03 4.825335393488682650e-03 5.107793155758552986e-03 5.488380596471294399e-03 6.117894957300176219e-03 6.460897400393851922e-03 7.186384066084259246e-03 7.914701160607277158e-03 8.714581822749171633e-03 9.837526654196475720e-03 1.108906281603985397e-02 1.317581244657609757e-02 1.379668034660985927e-02
1.023972204304609282e-04 1.087843511076769162e-04 1.240930254141098959e-04 1.537865952384486130e-04 1.905788921101834186e-04 2.394315085003439559e-04 2.996707541756721987e-04 4.839332921707325706e-04 4.840004495173983487e-04 5.780438420226638148e-04 6.686044650801555370e-04 7.873524399171386934e-04 8.864774258991523067e-04 1.029991820198775283e-03 1.133645172576971559e-03 1.251689605850168918e-03 1.365601475072028732e-03 1.461490822280159729e-03 1.557420896554469235e-03 1.653738475981996955e-03 1.776178077502423101e-03 1.869752827452783941e-03 2.009591822196432707e-03 2.109342650204197502e-03 2.285858760098202682e-03 2.478286518057998093e-03 2.742045304787166671e-03 2.908690680547348743e-03 3.272562544813163027e-03 3.681811280026706362e-03 4.177925381235135342e-03 4.980977812300852597e-03 5.464588417960560517e-03 6.442686448200746901e-03 7.405230899924146980e-03 8.488826376734693452e-03 1.011905182439578298e-02 1.193356736762237434e-02 1.379668034660985927e-02 1.770271102510895603e-02
