2.113223019033153772e+09 1.107732861713990569e+07 3.187630511918417178e+06 1.463770704115296947e+06 8.166526664931906853e+05 5.082126542758374126e+05 3.393876501035263645e+05 2.381129324741891178e+05 1.732329318723613687e+05 1.295532295153271552e+05 9.898267555253829050e+04 7.691210645508303423e+04 6.057097159606096102e+04 4.821886734505576169e+04 3.872094642056463636e+04 3.131302858455004025e+04 2.546591769359504542e+04 2.080373328869975012e+04 1.705341296660260559e+04 1.401250808453135505e+04 1.152831713122815745e+04 9.484045786046841386e+03 7.789783338260741402e+03 6.376313640975062299e+03 5.190944164162060588e+03 4.194226180000918248e+03 3.357031270599466097e+03 2.657410491129773618e+03 2.077884781344123894e+03 1.603146031545373717e+03 1.218850618094766105e+03 9.113826520562620317e+02 6.682505378653149819e+02 4.772062692891361735e+02 3.159069847242972742e+02 2.101146338226611761e+02 1.323829711452247864e+02 7.235408905433860127e+01 2.865773994827566895e+01 0.000000000000000000e+00
1.107732861713990569e+07 1.647039746449564991e+05 5.834761315920510242e+04 2.926677921172793867e+04 1.715316800835989852e+04 1.102176609104700765e+04 7.531256961813357520e+03 5.378174744272677344e+03 3.969570580380777301e+03 3.005424354486748143e+03 2.321468691407148526e+03 1.822069340939217909e+03 1.448718910652443583e+03 1.164118036901920959e+03 9.436320727567351696e+02 7.704796142404151169e+02 6.329147619981953312e+02 5.225116968844783969e+02 4.330940425985434672e+02 3.600475681136942967e+02 2.998703997143853712e+02 2.498748299518819920e+02 2.079903288366009235e+02 1.726286221000789283e+02 1.425897168042241390e+02 1.169876464322837393e+02 9.517943104459745030e+01 7.668997123139001815e+01 6.114142850748981317e+01 4.819694583872303184e+01 3.753137202900892078e+01 2.882612026621577428e+01 2.178348756028726996e+01 1.610264342526248171e+01 1.121553366275065144e+01 7.799232576206535761e+00 5.144114542437662863e+00 2.983062872698570622e+00 1.279072516221845257e+00 0.000000000000000000e+00
3.187630511918417178e+06 5.834761315920510242e+04 2.162188303900422034e+04 1.114010851108477073e+04 6.663821016429544215e+03 4.355891783004601166e+03 3.021786337081524380e+03 2.187730361400146649e+03 1.635353652082213102e+03 1.252937833504007813e+03 9.787205585282911215e+02 7.764297146633736020e+02 6.236946762769335919e+02 5.061442026534928118e+02 4.142163395859031993e+02 3.413503077574167150e+02 2.829217040282351263e+02 2.355911663836728565e+02 1.968957721617580887e+02 1.649855134519174555e+02 1.384498888641596750e+02 1.162021264974404460e+02 9.740212804949780434e+01 8.140311852084548150e+01 6.771390241217997641e+01 5.596895055020996068e+01 4.589972882453749747e+01 3.730487754341285722e+01 3.002193953449617325e+01 2.390520639794127078e+01 1.881411084791274391e+01 1.461124761094131941e+01 1.116846499802749015e+01 8.354149613887173587e+00 5.905533585186722334e+00 4.156917973767357388e+00 2.772511216130767231e+00 1.627941646391303010e+00 7.082290957127880260e-01 0.000000000000000000e+00
1.463770704115296947e+06 2.926677921172793867e+04 1.114010851108477073e+04 5.853802363437303029e+03 3.560663941807694300e+03 2.362475201835070493e+03 1.661452115824687098e+03 1.218224682931395137e+03 9.215293927221295007e+02 7.140049653787299349e+02 5.637126455390568935e+02 4.517681690928021112e+02 3.664488320932536567e+02 3.001757743661979134e+02 2.478745962253754271e+02 2.060418107521866773e+02 1.721927373093676010e+02 1.445225685645451108e+02 1.216928579366579015e+02 1.026932845667790559e+02 8.675029139859039162e+01 7.326569940300124983e+01 6.177568155938715222e+01 5.192209929172923211e+01 4.343199769349045170e+01 3.610123992467967469e+01 2.977864982182924791e+01 2.434962501367634857e+01 1.972041939585974291e+01 1.580600049108747740e+01 1.252372151635728947e+01 9.792434596028300575e+00 7.536227597655268617e+00 5.675801899178095411e+00 4.045028768318665868e+00 2.865988968926984626e+00 1.922601236531892743e+00 1.135887041473549131e+00 4.975612146704370686e-01 0.000000000000000000e+00
8.166526664931906853e+05 1.715316800835989852e+04 6.663821016429544215e+03 3.560663941807694300e+03 2.198268423867898491e+03 1.478499543991305018e+03 1.052983106685336907e+03 7.812519567656943309e+02 5.975930502488038201e+02 4.679207119714596956e+02 3.731447171941486545e+02 3.019137144805805519e+02 2.471421648942415459e+02 2.042241325511047307e+02 1.700589468104615491e+02 1.424942449535079732e+02 1.199954210174840483e+02 1.014421097291366323e+02 8.599952985169653630e+01 7.303489804219506709e+01 6.206198582002892294e+01 5.270365100319744300e+01 4.466674070937428809e+01 3.772440536233617792e+01 3.170334368005600112e+01 2.647353263819630342e+01 2.193812045848858361e+01 1.802301369637270412e+01 1.466675674382685024e+01 1.181281345193220389e+01 9.405602998149085181e+00 7.390123027861259075e+00 5.714641875588950093e+00 4.324203813162290189e+00 3.098825423694830938e+00 2.205131237046139336e+00 1.484845853832579499e+00 8.807165432378201153e-01 3.874459790094151312e-01 0.000000000000000000e+00
5.082126542758374126e+05 1.102176609104700765e+04 4.355891783004601166e+03 2.362475201835070493e+03 1.478499543991305018e+03 1.006998123248702655e+03 7.256672425395830714e+02 5.443899903505433713e+02 4.207857824979748216e+02 3.327586495392989150e+02 2.678715432355581356e+02 2.186931047964788490e+02 1.805624387358175795e+02 1.504353996223412651e+02 1.262530882279446303e+02 1.065796919835852634e+02 9.038688149668728045e+01 7.692073039004802126e+01 6.561732950391667885e+01 5.604777975431036197e+01 4.788159407414539004e+01 4.086182953993503730e+01 3.478841898909134756e+01 2.950632475550564138e+01 2.489694620710527317e+01 2.087113466611165435e+01 1.736219268412230932e+01 1.431867275075989632e+01 1.169728118205252620e+01 9.457532579675413942e+00 7.559063363989236173e+00 5.961532004121880668e+00 4.626738008369052579e+00 3.513430194273174934e+00 2.528259590013504088e+00 1.804836560121617417e+00 1.218589004157548450e+00 7.248216538304049772e-01 3.198368732451642438e-01 0.000000000000000000e+00
3.393876501035263645e+05 7.531256961813357520e+03 3.021786337081524380e+03 1.661452115824687098e+03 1.052983106685336907e+03 7.256672425395830714e+02 5.287367348661845199e+02 4.008028552102408071e+02 3.128663053238665839e+02 2.497406608729114907e+02 2.028407770164891986e+02 1.670149568775844386e+02 1.390185637961067755e+02 1.167237533015285607e+02 9.868560264685959282e+01 8.389257892893017754e+01 7.161756520429565853e+01 6.132569331076751951e+01 5.261573983328823090e+01 4.518179507568659403e+01 3.878769178774591353e+01 3.324953953022288999e+01 2.842402578016541881e+01 2.420003163916961952e+01 2.049252842299329913e+01 1.723756603938051768e+01 1.438714858037522859e+01 1.190396560749667287e+01 9.756128857186574521e+00 7.913254860510097188e+00 6.344551343691385625e+00 5.018883447121224251e+00 3.906536966213483453e+00 2.974908258291444341e+00 2.147852976865692209e+00 1.537060318299384054e+00 1.039926446192445564e+00 6.198747406951786720e-01 2.741628020891139217e-01 0.000000000000000000e+00
2.381129324741891178e+05 5.378174744272677344e+03 2.187730361400146649e+03 1.218224682931395137e+03 7.812519567656943309e+02 5.443899903505433713e+02 4.008028552102408071e+02 3.068257998384080452e+02 2.417518386477569834e+02 1.946946867615039025e+02 1.594763637920267740e+02 1.323755922674689600e+02 1.110400042106878686e+02 9.392143456137819157e+01 7.996505506303303434e+01 6.843012315390528499e+01 5.878267596335540901e+01 5.062899106252357484e+01 4.367316707317606728e+01 3.768927773186499053e+01 3.250274935602801918e+01 2.797757738799242233e+01 2.400778047460477893e+01 2.051122548880384144e+01 1.742512473665031081e+01 1.470230013868757979e+01 1.230728077602341486e+01 1.021228738051589957e+01 8.393167649454635892e+00 6.826406987514087810e+00 5.487718719926571787e+00 4.352217010943803643e+00 3.395941106248682395e+00 2.592183704426765267e+00 1.876784627306192998e+00 1.345794062979493555e+00 9.120326316523243992e-01 5.445828783227878445e-01 2.413187729613005261e-01 0.000000000000000000e+00
1.732329318723613687e+05 3.969570580380777301e+03 1.635353652082213102e+03 9.215293927221295007e+02 5.975930502488038201e+02 4.207857824979748216e+02 3.128663053238665839e+02 2.417518386477569834e+02 1.921753286518058701e+02 1.560822623615864586e+02 1.288857757044920334e+02 1.078135798340389897e+02 9.110746843352963253e+01 7.760676318327516299e+01 6.651844585668685284e+01 5.728429496518352693e+01 4.950113356612553162e+01 4.287125896280540616e+01 3.717075821162437421e+01 3.222862519903662815e+01 2.791276033607300988e+01 2.412031260146287082e+01 2.077124328323913005e+01 1.780363834044730353e+01 1.517029030316724381e+01 1.283583159970214993e+01 1.077367178557842209e+01 8.962838280246796074e+00 7.384738684887806492e+00 6.020807993038777006e+00 4.851444946548639336e+00 3.856257152082686712e+00 3.015415648989562936e+00 2.306469332842036923e+00 1.674075396135266347e+00 1.202540309042538613e+00 8.161123037641547784e-01 4.880409582139018654e-01 2.166230781958336238e-01 0.000000000000000000e+00
1.295532295153271552e+05 3.005424354486748143e+03 1.252937833504007813e+03 7.140049653787299349e+02 4.679207119714596956e+02 3.327586495392989150e+02 2.497406608729114907e+02 1.946946867615039025e+02 1.560822623615864586e+02 1.277965021249000870e+02 1.063485774004875708e+02 8.962328940360501406e+01 7.627521812980813820e+01 6.541381918632522741e+01 5.642926254708969225e+01 4.889154070207660396e+01 4.248973904105888977e+01 3.699419259030499063e+01 3.223223035104411593e+01 2.807211533128179326e+01 2.441224903563221105e+01 2.117368750444083503e+01 1.829517461539591494e+01 1.572949696029176536e+01 1.344083014637977236e+01 1.140248736604879731e+01 9.594456720719010789e+00 8.000849117554459156e+00 6.607253643674540378e+00 5.398838277454180989e+00 4.359533123657461040e+00 3.472326077464484850e+00 2.720491852072989936e+00 2.084790875122552123e+00 1.516645675368627710e+00 1.091197560921053578e+00 7.415156863270615517e-01 4.440505206606502053e-01 1.974050314498873027e-01 0.000000000000000000e+00
9.898267555253829050e+04 2.321468691407148526e+03 9.787205585282911215e+02 5.637126455390568935e+02 3.731447171941486545e+02 2.678715432355581356e+02 2.028407770164891986e+02 1.594763637920267740e+02 1.288857757044920334e+02 1.063485774004875708e+02 8.915999947071927068e+01 7.567545739386574155e+01 6.484605756090026318e+01 5.597589816309898936e+01 4.858756587359871304e+01 4.234405124777332219e+01 3.700161114678390817e+01 3.238031241752695166e+01 2.834509500566348450e+01 2.479316748577232232e+01 2.164550842236311112e+01 1.884094491004626093e+01 1.633224242419614214e+01 1.408321368580488020e+01 1.206661998381956913e+01 1.026236768312297798e+01 8.655486925656209252e+00 7.234021417579432622e+00 5.986821014012030595e+00 4.901974338425537425e+00 3.966172690015573821e+00 3.165041652926616322e+00 2.484274085217431427e+00 1.907142394004591068e+00 1.390436742277316506e+00 1.001927185660731023e+00 6.817174352474926202e-01 4.088020259162392644e-01 1.820174359183064638e-01 0.000000000000000000e+00
7.691210645508303423e+04 1.822069340939217909e+03 7.764297146633736020e+02 4.517681690928021112e+02 3.019137144805805519e+02 2.186931047964788490e+02 1.670149568775844386e+02 1.323755922674689600e+02 1.078135798340389897e+02 8.962328940360501406e+01 7.567545739386574155e+01 6.467187473370488249e+01 5.578246847689170096e+01 4.845534515889977456e+01 4.231131965531537986e+01 3.708256132786344494e+01 3.257544473252607276e+01 2.864726303345912584e+01 2.519120788736753269e+01 2.212631150259628043e+01 1.939064025489004095e+01 1.693652725589848984e+01 1.472744173404106505e+01 1.273565713459206172e+01 1.094056497013946228e+01 9.327204215973198487e+00 7.884571470072714305e+00 6.603837970448509509e+00 5.476470709785880686e+00 4.492912270312129586e+00 3.642079048636169603e+00 2.911718225060466736e+00 2.289465096726342352e+00 1.760616868903174037e+00 1.286341322707681201e+00 9.283355605712302339e-01 6.324651777329591829e-01 3.798050832931838539e-01 1.693795178217829545e-01 0.000000000000000000e+00
6.057097159606096102e+04 1.448718910652443583e+03 6.236946762769335919e+02 3.664488320932536567e+02 2.471421648942415459e+02 1.805624387358175795e+02 1.390185637961067755e+02 1.110400042106878686e+02 9.110746843352963253e+01 7.627521812980813820e+01 6.484605756090026318e+01 5.578246847689170096e+01 4.841944876658562436e+01 4.231397243781941597e+01 3.716126257748701534e+01 3.274599528540967697e+01 2.891266303689502237e+01 2.554693541736936524e+01 2.256359313544905731e+01 1.989839298704890425e+01 1.750253865584830848e+01 1.533878625626560677e+01 1.337890192742736595e+01 1.160175372182049003e+01 9.991938038675723277e+00 8.538560157682070439e+00 7.233797038457119299e+00 6.071359184342343340e+00 5.044861641491992899e+00 4.146689757354062422e+00 3.367597888384895377e+00 2.697083505766100231e+00 2.124383224921301050e+00 1.636468837982960167e+00 1.198161855031502521e+00 8.660572560233267270e-01 5.908467667906744936e-01 3.553483564763582625e-01 1.587455865909116748e-01 0.000000000000000000e+00
4.821886734505576169e+04 1.164118036901920959e+03 5.061442026534928118e+02 3.001757743661979134e+02 2.042241325511047307e+02 1.504353996223412651e+02 1.167237533015285607e+02 9.392143456137819157e+01 7.760676318327516299e+01 6.541381918632522741e+01 5.597589816309898936e+01 4.845534515889977456e+01 4.231397243781941597e+01 3.719253519768305694e+01 3.284359830636701361e+01 2.909234552950612951e+01 2.581270385399086464e+01 2.291227552233850062e+01 2.032254653669165734e+01 1.799223532481990873e+01 1.588274880699749048e+01 1.396496314242934211e+01 1.221713457973315542e+01 1.062331896444640833e+01 9.172239192910231154e+00 7.856257479522520626e+00 6.670132851537072582e+00 5.609667155497922941e+00 4.670267410688120790e+00 3.845951794923468281e+00 3.129023269349658687e+00 2.510454015000792349e+00 1.980830313989309754e+00 1.528540005396525459e+00 1.121514677753344236e+00 8.119937983056795261e-01 5.547886939898647451e-01 3.342089013232534822e-01 1.495804528368195607e-01 0.000000000000000000e+00
3.872094642056463636e+04 9.436320727567351696e+02 4.142163395859031993e+02 2.478745962253754271e+02 1.700589468104615491e+02 1.262530882279446303e+02 9.868560264685959282e+01 7.996505506303303434e+01 6.651844585668685284e+01 5.642926254708969225e+01 4.858756587359871304e+01 4.231131965531537986e+01 3.716126257748701534e+01 3.284359830636701361e+01 2.915572291707929864e+01 2.595449624224973206e+01 2.313685539232760391e+01 2.062753791359632061e+01 1.837107298054294091e+01 1.632629732337904827e+01 1.446258710204021547e+01 1.275717226255215486e+01 1.119340403470865475e+01 9.759432913110620333e+00 8.447265305501801436e+00 7.251883868186601134e+00 6.170156490999653798e+00 5.199621102193191291e+00 4.337195038237045885e+00 3.578286516175076315e+00 2.916523339646178492e+00 2.344141744257520088e+00 1.852887206811055565e+00 1.432368275749035913e+00 1.053208744329590996e+00 7.638810757899624493e-01 5.227703144418385239e-01 3.154860866343836556e-01 1.414880120871008506e-01 0.000000000000000000e+00
3.131302858455004025e+04 7.704796142404151169e+02 3.413503077574167150e+02 2.060418107521866773e+02 1.424942449535079732e+02 1.065796919835852634e+02 8.389257892893017754e+01 6.843012315390528499e+01 5.728429496518352693e+01 4.889154070207660396e+01 4.234405124777332219e+01 3.708256132786344494e+01 3.274599528540967697e+01 2.909234552950612951e+01 2.595449624224973206e+01 2.321436675688386941e+01 2.078706994566931243e+01 1.861084771979681918e+01 1.664048086811979132e+01 1.484273934805408324e+01 1.319323689252694720e+01 1.167417606683143561e+01 1.027290249007554301e+01 8.980791250572076834e+00 7.792455082033463931e+00 6.704980668913367303e+00 5.716956853656758319e+00 4.827364395539444963e+00 4.034398628523182317e+00 3.334659840297417244e+00 2.722921438318809617e+00 2.192517858907565120e+00 1.736206015572661521e+00 1.344664422002608717e+00 9.908811043601989388e-01 7.200357207280843053e-01 4.936564558538332759e-01 2.985044686242824818e-01 1.341695842425263963e-01 0.000000000000000000e+00
2.546591769359504542e+04 6.329147619981953312e+02 2.829217040282351263e+02 1.721927373093676010e+02 1.199954210174840483e+02 9.038688149668728045e+01 7.161756520429565853e+01 5.878267596335540901e+01 4.950113356612553162e+01 4.248973904105888977e+01 3.700161114678390817e+01 3.257544473252607276e+01 2.891266303689502237e+01 2.581270385399086464e+01 2.313685539232760391e+01 2.078706994566931243e+01 1.869295221922608974e+01 1.680346883876605091e+01 1.508150154371924323e+01 1.350005672355894504e+01 1.203962870101828386e+01 1.068629943944531746e+01 9.430528279521441348e+00 8.266210395357338925e+00 7.190009146775634186e+00 6.200685033075846952e+00 5.298219339259294003e+00 4.482784120982467257e+00 3.753652869084909138e+00 3.108449715752204412e+00 2.542944757576068859e+00 2.051436086925975566e+00 1.627574667607605940e+00 1.262990365506442947e+00 9.327731053083293533e-01 6.791994850532168115e-01 4.665947260139422514e-01 2.827542187595712964e-01 1.273983650269212564e-01 0.000000000000000000e+00
2.080373328869975012e+04 5.225116968844783969e+02 2.355911663836728565e+02 1.445225685645451108e+02 1.014421097291366323e+02 7.692073039004802126e+01 6.132569331076751951e+01 5.062899106252357484e+01 4.287125896280540616e+01 3.699419259030499063e+01 3.238031241752695166e+01 2.864726303345912584e+01 2.554693541736936524e+01 2.291227552233850062e+01 2.062753791359632061e+01 1.861084771979681918e+01 1.680346883876605091e+01 1.516294951021892601e+01 1.365860650073447324e+01 1.226835930010895481e+01 1.097651518548572369e+01 9.772166122249990039e+00 8.648175818051679897e+00 7.600383457660084829e+00 6.627040328033883654e+00 5.728214841417025305e+00 4.904994631493565294e+00 4.158519636743500669e+00 3.488962639436311353e+00 2.894822757559909920e+00 2.372738434287590348e+00 1.917858963412714113e+00 1.524633922851679646e+00 1.185549513868696225e+00 8.775840351087340618e-01 6.404371524403813520e-01 4.409479552758265863e-01 2.678518141469364289e-01 1.210025220196414286e-01 0.000000000000000000e+00
1.705341296660260559e+04 4.330940425985434672e+02 1.968957721617580887e+02 1.216928579366579015e+02 8.599952985169653630e+01 6.561732950391667885e+01 5.261573983328823090e+01 4.367316707317606728e+01 3.717075821162437421e+01 3.223223035104411593e+01 2.834509500566348450e+01 2.519120788736753269e+01 2.256359313544905731e+01 2.032254653669165734e+01 1.837107298054294091e+01 1.664048086811979132e+01 1.508150154371924323e+01 1.365860650073447324e+01 1.234625585707678574e+01 1.112625145952690886e+01 9.985875814085380497e+00 8.916541432063246120e+00 7.912945793633474167e+00 6.972400122907491671e+00 6.094355533803247127e+00 5.279872651429684538e+00 4.530890698261356597e+00 3.849313122387042263e+00 3.236046248923027058e+00 2.690327522859667475e+00 2.209549225291323360e+00 1.789615138540478823e+00 1.425694163835969919e+00 1.111051491315513395e+00 8.243771816753240333e-01 6.030713201909143617e-01 4.162512543631245454e-01 2.535152127662195221e-01 1.148546065402067246e-01 0.000000000000000000e+00
1.401250808453135505e+04 3.600475681136942967e+02 1.649855134519174555e+02 1.026932845667790559e+02 7.303489804219506709e+01 5.604777975431036197e+01 4.518179507568659403e+01 3.768927773186499053e+01 3.222862519903662815e+01 2.807211533128179326e+01 2.479316748577232232e+01 2.212631150259628043e+01 1.989839298704890425e+01 1.799223532481990873e+01 1.632629732337904827e+01 1.484273934805408324e+01 1.350005672355894504e+01 1.226835930010895481e+01 1.112625145952690886e+01 1.005861933967020505e+01 9.055069048461616532e+00 8.108792277868664300e+00 7.215865427895980844e+00 6.374687262933123932e+00 5.585583085831713035e+00 4.850331184471565749e+00 4.171491931314427859e+00 3.551541166735696198e+00 2.991961042871096765e+00 2.492598153843855524e+00 2.051493450912559080e+00 1.665219953675466602e+00 1.329598778171715789e+00 1.038610297363479873e+00 7.725081119609734648e-01 5.666320538103672977e-01 3.921785125111387771e-01 2.395442400888495860e-01 1.088630235095963267e-01 0.000000000000000000e+00
1.152831713122815745e+04 2.998703997143853712e+02 1.384498888641596750e+02 8.675029139859039162e+01 6.206198582002892294e+01 4.788159407414539004e+01 3.878769178774591353e+01 3.250274935602801918e+01 2.791276033607300988e+01 2.441224903563221105e+01 2.164550842236311112e+01 1.939064025489004095e+01 1.750253865584830848e+01 1.588274880699749048e+01 1.446258710204021547e+01 1.319323689252694720e+01 1.203962870101828386e+01 1.097651518548572369e+01 9.985875814085380497e+00 9.055069048461616532e+00 8.175524825236717419e+00 7.341795964640583705e+00 6.550981150907533745e+00 5.802257518148706161e+00 5.096553097261071308e+00 4.436124771067079919e+00 3.823943935099940017e+00 3.262877825044174784e+00 2.754831952520875316e+00 2.300137615837793525e+00 1.897385783999513631e+00 1.543742041081625160e+00 1.235621978248581110e+00 9.676678473679598547e-01 7.215706217740338602e-01 5.308190305405916520e-01 3.685173520594816066e-01 2.258060149584928122e-01 1.029658038715788732e-01 0.000000000000000000e+00
9.484045786046841386e+03 2.498748299518819920e+02 1.162021264974404460e+02 7.326569940300124983e+01 5.270365100319744300e+01 4.086182953993503730e+01 3.324953953022288999e+01 2.797757738799242233e+01 2.412031260146287082e+01 2.117368750444083503e+01 1.884094491004626093e+01 1.693652725589848984e+01 1.533878625626560677e+01 1.396496314242934211e+01 1.275717226255215486e+01 1.167417606683143561e+01 1.068629943944531746e+01 9.772166122249990039e+00 8.916541432063246120e+00 8.108792277868664300e+00 7.341795964640583705e+00 6.611150834879053306e+00 5.914704766210400422e+00 5.252169671390735317e+00 4.624853075581064843e+00 4.035283661308783465e+00 3.486652614348640267e+00 2.982047122883682899e+00 2.523648391363556787e+00 2.112151882731287511e+00 1.746605059607418964e+00 1.424696097818210605e+00 1.143384556787557349e+00 8.979293009765727529e-01 6.713495993665180572e-01 4.954676650918124481e-01 3.451461661434040984e-01 2.122212408764137526e-01 9.712449387407634527e-02 0.000000000000000000e+00
7.789783338260741402e+03 2.079903288366009235e+02 9.740212804949780434e+01 6.177568155938715222e+01 4.466674070937428809e+01 3.478841898909134756e+01 2.842402578016541881e+01 2.400778047460477893e+01 2.077124328323913005e+01 1.829517461539591494e+01 1.633224242419614214e+01 1.472744173404106505e+01 1.337890192742736595e+01 1.221713457973315542e+01 1.119340403470865475e+01 1.027290249007554301e+01 9.430528279521441348e+00 8.648175818051679897e+00 7.912945793633474167e+00 7.215865427895980844e+00 6.550981150907533745e+00 5.914704766210400422e+00 5.305430357597428426e+00 4.723217913066311446e+00 4.169574875911089329e+00 3.647125923009117532e+00 3.159110715523746116e+00 2.708676600373671750e+00 2.298139621796327692e+00 1.928443857547282647e+00 1.599004696093923927e+00 1.307968347991422808e+00 1.052793105592309653e+00 8.293147871161813400e-01 6.217846295455092820e-01 4.605221506531605447e-01 3.220153069423050685e-01 1.987526058191155243e-01 9.131882823979589614e-02 0.000000000000000000e+00
6.376313640975062299e+03 1.726286221000789283e+02 8.140311852084548150e+01 5.192209929172923211e+01 3.772440536233617792e+01 2.950632475550564138e+01 2.420003163916961952e+01 2.051122548880384144e+01 1.780363834044730353e+01 1.572949696029176536e+01 1.408321368580488020e+01 1.273565713459206172e+01 1.160175372182049003e+01 1.062331896444640833e+01 9.759432913110620333e+00 8.980791250572076834e+00 8.266210395357338925e+00 7.600383457660084829e+00 6.972400122907491671e+00 6.374687262933123932e+00 5.802257518148706161e+00 5.252169671390735317e+00 4.723217913066311446e+00 4.215671990544175074e+00 3.731099418881809182e+00 3.272076184047111092e+00 2.841742206250621461e+00 2.443161491121384810e+00 2.078655309140013063e+00 1.749308687448331678e+00 1.454822172572515226e+00 1.193739882981619482e+00 9.639767695464159791e-01 7.619088565025495807e-01 5.729316140817595215e-01 4.260071760012200115e-01 2.991275703575964617e-01 1.853929176686936742e-01 8.554135747103297494e-02 0.000000000000000000e+00
5.190944164162060588e+03 1.425897168042241390e+02 6.771390241217997641e+01 4.343199769349045170e+01 3.170334368005600112e+01 2.489694620710527317e+01 2.049252842299329913e+01 1.742512473665031081e+01 1.517029030316724381e+01 1.344083014637977236e+01 1.206661998381956913e+01 1.094056497013946228e+01 9.991938038675723277e+00 9.172239192910231154e+00 8.447265305501801436e+00 7.792455082033463931e+00 7.190009146775634186e+00 6.627040328033883654e+00 6.094355533803247127e+00 5.585583085831713035e+00 5.096553097261071308e+00 4.624853075581064843e+00 4.169574875911089329e+00 3.731099418881809182e+00 3.310950495830612628e+00 2.911542894177229446e+00 2.535796495115957061e+00 2.186571448255217653e+00 1.866082295432306637e+00 1.575459644253580871e+00 1.314613918614342403e+00 1.082430705547698269e+00 8.772404467655530169e-01 6.959225572772477220e-01 5.249335332592058867e-01 3.920060275283083762e-01 2.765228111303429936e-01 1.721555418403357962e-01 7.979300681013795637e-02 0.000000000000000000e+00
4.194226180000918248e+03 1.169876464322837393e+02 5.596895055020996068e+01 3.610123992467967469e+01 2.647353263819630342e+01 2.087113466611165435e+01 1.723756603938051768e+01 1.470230013868757979e+01 1.283583159970214993e+01 1.140248736604879731e+01 1.026236768312297798e+01 9.327204215973198487e+00 8.538560157682070439e+00 7.856257479522520626e+00 7.251883868186601134e+00 6.704980668913367303e+00 6.200685033075846952e+00 5.728214841417025305e+00 5.279872651429684538e+00 4.850331184471565749e+00 4.436124771067079919e+00 4.035283661308783465e+00 3.647125923009117532e+00 3.272076184047111092e+00 2.911542894177229446e+00 2.567700262070421235e+00 2.243160638752548230e+00 1.940489785473164419e+00 1.661708045295608116e+00 1.407913331639512711e+00 1.179160105377421663e+00 9.746220748984761872e-01 7.930027259863384748e-01 6.316450735041299058e-01 4.779842456607998891e-01 3.586343687949076209e-01 2.542601283030077597e-01 1.590636868672952731e-01 7.407825401612110061e-02 0.000000000000000000e+00
3.357031270599466097e+03 9.517943104459745030e+01 4.589972882453749747e+01 2.977864982182924791e+01 2.193812045848858361e+01 1.736219268412230932e+01 1.438714858037522859e+01 1.230728077602341486e+01 1.077367178557842209e+01 9.594456720719010789e+00 8.655486925656209252e+00 7.884571470072714305e+00 7.233797038457119299e+00 6.670132851537072582e+00 6.170156490999653798e+00 5.716956853656758319e+00 5.298219339259294003e+00 4.904994631493565294e+00 4.530890698261356597e+00 4.171491931314427859e+00 3.823943935099940017e+00 3.486652614348640267e+00 3.159110715523746116e+00 2.841742206250621461e+00 2.535796495115957061e+00 2.243160638752548230e+00 1.966087878288494961e+00 1.706794097532270182e+00 1.467047696265308510e+00 1.247856569510223723e+00 1.049364570128558327e+00 8.709830694272274743e-01 7.117434415215045940e-01 5.694075315198103837e-01 4.323048617457736498e-01 3.260256268411239056e-01 2.324096709797011107e-01 1.461465886597709540e-01 6.840396806414261732e-02 0.000000000000000000e+00
2.657410491129773618e+03 7.668997123139001815e+01 3.730487754341285722e+01 2.434962501367634857e+01 1.802301369637270412e+01 1.431867275075989632e+01 1.190396560749667287e+01 1.021228738051589957e+01 8.962838280246796074e+00 8.000849117554459156e+00 7.234021417579432622e+00 6.603837970448509509e+00 6.071359184342343340e+00 5.609667155497922941e+00 5.199621102193191291e+00 4.827364395539444963e+00 4.482784120982467257e+00 4.158519636743500669e+00 3.849313122387042263e+00 3.551541166735696198e+00 3.262877825044174784e+00 2.982047122883682899e+00 2.708676600373671750e+00 2.443161491121384810e+00 2.186571448255217653e+00 1.940489785473164419e+00 1.706794097532270182e+00 1.487330565322404263e+00 1.283588930086616342e+00 1.096451978902654112e+00 9.261103095623973713e-01 7.721656367490722372e-01 6.339292274022307883e-01 5.095316233753813817e-01 3.881097090917028924e-01 2.943094731823425736e-01 2.110400900639492205e-01 1.334332091564493505e-01 6.277715812670346673e-02 0.000000000000000000e+00
2.077884781344123894e+03 6.114142850748981317e+01 3.002193953449617325e+01 1.972041939585974291e+01 1.466675674382685024e+01 1.169728118205252620e+01 9.756128857186574521e+00 8.393167649454635892e+00 7.384738684887806492e+00 6.607253643674540378e+00 5.986821014012030595e+00 5.476470709785880686e+00 5.044861641491992899e+00 4.670267410688120790e+00 4.337195038237045885e+00 4.034398628523182317e+00 3.753652869084909138e+00 3.488962639436311353e+00 3.236046248923027058e+00 2.991961042871096765e+00 2.754831952520875316e+00 2.523648391363556787e+00 2.298139621796327692e+00 2.078655309140013063e+00 1.866082295432306637e+00 1.661708045295608116e+00 1.467047696265308510e+00 1.283588930086616342e+00 1.112543760523238667e+00 9.546551669611259561e-01 8.101295037604556715e-01 6.787154452336371380e-01 5.599547759415560710e-01 4.522928515147225936e-01 3.455853079071611877e-01 2.636010426400170470e-01 1.902141931721496870e-01 1.209515048542794541e-01 5.720556625310771470e-02 0.000000000000000000e+00
1.603146031545373717e+03 4.819694583872303184e+01 2.390520639794127078e+01 1.580600049108747740e+01 1.181281345193220389e+01 9.457532579675413942e+00 7.913254860510097188e+00 6.826406987514087810e+00 6.020807993038777006e+00 5.398838277454180989e+00 4.901974338425537425e+00 4.492912270312129586e+00 4.146689757354062422e+00 3.845951794923468281e+00 3.578286516175076315e+00 3.334659840297417244e+00 3.108449715752204412e+00 2.894822757559909920e+00 2.690327522859667475e+00 2.492598153843855524e+00 2.300137615837793525e+00 2.112151882731287511e+00 1.928443857547282647e+00 1.749308687448331678e+00 1.575459644253580871e+00 1.407913331639512711e+00 1.247856569510223723e+00 1.096451978902654112e+00 9.546551669611259561e-01 8.230704891371760645e-01 7.018992607560923247e-01 5.909987198965749311e-01 4.900928981427091213e-01 3.978878471497908076e-01 3.048760657091587056e-01 2.339921351511528580e-01 1.699830139590064737e-01 1.087255830612405133e-01 5.169699773504578960e-02 0.000000000000000000e+00
1.218850618094766105e+03 3.753137202900892078e+01 1.881411084791274391e+01 1.252372151635728947e+01 9.405602998149085181e+00 7.559063363989236173e+00 6.344551343691385625e+00 5.487718719926571787e+00 4.851444946548639336e+00 4.359533123657461040e+00 3.966172690015573821e+00 3.642079048636169603e+00 3.367597888384895377e+00 3.129023269349658687e+00 2.916523339646178492e+00 2.722921438318809617e+00 2.542944757576068859e+00 2.372738434287590348e+00 2.209549225291323360e+00 2.051493450912559080e+00 1.897385783999513631e+00 1.746605059607418964e+00 1.599004696093923927e+00 1.454822172572515226e+00 1.314613918614342403e+00 1.179160105377421663e+00 1.049364570128558327e+00 9.261103095623973713e-01 8.101295037604556715e-01 7.018992607560923247e-01 6.016031526693162990e-01 5.091744196576325487e-01 4.244742251358274432e-01 3.464216769287709052e-01 2.661155838422725739e-01 2.055669394471100753e-01 1.503857331587191148e-01 9.677374350384984614e-02 4.625925122007272516e-02 0.000000000000000000e+00
9.113826520562620317e+02 2.882612026621577428e+01 1.461124761094131941e+01 9.792434596028300575e+00 7.390123027861259075e+00 5.961532004121880668e+00 5.018883447121224251e+00 4.352217010943803643e+00 3.856257152082686712e+00 3.472326077464484850e+00 3.165041652926616322e+00 2.911718225060466736e+00 2.697083505766100231e+00 2.510454015000792349e+00 2.344141744257520088e+00 2.192517858907565120e+00 2.051436086925975566e+00 1.917858963412714113e+00 1.789615138540478823e+00 1.665219953675466602e+00 1.543742041081625160e+00 1.424696097818210605e+00 1.307968347991422808e+00 1.193739882981619482e+00 1.082430705547698269e+00 9.746220748984761872e-01 8.709830694272274743e-01 7.721656367490722372e-01 6.787154452336371380e-01 5.909987198965749311e-01 5.091744196576325487e-01 4.332259047258757989e-01 3.631173003051788584e-01 2.979172209260563808e-01 2.290324777899886977e-01 1.781952968882524468e-01 1.314237070908830241e-01 8.511564191845949479e-02 4.089664315578313974e-02 0.000000000000000000e+00
6.682505378653149819e+02 2.178348756028726996e+01 1.116846499802749015e+01 7.536227597655268617e+00 5.714641875588950093e+00 4.626738008369052579e+00 3.906536966213483453e+00 3.395941106248682395e+00 3.015415648989562936e+00 2.720491852072989936e+00 2.484274085217431427e+00 2.289465096726342352e+00 2.124383224921301050e+00 1.980830313989309754e+00 1.852887206811055565e+00 1.736206015572661521e+00 1.627574667607605940e+00 1.524633922851679646e+00 1.425694163835969919e+00 1.329598778171715789e+00 1.235621978248581110e+00 1.143384556787557349e+00 1.052793105592309653e+00 9.639767695464159791e-01 8.772404467655530169e-01 7.930027259863384748e-01 7.117434415215045940e-01 6.339292274022307883e-01 5.599547759415560710e-01 4.900928981427091213e-01 4.244742251358274432e-01 3.631173003051788584e-01 3.061328557478297796e-01 2.523680854143164343e-01 1.892303678354799179e-01 1.495958003522463997e-01 1.128343657852187015e-01 7.385840118688781486e-02 3.558962869240162030e-02 0.000000000000000000e+00
4.772062692891361735e+02 1.610264342526248171e+01 8.354149613887173587e+00 5.675801899178095411e+00 4.324203813162290189e+00 3.513430194273174934e+00 2.974908258291444341e+00 2.592183704426765267e+00 2.306469332842036923e+00 2.084790875122552123e+00 1.907142394004591068e+00 1.760616868903174037e+00 1.636468837982960167e+00 1.528540005396525459e+00 1.432368275749035913e+00 1.344664422002608717e+00 1.262990365506442947e+00 1.185549513868696225e+00 1.111051491315513395e+00 1.038610297363479873e+00 9.676678473679598547e-01 8.979293009765727529e-01 8.293147871161813400e-01 7.619088565025495807e-01 6.959225572772477220e-01 6.316450735041299058e-01 5.694075315198103837e-01 5.095316233753813817e-01 4.522928515147225936e-01 3.978878471497908076e-01 3.464216769287709052e-01 2.979172209260563808e-01 2.523680854143164343e-01 2.094340061733643288e-01 1.660764973555325930e-01 1.298427876046168161e-01 9.577339012262205131e-02 6.253623241701668223e-02 3.043607179348340602e-02 0.000000000000000000e+00
3.159069847242972742e+02 1.121553366275065144e+01 5.905533585186722334e+00 4.045028768318665868e+00 3.098825423694830938e+00 2.528259590013504088e+00 2.147852976865692209e+00 1.876784627306192998e+00 1.674075396135266347e+00 1.516645675368627710e+00 1.390436742277316506e+00 1.286341322707681201e+00 1.198161855031502521e+00 1.121514677753344236e+00 1.053208744329590996e+00 9.908811043601989388e-01 9.327731053083293533e-01 8.775840351087340618e-01 8.243771816753240333e-01 7.725081119609734648e-01 7.215706217740338602e-01 6.713495993665180572e-01 6.217846295455092820e-01 5.729316140817595215e-01 5.249335332592058867e-01 4.779842456607998891e-01 4.323048617457736498e-01 3.881097090917028924e-01 3.455853079071611877e-01 3.048760657091587056e-01 2.661155838422725739e-01 2.290324777899886977e-01 1.892303678354799179e-01 1.660764973555325930e-01 4.077248247453924002e-01 2.480186174468901050e-01 9.517637600382541918e-02 4.525616410938690382e-02 2.669496827892169424e-02 0.000000000000000000e+00
2.101146338226611761e+02 7.799232576206535761e+00 4.156917973767357388e+00 2.865988968926984626e+00 2.205131237046139336e+00 1.804836560121617417e+00 1.537060318299384054e+00 1.345794062979493555e+00 1.202540309042538613e+00 1.091197560921053578e+00 1.001927185660731023e+00 9.283355605712302339e-01 8.660572560233267270e-01 8.119937983056795261e-01 7.638810757899624493e-01 7.200357207280843053e-01 6.791994850532168115e-01 6.404371524403813520e-01 6.030713201909143617e-01 5.666320538103672977e-01 5.308190305405916520e-01 4.954676650918124481e-01 4.605221506531605447e-01 4.260071760012200115e-01 3.920060275283083762e-01 3.586343687949076209e-01 3.260256268411239056e-01 2.943094731823425736e-01 2.636010426400170470e-01 2.339921351511528580e-01 2.055669394471100753e-01 1.781952968882524468e-01 1.495958003522463997e-01 1.298427876046168161e-01 2.480186174468901050e-01 1.575720292344494067e-01 7.083549080202057591e-02 3.775669077845353327e-02 2.095938278321601497e-02 0.000000000000000000e+00
1.323829711452247864e+02 5.144114542437662863e+00 2.772511216130767231e+00 1.922601236531892743e+00 1.484845853832579499e+00 1.218589004157548450e+00 1.039926446192445564e+00 9.120326316523243992e-01 8.161123037641547784e-01 7.415156863270615517e-01 6.817174352474926202e-01 6.324651777329591829e-01 5.908467667906744936e-01 5.547886939898647451e-01 5.227703144418385239e-01 4.936564558538332759e-01 4.665947260139422514e-01 4.409479552758265863e-01 4.162512543631245454e-01 3.921785125111387771e-01 3.685173520594816066e-01 3.451461661434040984e-01 3.220153069423050685e-01 2.991275703575964617e-01 2.765228111303429936e-01 2.542601283030077597e-01 2.324096709797011107e-01 2.110400900639492205e-01 1.902141931721496870e-01 1.699830139590064737e-01 1.503857331587191148e-01 1.314237070908830241e-01 1.128343657852187015e-01 9.577339012262205131e-02 9.517637600382541918e-02 7.083549080202057591e-02 4.730742603407384061e-02 3.033156696240407388e-02 1.529249907459509158e-02 0.000000000000000000e+00
7.235408905433860127e+01 2.983062872698570622e+00 1.627941646391303010e+00 1.135887041473549131e+00 8.807165432378201153e-01 7.248216538304049772e-01 6.198747406951786720e-01 5.445828783227878445e-01 4.880409582139018654e-01 4.440505206606502053e-01 4.088020259162392644e-01 3.798050832931838539e-01 3.553483564763582625e-01 3.342089013232534822e-01 3.154860866343836556e-01 2.985044686242824818e-01 2.827542187595712964e-01 2.678518141469364289e-01 2.535152127662195221e-01 2.395442400888495860e-01 2.258060149584928122e-01 2.122212408764137526e-01 1.987526058191155243e-01 1.853929176686936742e-01 1.721555418403357962e-01 1.590636868672952731e-01 1.461465886597709540e-01 1.334332091564493505e-01 1.209515048542794541e-01 1.087255830612405133e-01 9.677374350384984614e-02 8.511564191845949479e-02 7.385840118688781486e-02 6.253623241701668223e-02 4.525616410938690382e-02 3.775669077845353327e-02 3.033156696240407388e-02 2.067396324221318360e-02 1.016412121566863218e-02 0.000000000000000000e+00
2.865773994827566895e+01 1.279072516221845257e+00 7.082290957127880260e-01 4.975612146704370686e-01 3.874459790094151312e-01 3.198368732451642438e-01 2.741628020891139217e-01 2.413187729613005261e-01 2.166230781958336238e-01 1.974050314498873027e-01 1.820174359183064638e-01 1.693795178217829545e-01 1.587455865909116748e-01 1.495804528368195607e-01 1.414880120871008506e-01 1.341695842425263963e-01 1.273983650269212564e-01 1.210025220196414286e-01 1.148546065402067246e-01 1.088630235095963267e-01 1.029658038715788732e-01 9.712449387407634527e-02 9.131882823979589614e-02 8.554135747103297494e-02 7.979300681013795637e-02 7.407825401612110061e-02 6.840396806414261732e-02 6.277715812670346673e-02 5.720556625310771470e-02 5.169699773504578960e-02 4.625925122007272516e-02 4.089664315578313974e-02 3.558962869240162030e-02 3.043607179348340602e-02 2.669496827892169424e-02 2.095938278321601497e-02 1.529249907459509158e-02 1.016412121566863218e-02 5.124639907394474073e-03 0.000000000000000000e+00
0.000000000000000000e+00 0.000000000000000000e+00 0.000000000000000000e+00 0.000000000000000000e+00 0.000000000000000000e+00 0.000000000000000000e+00 0.000000000000000000e+00 0.000000000000000000e+00 0.000000000000000000e+00 0.000000000000000000e+00 0.000000000000000000e+00 0.000000000000000000e+00 0.000000000000000000e+00 0.000000000000000000e+00 0.000000000000000000e+00 0.000000000000000000e+00 0.000000000000000000e+00 0.000000000000000000e+00 0.000000000000000000e+00 0.000000000000000000e+00 0.000000000000000000e+00 0.000000000000000000e+00 0.000000000000000000e+00 0.000000000000000000e+00 0.000000000000000000e+00 0.000000000000000000e+00 0.000000000000000000e+00 0.000000000000000000e+00 0.000000000000000000e+00 0.000000000000000000e+00 0.000000000000000000e+00 0.000000000000000000e+00 0.000000000000000000e+00 0.000000000000000000e+00 0.000000000000000000e+00 0.000000000000000000e+00 0.000000000000000000e+00 0.000000000000000000e+00 0.000000000000000000e+00 0.000000000000000000e+00
