1.540967093964207557e-01 1.481369039182555969e-01 1.440904186151538147e-01 1.405104896875824794e-01 1.377256152345059381e-01 1.350147742594897393e-01 1.322072008014564259e-01 1.294370290781541866e-01 1.268744371806903026e-01 1.244260639258452233e-01 1.215149954365662283e-01 1.186756720401368204e-01 1.159048725089937004e-01 1.130912469706055329e-01 1.103110114361645633e-01 1.075336716716586566e-01 1.047396691475951241e-01 1.019135650604701820e-01 9.905629606396992859e-02 9.617252491851936702e-02 9.326765185228939881e-02 9.034507037148976905e-02 8.749647738738414171e-02 8.438896847094341791e-02 8.129423542041475104e-02 7.824890835889986018e-02 7.507730406686120850e-02 7.194203383402444918e-02 6.881745211007188334e-02 6.571659636196927612e-02 6.265946556076680551e-02 5.966773914210473512e-02 5.675755629108811262e-02 5.391652799588385336e-02 5.118690382297044761e-02 4.851062180094038723e-02 4.590403973176262337e-02 4.336584423031254049e-02 4.090448069836785661e-02 3.850079604888079904e-02
1.481369039182555969e-01 1.469399787692954318e-01 1.437028640719940908e-01 1.406435280017790945e-01 1.382567944020375861e-01 1.359001411797438885e-01 1.333829290393938327e-01 1.308269089577568656e-01 1.284386213401105814e-01 1.260783730418473247e-01 1.231976599463189131e-01 1.203402086614406841e-01 1.175170388491519474e-01 1.146175499419297972e-01 1.117216720261681173e-01 1.088021961833905427e-01 1.058430025930633678e-01 1.028329013293880767e-01 9.977944528058743656e-02 9.669148127738952381e-02 9.357695300858895338e-02 9.044119672596862003e-02 8.737631321472184853e-02 8.405006955261162815e-02 8.073889741913282958e-02 7.748852460886875015e-02 7.412870467801010999e-02 7.082438756598988250e-02 6.755196225636805885e-02 6.432468362234668169e-02 6.116090284602555827e-02 5.807929145521803505e-02 5.509264012936838234e-02 5.220191749447983948e-02 4.941624221739541328e-02 4.672262986502027232e-02 4.411906729853815046e-02 4.159738930315044769e-02 3.915032150171537245e-02 3.677094625893120167e-02
1.440904186151538147e-01 1.437028640719940908e-01 1.423920148403781116e-01 1.400179372095480823e-01 1.381334202068113803e-01 1.361691647435858687e-01 1.339608064045504920e-01 1.316322513674673123e-01 1.294275182868193097e-01 1.271976959658340511e-01 1.244063868947510448e-01 1.215815820466661229e-01 1.187577401244224173e-01 1.158172959404097785e-01 1.128500615188674089e-01 1.098322503957212815e-01 1.067511180911809021e-01 1.035992639042935121e-01 1.003898654356547154e-01 9.713531713774568865e-02 9.384634641367513297e-02 9.053206523155044039e-02 8.728646382308473395e-02 8.378420710533777960e-02 8.030324403644656384e-02 7.689248153107378081e-02 7.338465544830236054e-02 6.994606859642032992e-02 6.655416418472610840e-02 6.322247285956607288e-02 5.996873774308084798e-02 5.681067007618627318e-02 5.376083889825074291e-02 5.082156648835970542e-02 4.800074076713007482e-02 4.528725813106740383e-02 4.267766292381022092e-02 4.016233886318294755e-02 3.773097137456363909e-02 3.537405129121866387e-02
1.405104896875824794e-01 1.406435280017790945e-01 1.400179372095480823e-01 1.387571394731168528e-01 1.376285702003809674e-01 1.361260210969902351e-01 1.342587117589293388e-01 1.321848431045079819e-01 1.301990467235263904e-01 1.281396664842295030e-01 1.254479042283275503e-01 1.226787125441645976e-01 1.198816392846740186e-01 1.169287584147364611e-01 1.139204668880455379e-01 1.108357875708227136e-01 1.076646882657356641e-01 1.044028641591122353e-01 1.010688014014243102e-01 9.767795821255237376e-02 9.424347134603915099e-02 9.077825693607438629e-02 8.737883240127153339e-02 8.372605851052729309e-02 8.009908026863360453e-02 7.654874084587949545e-02 7.290954399709215217e-02 6.934938125046097301e-02 6.584675034837975116e-02 6.241575183276010935e-02 5.907405164645627982e-02 5.583900118504622756e-02 5.272323094780707181e-02 4.973015854426403315e-02 4.686679254321958477e-02 4.412320263566629763e-02 4.149465991974203571e-02 3.897021900961950003e-02 3.653717970328920761e-02 3.418394065928850173e-02
1.377256152345059381e-01 1.382567944020375861e-01 1.381334202068113803e-01 1.376285702003809674e-01 1.374384415381762203e-01 1.363901539181238964e-01 1.347860136964662281e-01 1.329140731204841164e-01 1.311213617720506097e-01 1.292240335697330267e-01 1.266162149706896722e-01 1.239003394758377979e-01 1.211356842461317612e-01 1.181804117542061550e-01 1.151451465405370772e-01 1.120105360190441074e-01 1.087681322133869088e-01 1.054157248927522772e-01 1.019766736014847824e-01 9.846898977628766592e-02 9.490767024799505458e-02 9.130876985473566909e-02 8.777073358440483364e-02 8.397900207631567304e-02 8.021420469897985739e-02 7.652939352660703687e-02 7.276083152988538361e-02 6.907847692842788989e-02 6.546201033502799249e-02 6.192634152735457947e-02 5.848941288233211466e-02 5.516858899067322158e-02 5.197679781580322872e-02 4.891853905076774811e-02 4.600017363773948459e-02 4.321251783051472534e-02 4.054940512518751677e-02 3.799830748356738258e-02 3.554428281947798890e-02 3.317402593590131066e-02
1.350147742594897393e-01 1.359001411797438885e-01 1.361691647435858687e-01 1.361260210969902351e-01 1.363901539181238964e-01 1.360738421979423018e-01 1.348702324770995886e-01 1.332160406512770401e-01 1.316427298586149985e-01 1.299414834665552632e-01 1.274368603357038110e-01 1.248017989395266980e-01 1.221014344217365016e-01 1.191769186345519871e-01 1.161492888216777430e-01 1.129999346246331610e-01 1.097210841334930465e-01 1.063118485632270488e-01 1.028003165153192067e-01 9.920682774228037348e-02 9.554796137962810743e-02 9.184262717163628464e-02 8.819121088661686925e-02 8.428218592487835004e-02 8.039836875500645796e-02 7.659517846266522545e-02 7.271006124927369141e-02 6.891556736237026970e-02 6.519245939784569510e-02 6.155651991345413576e-02 5.802609343273716636e-02 5.461872782111932417e-02 5.134776783435134745e-02 4.821876335803675084e-02 4.523778175410919644e-02 4.239687454949562367e-02 3.968944668892045863e-02 3.710243036826632590e-02 3.461910290220925057e-02 3.222325767802677182e-02
1.322072008014564259e-01 1.333829290393938327e-01 1.339608064045504920e-01 1.342587117589293388e-01 1.347860136964662281e-01 1.348702324770995886e-01 1.343400168613705647e-01 1.329978767395399997e-01 1.316921838782262322e-01 1.302359370193527655e-01 1.278581543133453791e-01 1.253360424487122704e-01 1.227359442929470690e-01 1.198784994007015686e-01 1.168956625952704970e-01 1.137687087159803268e-01 1.104896688862754550e-01 1.070582030684501529e-01 1.035070672411986248e-01 9.985871588448536063e-02 9.613104727387869475e-02 9.234557040917577841e-02 8.860470255388160077e-02 8.459838290881024903e-02 8.061238883072326111e-02 7.670469163079918218e-02 7.271322347253378338e-02 6.881368779222557519e-02 6.498782793184834650e-02 6.125236201046802692e-02 5.762614013081584358e-02 5.412702887309232824e-02 5.076886151181349977e-02 4.755819353908747465e-02 4.450103390809921622e-02 4.159111585861686999e-02 3.882235289950516921e-02 3.618251468372811475e-02 3.365511418864104709e-02 3.122416201662076701e-02
1.294370290781541866e-01 1.308269089577568656e-01 1.316322513674673123e-01 1.321848431045079819e-01 1.329140731204841164e-01 1.332160406512770401e-01 1.329978767395399997e-01 1.322063230116174715e-01 1.312955857513241065e-01 1.301598994783531027e-01 1.279312605138752390e-01 1.255576030286664757e-01 1.230982531880591008e-01 1.203486428263983582e-01 1.174524747288410165e-01 1.143899273683942064e-01 1.111519267830126806e-01 1.077378787199399085e-01 1.041851687034436869e-01 1.005181346656470048e-01 9.675570125273715016e-02 9.292169750153486674e-02 8.912064005329686789e-02 8.504238279958735436e-02 8.097640405315024992e-02 7.698343164829393737e-02 7.290118968871674154e-02 6.890911441642115498e-02 6.498992059400296450e-02 6.116142963148484685e-02 5.744323045253090648e-02 5.385372689479504815e-02 5.040741877368896950e-02 4.711202245439232578e-02 4.397360465577902083e-02 4.098760545922074117e-02 3.814834565956057993e-02 3.544433415413607985e-02 3.285955566352937590e-02 3.037902993237679566e-02
1.268744371806903026e-01 1.284386213401105814e-01 1.294275182868193097e-01 1.301990467235263904e-01 1.311213617720506097e-01 1.316427298586149985e-01 1.316921838782262322e-01 1.312955857513241065e-01 1.308520900311415103e-01 1.301063208634211654e-01 1.279569648091865297e-01 1.257154900502879258e-01 1.234005219226405187e-01 1.207700675080347341e-01 1.179786324116087054e-01 1.150027774566974581e-01 1.118304528196640973e-01 1.084593656462904537e-01 1.049311225844827972e-01 1.012714006077298640e-01 9.749957929253662281e-02 9.364130634853931601e-02 8.980306128446051417e-02 8.567289993115161095e-02 8.154453257782401376e-02 7.748150680516743827e-02 7.332048439613651769e-02 6.924504245738732910e-02 6.523871316321273872e-02 6.132045867986953003e-02 5.751071176416026193e-02 5.382853178684425532e-02 5.028916616398499545e-02 4.690152954929835416e-02 4.367187145975285484e-02 4.059729659763886001e-02 3.767253217464789500e-02 3.488668661278575278e-02 3.222392035849271086e-02 2.966948874603674707e-02
1.244260639258452233e-01 1.260783730418473247e-01 1.271976959658340511e-01 1.281396664842295030e-01 1.292240335697330267e-01 1.299414834665552632e-01 1.302359370193527655e-01 1.301598994783531027e-01 1.301063208634211654e-01 1.301829789289949968e-01 1.277752871213397867e-01 1.256348347368902996e-01 1.234658045412161120e-01 1.209653044083539575e-01 1.182980395933478784e-01 1.154338237789587773e-01 1.123555823449408908e-01 1.090577786215387451e-01 1.055858468486894769e-01 1.019661502670337339e-01 9.821777585656309151e-02 9.436754900088806242e-02 9.052367659926577326e-02 8.637046849702320617e-02 8.220643199651031519e-02 7.809800791307104639e-02 7.387981524721054516e-02 6.974004041467567194e-02 6.566285160137519394e-02 6.166838716965239442e-02 5.777803652065114509e-02 5.401165076454039760e-02 5.038534260870113080e-02 4.690931640856811635e-02 4.359020916759027281e-02 4.042691876075965585e-02 3.741479928840332064e-02 3.454376231942610925e-02 3.179837336456207975e-02 2.916426362512754972e-02
1.215149954365662283e-01 1.231976599463189131e-01 1.244063868947510448e-01 1.254479042283275503e-01 1.266162149706896722e-01 1.274368603357038110e-01 1.278581543133453791e-01 1.279312605138752390e-01 1.279569648091865297e-01 1.277752871213397867e-01 1.265666870890005957e-01 1.245421731622176897e-01 1.226479676269135316e-01 1.203838662386780556e-01 1.179386522534363602e-01 1.152773236341867319e-01 1.123787845949656139e-01 1.092346178199850720e-01 1.058951917765539319e-01 1.023878858463279917e-01 9.873147242855608019e-02 9.495391728442793833e-02 9.116556372241427231e-02 8.704485621351232272e-02 8.289648313252935552e-02 7.879026363169515379e-02 7.455764773817860624e-02 7.039242729402855892e-02 6.627929665216261701e-02 6.223971490237142218e-02 5.829623027220449255e-02 5.446968306419204542e-02 5.077720313601627455e-02 4.723051758766009384e-02 4.383673309205332602e-02 4.059705063198672942e-02 3.750771021975840558e-02 3.455977153294751553e-02 3.173862283994411532e-02 2.903084803478283779e-02
1.186756720401368204e-01 1.203402086614406841e-01 1.215815820466661229e-01 1.226787125441645976e-01 1.239003394758377979e-01 1.248017989395266980e-01 1.253360424487122704e-01 1.255576030286664757e-01 1.257154900502879258e-01 1.256348347368902996e-01 1.245421731622176897e-01 1.231094635182493624e-01 1.214963201109023061e-01 1.194654267494293931e-01 1.172514426769862284e-01 1.148089453682105826e-01 1.121103706870180822e-01 1.091427837870140721e-01 1.059617058676186330e-01 1.025952088995074618e-01 9.906115369556339756e-02 9.538809659568295296e-02 9.168831915248115694e-02 8.763195991039909871e-02 8.353046574390469992e-02 7.945684025129268191e-02 7.523790184663349534e-02 7.107331693133160655e-02 6.694781210497512125e-02 6.288396018259824471e-02 5.890537628260933412e-02 5.503385569181779013e-02 5.128754064874071344e-02 4.767967197226885556e-02 4.421799541168975473e-02 4.090610466623206820e-02 3.774137235099812165e-02 3.471625355786806671e-02 3.181725688130771640e-02 2.903217027018898180e-02
1.159048725089937004e-01 1.175170388491519474e-01 1.187577401244224173e-01 1.198816392846740186e-01 1.211356842461317612e-01 1.221014344217365016e-01 1.227359442929470690e-01 1.230982531880591008e-01 1.234005219226405187e-01 1.234658045412161120e-01 1.226479676269135316e-01 1.214963201109023061e-01 1.202436411718611348e-01 1.184291599211122065e-01 1.164591505419195483e-01 1.142586429264929454e-01 1.117881068986716075e-01 1.090271892944178478e-01 1.060363375475910919e-01 1.028435383670649739e-01 9.946478627290292196e-02 9.592854964580382893e-02 9.234896699941634590e-02 8.838534020816664338e-02 8.435700953703326177e-02 8.034033197021538120e-02 7.615625769872196027e-02 7.201102395800250411e-02 6.788913570705461253e-02 6.381427494898081476e-02 5.981118866551474178e-02 5.590271004923811488e-02 5.210806507014339312e-02 4.844206839637026779e-02 4.491330507060144195e-02 4.152789092923998143e-02 3.828458650491994159e-02 3.517748483034655038e-02 3.219449554740017039e-02 2.932483897499581216e-02
1.130912469706055329e-01 1.146175499419297972e-01 1.158172959404097785e-01 1.169287584147364611e-01 1.181804117542061550e-01 1.191769186345519871e-01 1.198784994007015686e-01 1.203486428263983582e-01 1.207700675080347341e-01 1.209653044083539575e-01 1.203838662386780556e-01 1.194654267494293931e-01 1.184291599211122065e-01 1.169492200568785778e-01 1.152767699639261484e-01 1.133630454431419493e-01 1.111633477333524578e-01 1.086503941225668152e-01 1.058914543140982573e-01 1.029146299630204903e-01 9.973352750596674310e-02 9.637611628441232481e-02 9.295853934877081060e-02 8.912627661036875981e-02 8.520805332470862692e-02 8.128369253235510905e-02 7.716672411886799088e-02 7.307071565341934083e-02 6.897954257744730311e-02 6.491789556863807042e-02 6.091162885070480065e-02 5.698461854556772371e-02 5.315718635819388638e-02 4.944575873880929090e-02 4.585989601110163766e-02 4.240842247613195448e-02 3.909172372646957383e-02 3.590577747058251029e-02 3.284018560940234893e-02 2.988588332585558408e-02
1.103110114361645633e-01 1.117216720261681173e-01 1.128500615188674089e-01 1.139204668880455379e-01 1.151451465405370772e-01 1.161492888216777430e-01 1.168956625952704970e-01 1.174524747288410165e-01 1.179786324116087054e-01 1.182980395933478784e-01 1.179386522534363602e-01 1.172514426769862284e-01 1.164591505419195483e-01 1.152767699639261484e-01 1.138996154924758475e-01 1.122837152425891216e-01 1.103725302061592389e-01 1.081282569149008554e-01 1.056258329367341792e-01 1.028929063820148149e-01 9.993954762922770130e-02 9.679244811452777930e-02 9.356974251602916126e-02 8.989947623658595122e-02 8.612149072653633997e-02 8.231904871114234523e-02 7.829647236345861627e-02 7.427541510578780648e-02 7.023859821626929345e-02 6.621152539352377631e-02 6.222104984163712854e-02 5.829202121740316433e-02 5.444581121350082487e-02 5.070043491767425164e-02 4.706656310070938404e-02 4.355582910314961809e-02 4.017046436300146517e-02 3.690854521456103654e-02 3.376162597159453049e-02 3.072258213624609949e-02
1.075336716716586566e-01 1.088021961833905427e-01 1.098322503957212815e-01 1.108357875708227136e-01 1.120105360190441074e-01 1.129999346246331610e-01 1.137687087159803268e-01 1.143899273683942064e-01 1.150027774566974581e-01 1.154338237789587773e-01 1.152773236341867319e-01 1.148089453682105826e-01 1.142586429264929454e-01 1.133630454431419493e-01 1.122837152425891216e-01 1.109764866753998602e-01 1.093703967483848905e-01 1.074151494471924789e-01 1.051939467086290547e-01 1.027332347900277026e-01 1.000383749522813781e-01 9.713407560786030404e-02 9.414066690544770077e-02 9.066440566176554861e-02 8.705864175757238588e-02 8.341004776290884826e-02 7.951167183064992983e-02 7.559418323950356511e-02 7.163853179484615252e-02 6.767078756810128437e-02 6.371864197954647813e-02 5.980779829045130419e-02 5.596059060321093015e-02 5.219657255032734977e-02 4.852763040174098291e-02 4.496830233552195216e-02 4.152286517616531752e-02 3.819168802338153423e-02 3.496852168211270206e-02 3.184840454677841104e-02
1.047396691475951241e-01 1.058430025930633678e-01 1.067511180911809021e-01 1.076646882657356641e-01 1.087681322133869088e-01 1.097210841334930465e-01 1.104896688862754550e-01 1.111519267830126806e-01 1.118304528196640973e-01 1.123555823449408908e-01 1.123787845949656139e-01 1.121103706870180822e-01 1.117881068986716075e-01 1.111633477333524578e-01 1.103725302061592389e-01 1.093703967483848905e-01 1.080773856312153974e-01 1.064348588004457169e-01 1.045253037262024870e-01 1.023699070009864293e-01 9.996821568256672452e-02 9.734265976782677243e-02 9.461651356195964480e-02 9.136896013283797580e-02 8.797032067616042394e-02 8.451072784007254701e-02 8.076957853428887169e-02 7.698776324690168038e-02 7.314376310484205224e-02 6.926393478907846846e-02 6.537660706183665016e-02 6.150817121053267500e-02 5.768179539115671217e-02 5.391849356527771142e-02 5.023143712882264383e-02 4.663815745355157083e-02 4.314514858284283771e-02 3.975524005316155574e-02 3.646460182133972466e-02 3.327065305933384759e-02
1.019135650604701820e-01 1.028329013293880767e-01 1.035992639042935121e-01 1.044028641591122353e-01 1.054157248927522772e-01 1.063118485632270488e-01 1.070582030684501529e-01 1.077378787199399085e-01 1.084593656462904537e-01 1.090577786215387451e-01 1.092346178199850720e-01 1.091427837870140721e-01 1.090271892944178478e-01 1.086503941225668152e-01 1.081282569149008554e-01 1.074151494471924789e-01 1.064348588004457169e-01 1.051294966641520834e-01 1.035646556121399275e-01 1.017498687481507569e-01 9.967786810419981824e-02 9.736876270077071682e-02 9.495010313501260624e-02 9.196711208042927799e-02 8.881210393814453763e-02 8.557878623621995029e-02 8.203005748571361166e-02 7.841860202432504590e-02 7.471962297970835554e-02 7.095944390521534417e-02 6.716678476586764035e-02 6.336850859728283825e-02 5.958844168375651562e-02 5.584894398328407727e-02 5.216449902463292376e-02 4.855570421690743460e-02 4.503140824752161625e-02 4.159703668543394961e-02 3.825137674814355071e-02 3.499443959728861658e-02
9.905629606396992859e-02 9.977944528058743656e-02 1.003898654356547154e-01 1.010688014014243102e-01 1.019766736014847824e-01 1.028003165153192067e-01 1.035070672411986248e-01 1.041851687034436869e-01 1.049311225844827972e-01 1.055858468486894769e-01 1.058951917765539319e-01 1.059617058676186330e-01 1.060363375475910919e-01 1.058914543140982573e-01 1.056258329367341792e-01 1.051939467086290547e-01 1.045253037262024870e-01 1.035646556121399275e-01 1.023589678450730206e-01 1.009050041714629337e-01 9.918772761968384921e-02 9.722385384947962450e-02 9.514653196587632977e-02 9.245693723875009207e-02 8.957662947755420935e-02 8.660285941055717585e-02 8.327837089904144285e-02 7.986960473942569805e-02 7.634745903164745495e-02 7.273780862153290949e-02 6.906943244241210700e-02 6.536936975078770640e-02 6.166185733092346966e-02 5.797042424607995459e-02 5.431084733986329266e-02 5.070681570976892649e-02 4.716963231333008016e-02 4.370741828547247687e-02 4.032175181579166628e-02 3.701543313005170588e-02
9.617252491851936702e-02 9.669148127738952381e-02 9.713531713774568865e-02 9.767795821255237376e-02 9.846898977628766592e-02 9.920682774228037348e-02 9.985871588448536063e-02 1.005181346656470048e-01 1.012714006077298640e-01 1.019661502670337339e-01 1.023878858463279917e-01 1.025952088995074618e-01 1.028435383670649739e-01 1.029146299630204903e-01 1.028929063820148149e-01 1.027332347900277026e-01 1.023699070009864293e-01 1.017498687481507569e-01 1.009050041714629337e-01 9.982195903520557634e-02 9.847843685588476836e-02 9.688494138831514613e-02 9.518178819588452022e-02 9.281036681798755794e-02 9.023320193247345855e-02 8.755091645696809477e-02 8.448129573505110124e-02 8.130718666186888266e-02 7.799391546349640492e-02 7.456642626407880559e-02 7.105316501208194802e-02 6.748099107075722358e-02 6.387424445484782276e-02 6.025739504226465537e-02 5.664744381026999565e-02 5.307116564059507352e-02 4.954237621601968039e-02 4.607195472410126336e-02 4.266441745049989048e-02 3.932554737641907189e-02
9.326765185228939881e-02 9.357695300858895338e-02 9.384634641367513297e-02 9.424347134603915099e-02 9.490767024799505458e-02 9.554796137962810743e-02 9.613104727387869475e-02 9.675570125273715016e-02 9.749957929253662281e-02 9.821777585656309151e-02 9.873147242855608019e-02 9.906115369556339756e-02 9.946478627290292196e-02 9.973352750596674310e-02 9.993954762922770130e-02 1.000383749522813781e-01 9.996821568256672452e-02 9.967786810419981824e-02 9.918772761968384921e-02 9.847843685588476836e-02 9.752245023551370240e-02 9.632126021359484203e-02 9.502692817712692086e-02 9.299296154332759023e-02 9.074452475054275991e-02 8.838472694335293423e-02 8.559958318071819727e-02 8.269203322284675306e-02 7.962019564061395549e-02 7.640752093169866921e-02 7.308166973903033881e-02 6.966890635170988610e-02 6.619330778836544915e-02 6.268000611904371577e-02 5.914710157503858673e-02 5.562442160187008183e-02 5.212830792079212183e-02 4.867242030817200277e-02 4.526433377184341939e-02 4.191300520255430290e-02
9.034507037148976905e-02 9.044119672596862003e-02 9.053206523155044039e-02 9.077825693607438629e-02 9.130876985473566909e-02 9.184262717163628464e-02 9.234557040917577841e-02 9.292169750153486674e-02 9.364130634853931601e-02 9.436754900088806242e-02 9.495391728442793833e-02 9.538809659568295296e-02 9.592854964580382893e-02 9.637611628441232481e-02 9.679244811452777930e-02 9.713407560786030404e-02 9.734265976782677243e-02 9.736876270077071682e-02 9.722385384947962450e-02 9.688494138831514613e-02 9.632126021359484203e-02 9.552747994541177512e-02 9.468409401536305448e-02 9.299074638634780010e-02 9.108869633580801706e-02 8.907880037877005663e-02 8.660423646791970409e-02 8.399324106487621178e-02 8.119436966418314139e-02 7.822884282497730157e-02 7.512297832318624857e-02 7.190194546120549923e-02 6.858911634488759623e-02 6.520994339411968765e-02 6.178343837663899385e-02 5.834241054908743951e-02 5.490569157064253275e-02 5.148970109086490471e-02 4.810516508570208960e-02 4.476440407279423661e-02
8.749647738738414171e-02 8.737631321472184853e-02 8.728646382308473395e-02 8.737883240127153339e-02 8.777073358440483364e-02 8.819121088661686925e-02 8.860470255388160077e-02 8.912064005329686789e-02 8.980306128446051417e-02 9.052367659926577326e-02 9.116556372241427231e-02 9.168831915248115694e-02 9.234896699941634590e-02 9.295853934877081060e-02 9.356974251602916126e-02 9.414066690544770077e-02 9.461651356195964480e-02 9.495010313501260624e-02 9.514653196587632977e-02 9.518178819588452022e-02 9.502692817712692086e-02 9.468409401536305448e-02 9.448776765903146857e-02 9.298269757560290172e-02 9.138960872591118945e-02 8.972704777390126674e-02 8.756537922403032081e-02 8.526318729294264653e-02 8.275446922171281194e-02 8.005648990177254010e-02 7.719310445685691191e-02 7.418752405474692002e-02 7.106172005111439927e-02 6.784092942486065481e-02 6.454477005864277250e-02 6.120882195656095898e-02 5.785428960731909404e-02 5.450025438747239936e-02 5.116062849760921738e-02 4.785123525364647079e-02
8.438896847094341791e-02 8.405006955261162815e-02 8.378420710533777960e-02 8.372605851052729309e-02 8.397900207631567304e-02 8.428218592487835004e-02 8.459838290881024903e-02 8.504238279958735436e-02 8.567289993115161095e-02 8.637046849702320617e-02 8.704485621351232272e-02 8.763195991039909871e-02 8.838534020816664338e-02 8.912627661036875981e-02 8.989947623658595122e-02 9.066440566176554861e-02 9.136896013283797580e-02 9.196711208042927799e-02 9.245693723875009207e-02 9.281036681798755794e-02 9.299296154332759023e-02 9.299074638634780010e-02 9.298269757560290172e-02 9.217518460093053478e-02 9.101204675479579453e-02 8.979992300415838569e-02 8.802630473924938359e-02 8.610635005337574643e-02 8.395763459274718787e-02 8.159436096160359309e-02 7.903836947612442876e-02 7.631101371732497418e-02 7.343277130587748391e-02 7.042857233459223765e-02 6.731845605240616148e-02 6.414095574762879171e-02 6.091959018342745641e-02 5.767608722837244684e-02 5.442765815853330830e-02 5.119397262549373051e-02
8.129423542041475104e-02 8.073889741913282958e-02 8.030324403644656384e-02 8.009908026863360453e-02 8.021420469897985739e-02 8.039836875500645796e-02 8.061238883072326111e-02 8.097640405315024992e-02 8.154453257782401376e-02 8.220643199651031519e-02 8.289648313252935552e-02 8.353046574390469992e-02 8.435700953703326177e-02 8.520805332470862692e-02 8.612149072653633997e-02 8.705864175757238588e-02 8.797032067616042394e-02 8.881210393814453763e-02 8.957662947755420935e-02 9.023320193247345855e-02 9.074452475054275991e-02 9.108869633580801706e-02 9.138960872591118945e-02 9.101204675479579453e-02 9.037043958118820552e-02 8.964902985669213897e-02 8.826875040407704265e-02 8.675331520558655918e-02 8.499185777592671576e-02 8.299385644231668802e-02 8.077818344294533659e-02 7.836356287501010376e-02 7.576830575493981312e-02 7.301650853281890785e-02 7.012824833427069859e-02 6.714484968109145357e-02 6.409195832541923765e-02 6.099379712364498551e-02 5.787087887866515512e-02 5.474690341826572021e-02
7.824890835889986018e-02 7.748852460886875015e-02 7.689248153107378081e-02 7.654874084587949545e-02 7.652939352660703687e-02 7.659517846266522545e-02 7.670469163079918218e-02 7.698343164829393737e-02 7.748150680516743827e-02 7.809800791307104639e-02 7.879026363169515379e-02 7.945684025129268191e-02 8.034033197021538120e-02 8.128369253235510905e-02 8.231904871114234523e-02 8.341004776290884826e-02 8.451072784007254701e-02 8.557878623621995029e-02 8.660285941055717585e-02 8.755091645696809477e-02 8.838472694335293423e-02 8.907880037877005663e-02 8.972704777390126674e-02 8.979992300415838569e-02 8.964902985669213897e-02 8.949282484952338079e-02 8.841597231395179057e-02 8.729314678261840266e-02 8.592304614360520010e-02 8.430317621635968761e-02 8.244637795819102777e-02 8.036689704735729134e-02 7.807956298871615575e-02 7.560667885694970225e-02 7.296768850375227877e-02 7.020629561436059207e-02 6.734990588341122075e-02 6.442492441019495586e-02 6.145503268046435819e-02 5.846801395632231224e-02
7.507730406686120850e-02 7.412870467801010999e-02 7.338465544830236054e-02 7.290954399709215217e-02 7.276083152988538361e-02 7.271006124927369141e-02 7.271322347253378338e-02 7.290118968871674154e-02 7.332048439613651769e-02 7.387981524721054516e-02 7.455764773817860624e-02 7.523790184663349534e-02 7.615625769872196027e-02 7.716672411886799088e-02 7.829647236345861627e-02 7.951167183064992983e-02 8.076957853428887169e-02 8.203005748571361166e-02 8.327837089904144285e-02 8.448129573505110124e-02 8.559958318071819727e-02 8.660423646791970409e-02 8.756537922403032081e-02 8.802630473924938359e-02 8.826875040407704265e-02 8.841597231395179057e-02 8.793287770199002817e-02 8.729279258843451739e-02 8.638192115649340197e-02 8.520094639815581350e-02 8.376088418438734640e-02 8.207289995122943327e-02 8.014875704823150315e-02 7.800908695642790047e-02 7.567261045355395954e-02 7.318564922288608998e-02 7.057732459263149627e-02 6.787620617054399008e-02 6.510926642166738054e-02 6.230874564620481754e-02
7.194203383402444918e-02 7.082438756598988250e-02 6.994606859642032992e-02 6.934938125046097301e-02 6.907847692842788989e-02 6.891556736237026970e-02 6.881368779222557519e-02 6.890911441642115498e-02 6.924504245738732910e-02 6.974004041467567194e-02 7.039242729402855892e-02 7.107331693133160655e-02 7.201102395800250411e-02 7.307071565341934083e-02 7.427541510578780648e-02 7.559418323950356511e-02 7.698776324690168038e-02 7.841860202432504590e-02 7.986960473942569805e-02 8.130718666186888266e-02 8.269203322284675306e-02 8.399324106487621178e-02 8.526318729294264653e-02 8.610635005337574643e-02 8.675331520558655918e-02 8.729314678261840266e-02 8.729279258843451739e-02 8.711327166383982246e-02 8.665845123000277817e-02 8.592451853976769416e-02 8.491721212759946458e-02 8.364237903685758924e-02 8.210707990036628101e-02 8.032906790532441665e-02 7.832544286041223658e-02 7.614463682440149317e-02 7.381698051003056371e-02 7.137278155652876377e-02 6.884207516743477695e-02 6.626154697024894125e-02
6.881745211007188334e-02 6.755196225636805885e-02 6.655416418472610840e-02 6.584675034837975116e-02 6.546201033502799249e-02 6.519245939784569510e-02 6.498782793184834650e-02 6.498992059400296450e-02 6.523871316321273872e-02 6.566285160137519394e-02 6.627929665216261701e-02 6.694781210497512125e-02 6.788913570705461253e-02 6.897954257744730311e-02 7.023859821626929345e-02 7.163853179484615252e-02 7.314376310484205224e-02 7.471962297970835554e-02 7.634745903164745495e-02 7.799391546349640492e-02 7.962019564061395549e-02 8.119436966418314139e-02 8.275446922171281194e-02 8.395763459274718787e-02 8.499185777592671576e-02 8.592304614360520010e-02 8.638192115649340197e-02 8.665845123000277817e-02 8.666486014686401729e-02 8.639139548292412707e-02 8.583710937206610880e-02 8.500109472157874047e-02 8.388440373756129997e-02 8.250083327104838771e-02 8.086497054865394996e-02 7.902692327079514911e-02 7.701773538206851955e-02 7.486905835536099285e-02 7.261381781367572119e-02 7.029326100174762559e-02
6.571659636196927612e-02 6.432468362234668169e-02 6.322247285956607288e-02 6.241575183276010935e-02 6.192634152735457947e-02 6.155651991345413576e-02 6.125236201046802692e-02 6.116142963148484685e-02 6.132045867986953003e-02 6.166838716965239442e-02 6.223971490237142218e-02 6.288396018259824471e-02 6.381427494898081476e-02 6.491789556863807042e-02 6.621152539352377631e-02 6.767078756810128437e-02 6.926393478907846846e-02 7.095944390521534417e-02 7.273780862153290949e-02 7.456642626407880559e-02 7.640752093169866921e-02 7.822884282497730157e-02 8.005648990177254010e-02 8.159436096160359309e-02 8.299385644231668802e-02 8.430317621635968761e-02 8.520094639815581350e-02 8.592451853976769416e-02 8.639139548292412707e-02 8.658576032112298704e-02 8.649933124364524162e-02 8.612343843994667292e-02 8.545194586665916248e-02 8.449359036396374145e-02 8.325921743007386189e-02 8.180026939487432258e-02 8.014782359371253051e-02 7.833440531953199393e-02 7.639559057416360488e-02 7.437744273941947204e-02
6.265946556076680551e-02 6.116090284602555827e-02 5.996873774308084798e-02 5.907405164645627982e-02 5.848941288233211466e-02 5.802609343273716636e-02 5.762614013081584358e-02 5.744323045253090648e-02 5.751071176416026193e-02 5.777803652065114509e-02 5.829623027220449255e-02 5.890537628260933412e-02 5.981118866551474178e-02 6.091162885070480065e-02 6.222104984163712854e-02 6.371864197954647813e-02 6.537660706183665016e-02 6.716678476586764035e-02 6.906943244241210700e-02 7.105316501208194802e-02 7.308166973903033881e-02 7.512297832318624857e-02 7.719310445685691191e-02 7.903836947612442876e-02 8.077818344294533659e-02 8.244637795819102777e-02 8.376088418438734640e-02 8.491721212759946458e-02 8.583710937206610880e-02 8.649933124364524162e-02 8.688849362588396685e-02 8.698795368490513935e-02 8.678352864793974220e-02 8.627829738760070533e-02 8.547646491024647741e-02 8.443217556560894677e-02 8.317498333050044046e-02 8.173755043937933062e-02 8.015730190761476137e-02 7.848606726465950922e-02
5.966773914210473512e-02 5.807929145521803505e-02 5.681067007618627318e-02 5.583900118504622756e-02 5.516858899067322158e-02 5.461872782111932417e-02 5.412702887309232824e-02 5.385372689479504815e-02 5.382853178684425532e-02 5.401165076454039760e-02 5.446968306419204542e-02 5.503385569181779013e-02 5.590271004923811488e-02 5.698461854556772371e-02 5.829202121740316433e-02 5.980779829045130419e-02 6.150817121053267500e-02 6.336850859728283825e-02 6.536936975078770640e-02 6.748099107075722358e-02 6.966890635170988610e-02 7.190194546120549923e-02 7.418752405474692002e-02 7.631101371732497418e-02 7.836356287501010376e-02 8.036689704735729134e-02 8.207289995122943327e-02 8.364237903685758924e-02 8.500109472157874047e-02 8.612343843994667292e-02 8.698795368490513935e-02 8.757087969245629100e-02 8.785049353336685241e-02 8.782100141300745733e-02 8.748522022477131510e-02 8.688972937274645758e-02 8.606467389569294468e-02 8.504285610150219554e-02 8.386567451034243614e-02 8.258788136136024916e-02
5.675755629108811262e-02 5.509264012936838234e-02 5.376083889825074291e-02 5.272323094780707181e-02 5.197679781580322872e-02 5.134776783435134745e-02 5.076886151181349977e-02 5.040741877368896950e-02 5.028916616398499545e-02 5.038534260870113080e-02 5.077720313601627455e-02 5.128754064874071344e-02 5.210806507014339312e-02 5.315718635819388638e-02 5.444581121350082487e-02 5.596059060321093015e-02 5.768179539115671217e-02 5.958844168375651562e-02 6.166185733092346966e-02 6.387424445484782276e-02 6.619330778836544915e-02 6.858911634488759623e-02 7.106172005111439927e-02 7.343277130587748391e-02 7.576830575493981312e-02 7.807956298871615575e-02 8.014875704823150315e-02 8.210707990036628101e-02 8.388440373756129997e-02 8.545194586665916248e-02 8.678352864793974220e-02 8.785049353336685241e-02 8.863080079035852432e-02 8.908076511306201040e-02 8.928412164169978460e-02 8.916532703431906404e-02 8.879354515584800267e-02 8.820990011057161517e-02 8.748946110384742125e-02 8.665181468398781839e-02
5.391652799588385336e-02 5.220191749447983948e-02 5.082156648835970542e-02 4.973015854426403315e-02 4.891853905076774811e-02 4.821876335803675084e-02 4.755819353908747465e-02 4.711202245439232578e-02 4.690152954929835416e-02 4.690931640856811635e-02 4.723051758766009384e-02 4.767967197226885556e-02 4.844206839637026779e-02 4.944575873880929090e-02 5.070043491767425164e-02 5.219657255032734977e-02 5.391849356527771142e-02 5.584894398328407727e-02 5.797042424607995459e-02 6.025739504226465537e-02 6.268000611904371577e-02 6.520994339411968765e-02 6.784092942486065481e-02 7.042857233459223765e-02 7.301650853281890785e-02 7.560667885694970225e-02 7.800908695642790047e-02 8.032906790532441665e-02 8.250083327104838771e-02 8.449359036396374145e-02 8.627829738760070533e-02 8.782100141300745733e-02 8.908076511306201040e-02 9.007290496621345177e-02 9.068670760223127014e-02 9.109397916795611283e-02 9.126941091189341715e-02 9.123090734567051996e-02 9.098765533042982301e-02 9.065040859530307249e-02
5.118690382297044761e-02 4.941624221739541328e-02 4.800074076713007482e-02 4.686679254321958477e-02 4.600017363773948459e-02 4.523778175410919644e-02 4.450103390809921622e-02 4.397360465577902083e-02 4.367187145975285484e-02 4.359020916759027281e-02 4.383673309205332602e-02 4.421799541168975473e-02 4.491330507060144195e-02 4.585989601110163766e-02 4.706656310070938404e-02 4.852763040174098291e-02 5.023143712882264383e-02 5.216449902463292376e-02 5.431084733986329266e-02 5.664744381026999565e-02 5.914710157503858673e-02 6.178343837663899385e-02 6.454477005864277250e-02 6.731845605240616148e-02 7.012824833427069859e-02 7.296768850375227877e-02 7.567261045355395954e-02 7.832544286041223658e-02 8.086497054865394996e-02 8.325921743007386189e-02 8.547646491024647741e-02 8.748522022477131510e-02 8.928412164169978460e-02 9.068670760223127014e-02 9.214477052130218282e-02 9.305462574119939545e-02 9.365675191884319239e-02 9.402760483806577030e-02 9.438221048507566824e-02 9.457572898415064766e-02
4.851062180094038723e-02 4.672262986502027232e-02 4.528725813106740383e-02 4.412320263566629763e-02 4.321251783051472534e-02 4.239687454949562367e-02 4.159111585861686999e-02 4.098760545922074117e-02 4.059729659763886001e-02 4.042691876075965585e-02 4.059705063198672942e-02 4.090610466623206820e-02 4.152789092923998143e-02 4.240842247613195448e-02 4.355582910314961809e-02 4.496830233552195216e-02 4.663815745355157083e-02 4.855570421690743460e-02 5.070681570976892649e-02 5.307116564059507352e-02 5.562442160187008183e-02 5.834241054908743951e-02 6.120882195656095898e-02 6.414095574762879171e-02 6.714484968109145357e-02 7.020629561436059207e-02 7.318564922288608998e-02 7.614463682440149317e-02 7.902692327079514911e-02 8.180026939487432258e-02 8.443217556560894677e-02 8.688972937274645758e-02 8.916532703431906404e-02 9.109397916795611283e-02 9.305462574119939545e-02 9.452896242205960364e-02 9.571805066094687953e-02 9.668602694208161541e-02 9.762375635827932885e-02 9.842297288326298799e-02
4.590403973176262337e-02 4.411906729853815046e-02 4.267766292381022092e-02 4.149465991974203571e-02 4.054940512518751677e-02 3.968944668892045863e-02 3.882235289950516921e-02 3.814834565956057993e-02 3.767253217464789500e-02 3.741479928840332064e-02 3.750771021975840558e-02 3.774137235099812165e-02 3.828458650491994159e-02 3.909172372646957383e-02 4.017046436300146517e-02 4.152286517616531752e-02 4.314514858284283771e-02 4.503140824752161625e-02 4.716963231333008016e-02 4.954237621601968039e-02 5.212830792079212183e-02 5.490569157064253275e-02 5.785428960731909404e-02 6.091959018342745641e-02 6.409195832541923765e-02 6.734990588341122075e-02 7.057732459263149627e-02 7.381698051003056371e-02 7.701773538206851955e-02 8.014782359371253051e-02 8.317498333050044046e-02 8.606467389569294468e-02 8.879354515584800267e-02 9.126941091189341715e-02 9.365675191884319239e-02 9.571805066094687953e-02 9.754752894877942448e-02 9.918173172261932069e-02 1.007356051241299205e-01 1.022031789703001237e-01
4.336584423031254049e-02 4.159738930315044769e-02 4.016233886318294755e-02 3.897021900961950003e-02 3.799830748356738258e-02 3.710243036826632590e-02 3.618251468372811475e-02 3.544433415413607985e-02 3.488668661278575278e-02 3.454376231942610925e-02 3.455977153294751553e-02 3.471625355786806671e-02 3.517748483034655038e-02 3.590577747058251029e-02 3.690854521456103654e-02 3.819168802338153423e-02 3.975524005316155574e-02 4.159703668543394961e-02 4.370741828547247687e-02 4.607195472410126336e-02 4.867242030817200277e-02 5.148970109086490471e-02 5.450025438747239936e-02 5.767608722837244684e-02 6.099379712364498551e-02 6.442492441019495586e-02 6.787620617054399008e-02 7.137278155652876377e-02 7.486905835536099285e-02 7.833440531953199393e-02 8.173755043937933062e-02 8.504285610150219554e-02 8.820990011057161517e-02 9.123090734567051996e-02 9.402760483806577030e-02 9.668602694208161541e-02 9.918173172261932069e-02 1.015229356049751758e-01 1.037367825697977503e-01 1.059380925574851112e-01
4.090448069836785661e-02 3.915032150171537245e-02 3.773097137456363909e-02 3.653717970328920761e-02 3.554428281947798890e-02 3.461910290220925057e-02 3.365511418864104709e-02 3.285955566352937590e-02 3.222392035849271086e-02 3.179837336456207975e-02 3.173862283994411532e-02 3.181725688130771640e-02 3.219449554740017039e-02 3.284018560940234893e-02 3.376162597159453049e-02 3.496852168211270206e-02 3.646460182133972466e-02 3.825137674814355071e-02 4.032175181579166628e-02 4.266441745049989048e-02 4.526433377184341939e-02 4.810516508570208960e-02 5.116062849760921738e-02 5.442765815853330830e-02 5.787087887866515512e-02 6.145503268046435819e-02 6.510926642166738054e-02 6.884207516743477695e-02 7.261381781367572119e-02 7.639559057416360488e-02 8.015730190761476137e-02 8.386567451034243614e-02 8.748946110384742125e-02 9.098765533042982301e-02 9.438221048507566824e-02 9.762375635827932885e-02 1.007356051241299205e-01 1.037367825697977503e-01 1.066999168413866050e-01 1.096899469081169393e-01
3.850079604888079904e-02 3.677094625893120167e-02 3.537405129121866387e-02 3.418394065928850173e-02 3.317402593590131066e-02 3.222325767802677182e-02 3.122416201662076701e-02 3.037902993237679566e-02 2.966948874603674707e-02 2.916426362512754972e-02 2.903084803478283779e-02 2.903217027018898180e-02 2.932483897499581216e-02 2.988588332585558408e-02 3.072258213624609949e-02 3.184840454677841104e-02 3.327065305933384759e-02 3.499443959728861658e-02 3.701543313005170588e-02 3.932554737641907189e-02 4.191300520255430290e-02 4.476440407279423661e-02 4.785123525364647079e-02 5.119397262549373051e-02 5.474690341826572021e-02 5.846801395632231224e-02 6.230874564620481754e-02 6.626154697024894125e-02 7.029326100174762559e-02 7.437744273941947204e-02 7.848606726465950922e-02 8.258788136136024916e-02 8.665181468398781839e-02 9.065040859530307249e-02 9.457572898415064766e-02 9.842297288326298799e-02 1.022031789703001237e-01 1.059380925574851112e-01 1.096899469081169393e-01 1.135655742333267076e-01
