1.673840781130581861e+06 6.610289076169492910e+04 3.531494364875543397e+04 2.478273222672333577e+04 1.941205250350656570e+04 1.610913629485662750e+04 1.384152311755145820e+04 1.216719144735769805e+04 1.086170491936279177e+04 9.796646603992745440e+03 8.893777935532742049e+03 8.103919404809636944e+03 7.395210772526381334e+03 6.746672391739814884e+03 6.144464548499329794e+03 5.579775960368343476e+03 5.047448406536004768e+03 4.544892114155608397e+03 4.071344828751263321e+03 3.627120722372193541e+03 3.212999406561405067e+03 2.829738431743609453e+03 2.477731145711111367e+03 2.156866532025224387e+03 1.866437409673951379e+03 1.605222594134512065e+03 1.371621307671258592e+03 1.163762914494248434e+03 9.796634281440453833e+02 8.172838328144305251e+02 6.746226516995524207e+02 5.497588266766549623e+02 4.408740272060516077e+02 3.462768029659804938e+02 2.644069240225896351e+02 1.938305254022620261e+02 1.332437740705370857e+02 8.146331880939870018e+01 3.739112160955256314e+01 0.000000000000000000e+00
6.610289076169492910e+04 2.666708811615289960e+03 1.442848783742508203e+03 1.019476412100932293e+03 8.011581523083476668e+02 6.654855168020874316e+02 5.715795264754534628e+02 5.018990015159103564e+02 4.474303154098698769e+02 4.029419795751167044e+02 3.652202076542391751e+02 3.322378265533628223e+02 3.026788377004835411e+02 2.756748586011157727e+02 2.506512636557539508e+02 2.272401070956314584e+02 2.052231998571664633e+02 1.844871567546182405e+02 1.649929149315991879e+02 1.467454330104311282e+02 1.297688174590245183e+02 1.140869556707760353e+02 9.970965819259509999e+01 8.662704196858000216e+01 7.480585810528623369e+01 6.419275308121943624e+01 5.471952799386212973e+01 4.630748926016924116e+01 3.887370674355808120e+01 3.233333307453028738e+01 2.660320642211555509e+01 2.160374945470688246e+01 1.725969537813750421e+01 1.350123313738898112e+01 1.026395650869655540e+01 7.488709110739268482e+00 5.121724771966510659e+00 3.114257979215576011e+00 1.421092205709025169e+00 0.000000000000000000e+00
3.531494364875543397e+04 1.442848783742508203e+03 7.870187387182201064e+02 5.586669229992764940e+02 4.400983076241859067e+02 3.658854495256294399e+02 3.142226605638701926e+02 2.757643676817243090e+02 2.456597385832131692e+02 2.210541329655235927e+02 2.001820936053708238e+02 1.819298642193199385e+02 1.655753608517393332e+02 1.506425253907700323e+02 1.368163640797606320e+02 1.238949641590051982e+02 1.117581229805026339e+02 1.003426330968840432e+02 8.962560160516008523e+01 7.960797825990822219e+01 7.030100382442456919e+01 6.171578085538045144e+01 5.385575854032799015e+01 4.671372441362186123e+01 4.026984355183279263e+01 3.449345858895186723e+01 2.934595198636309021e+01 2.478312211196750781e+01 2.075859525426333008e+01 1.722509072792946228e+01 1.413636720926807300e+01 1.144829181377371796e+01 9.119205894582812277e+00 7.110570079403797372e+00 5.386870393381563815e+00 3.915533659381092768e+00 2.666991016122199465e+00 1.614477476637656173e+00 7.331872017790803664e-01 0.000000000000000000e+00
2.478273222672333577e+04 1.019476412100932293e+03 5.586669229992764940e+02 3.977384997133947877e+02 3.138812444675668303e+02 2.611646617000399715e+02 2.243262212695320272e+02 1.968456314269392067e+02 1.753175349721839780e+02 1.577134857574623652e+02 1.427714637850874624e+02 1.296967696319406116e+02 1.179759223699860513e+02 1.072713169002624483e+02 9.736003602715007332e+01 8.809947314595258661e+01 7.940489222453003038e+01 7.123181495479853709e+01 6.356415999387292004e+01 5.640256271968112145e+01 4.975475498896014415e+01 4.362820603541633346e+01 3.802480084015402184e+01 3.293874194717954396e+01 2.835518546106288440e+01 2.425156164743333420e+01 2.059963651093761428e+01 1.736723199793569705e+01 1.452066971223426073e+01 1.202568944268445605e+01 9.848839441628744140e+00 7.958254484738265688e+00 6.323913344406412840e+00 4.918099012871231857e+00 3.715306300050641219e+00 2.692175079482875155e+00 1.827527418688353000e+00 1.102223325675488308e+00 4.985422063701819839e-01 0.000000000000000000e+00
1.941205250350656570e+04 8.011581523083476668e+02 4.400983076241859067e+02 3.138812444675668303e+02 2.480446061668905884e+02 2.065958839857193254e+02 1.775785715051754607e+02 1.558953361036752483e+02 1.388902778704666048e+02 1.249717038943569349e+02 1.131440146176637285e+02 1.027815894676148218e+02 9.348168134337365132e+01 8.498030221969374054e+01 7.710363680700770317e+01 6.974091552486393653e+01 6.282672589940158048e+01 5.632715712949664066e+01 5.023046789486977559e+01 4.453788143758797702e+01 3.925599295875716876e+01 3.439097130962784377e+01 2.994435989745307936e+01 2.591144820852692021e+01 2.228021634158146469e+01 1.903242611354620095e+01 1.614529056050713862e+01 1.359287447555440309e+01 1.134805536405695392e+01 9.383275145172587983e+00 7.671656860715057924e+00 6.187632879205332337e+00 4.907156052986827000e+00 3.808059815630346012e+00 2.869976772602327308e+00 2.074277265494214539e+00 1.404093644430271626e+00 8.442036278361050305e-01 3.805294194848202749e-01 0.000000000000000000e+00
1.610913629485662750e+04 6.654855168020874316e+02 3.658854495256294399e+02 2.611646617000399715e+02 2.065958839857193254e+02 1.722961387258453101e+02 1.482944161532410590e+02 1.303324479544974110e+02 1.162181594047350046e+02 1.046434740853586476e+02 9.478799953327927597e+01 8.613684234328539446e+01 7.835926922051756094e+01 7.123893298171104504e+01 6.463374862023934497e+01 5.845360042602074913e+01 5.264577968814455033e+01 4.718355534321369049e+01 4.205845438701798855e+01 3.727259876692556873e+01 3.283236737973550845e+01 2.874354743445861260e+01 2.500782112255189915e+01 2.162142594411391627e+01 1.857428938046507128e+01 1.585098925153097404e+01 1.343219443041821748e+01 1.129587924236483865e+01 9.418999186872873963e+00 7.778146470664004219e+00 6.350507227428661139e+00 5.114397845055689729e+00 4.049453390238854311e+00 3.136923727775337678e+00 2.359605802311351752e+00 1.701783282399436548e+00 1.149243512199374928e+00 6.891773084524848159e-01 3.097519409832147352e-01 0.000000000000000000e+00
1.384152311755145820e+04 5.715795264754534628e+02 3.142226605638701926e+02 2.243262212695320272e+02 1.775785715051754607e+02 1.482944161532410590e+02 1.278494673561606589e+02 1.125415508379310268e+02 1.004850157382174558e+02 9.057045827326849974e+01 8.210617512380348160e+01 7.465840925519026428e+01 6.794845913013278960e+01 6.179407944008102760e+01 5.607581582931174324e+01 5.071831578893364423e+01 4.567805119692646798e+01 4.093362345704762362e+01 3.647918354084713854e+01 3.231783293794335776e+01 2.845614384954348708e+01 2.489994925015180272e+01 2.165129134571978753e+01 1.870727631566587590e+01 1.605933719720205843e+01 1.369411048597532954e+01 1.159472751354163300e+01 9.741908410885891101e+00 8.115450730493863674e+00 6.694823248771667679e+00 5.460020504355092896e+00 4.392036579001010743e+00 3.473041735025709897e+00 2.686633690910221528e+00 2.017784452933141015e+00 1.452779254413333332e+00 9.792291073605587925e-01 5.859816929230834415e-01 2.627463403381455898e-01 0.000000000000000000e+00
1.216719144735769805e+04 5.018990015159103564e+02 2.757643676817243090e+02 1.968456314269392067e+02 1.558953361036752483e+02 1.303324479544974110e+02 1.125415508379310268e+02 9.923359488529816019e+01 8.873372292906529424e+01 8.007421222968393693e+01 7.266104172508555337e+01 6.612216004764324850e+01 6.021796993173222745e+01 5.479170416890619322e+01 4.974081027876474792e+01 4.500100324838491872e+01 4.053570734430890354e+01 3.632765403954398664e+01 3.237314746370944363e+01 2.867624334910594186e+01 2.524389208841880361e+01 2.208218528537040726e+01 1.919363404396417394e+01 1.657616093259584034e+01 1.422245347188106379e+01 1.212078123776264604e+01 1.025618070219936051e+01 8.611465265918655021e+00 7.168580963060537492e+00 5.909157542766871885e+00 4.815292113265638108e+00 3.869977078539499793e+00 3.057270644717128061e+00 2.362514721648448557e+00 1.772296599102379799e+00 1.274386345945233590e+00 8.577467999420759215e-01 5.124526905220994077e-01 2.293553013876750979e-01 0.000000000000000000e+00
1.086170491936279177e+04 4.474303154098698769e+02 2.456597385832131692e+02 1.753175349721839780e+02 1.388902778704666048e+02 1.162181594047350046e+02 1.004850157382174558e+02 8.873372292906529424e+01 7.945405113842130618e+01 7.178528933529214839e+01 6.520645007369429891e+01 5.939155928822043506e+01 5.413035839507345770e+01 4.928535376185399741e+01 4.476689108019859020e+01 4.051920185227816518e+01 3.651111973123940402e+01 3.272865338534347046e+01 2.916989342056877277e+01 2.583978181922076445e+01 2.274572588961814645e+01 1.989418544159008917e+01 1.728819669620503419e+01 1.492646372878543204e+01 1.280277781103228740e+01 1.090678774978835541e+01 9.225102636261254929e+00 7.742239164684212582e+00 6.441876655423463660e+00 5.307376326851608539e+00 4.322513127108965847e+00 3.471868062095443630e+00 2.740995638063168371e+00 2.116615902906574753e+00 1.586590942825000683e+00 1.139860566156483346e+00 7.664509455029488993e-01 4.574003440993374414e-01 2.044560809080465669e-01 0.000000000000000000e+00
9.796646603992745440e+03 4.029419795751167044e+02 2.210541329655235927e+02 1.577134857574623652e+02 1.249717038943569349e+02 1.046434740853586476e+02 9.057045827326849974e+01 8.007421222968393693e+01 7.178528933529214839e+01 6.492911931430627703e+01 5.904019943965364092e+01 5.382729901072322320e+01 4.910251512652149586e+01 4.474322662168173537e+01 4.066983963563750137e+01 3.683328397136371990e+01 3.320668631056868492e+01 2.977869478331178854e+01 2.654888495350079936e+01 2.352299301580876900e+01 2.070889883750524163e+01 1.811347715069638298e+01 1.574031107145192898e+01 1.358885694422574453e+01 1.165391246518140456e+01 9.926346478402823692e+00 8.394133727483184870e+00 7.043251617210374071e+00 5.858854446412582462e+00 4.825766972630052720e+00 3.929176155046446794e+00 3.154994400630842577e+00 2.490025529888854727e+00 1.922136222086770818e+00 1.440246991207259741e+00 1.034266490836373231e+00 6.950996634626843695e-01 4.145791154581575655e-01 1.851898126907844666e-01 0.000000000000000000e+00
8.893777935532742049e+03 3.652202076542391751e+02 2.001820936053708238e+02 1.427714637850874624e+02 1.131440146176637285e+02 9.478799953327927597e+01 8.210617512380348160e+01 7.266104172508555337e+01 6.520645007369429891e+01 5.904019943965364092e+01 5.374131136523501340e+01 4.904614002955695895e+01 4.478455797935587412e+01 4.084579967419623614e+01 3.715830895102711651e+01 3.367837341698398745e+01 3.038255855539565431e+01 2.726163590370437362e+01 2.431639010866188855e+01 2.155322920432688605e+01 1.898046727632343789e+01 1.660538804763248066e+01 1.443210990330358889e+01 1.246080545730503530e+01 1.068720611259997533e+01 9.103293349239338639e+00 7.698272945439056159e+00 6.459427445166360471e+00 5.373221537151287919e+00 4.425772927970132109e+00 3.603510863985341484e+00 2.893514473247444485e+00 2.283677836419065077e+00 1.762864691849855614e+00 1.320913203954588777e+00 9.485695896858752363e-01 6.374964278782973004e-01 3.802091155684894641e-01 1.698253979307988715e-01 0.000000000000000000e+00
8.103919404809636944e+03 3.322378265533628223e+02 1.819298642193199385e+02 1.296967696319406116e+02 1.027815894676148218e+02 8.613684234328539446e+01 7.465840925519026428e+01 6.612216004764324850e+01 5.939155928822043506e+01 5.382729901072322320e+01 4.904614002955695895e+01 4.480760740857943603e+01 4.095639537791904417e+01 3.739152624285154047e+01 3.404801418079397024e+01 3.088648203091804234e+01 2.788624592299421323e+01 2.503975289632373702e+01 2.234872313326911097e+01 1.982007869081357043e+01 1.746247874322519422e+01 1.528356113676061057e+01 1.328793314988822694e+01 1.147643221011709258e+01 9.845657662680693534e+00 8.388622720431737179e+00 7.095671068300211992e+00 5.955287203225617887e+00 4.955139292758090619e+00 4.082528254183723782e+00 3.325016437937721836e+00 2.670743621972609283e+00 2.108591019007278078e+00 1.628322116074433890e+00 1.220600195085395301e+00 8.769222226420443356e-01 5.896278288079365160e-01 3.518405151735135017e-01 1.572401245176494877e-01 0.000000000000000000e+00
7.395210772526381334e+03 3.026788377004835411e+02 1.655753608517393332e+02 1.179759223699860513e+02 9.348168134337365132e+01 7.835926922051756094e+01 6.794845913013278960e+01 6.021796993173222745e+01 5.413035839507345770e+01 4.910251512652149586e+01 4.478455797935587412e+01 4.095639537791904417e+01 3.747563204571623885e+01 3.424967321966026645e+01 3.121905115291577815e+01 2.834794848740066442e+01 2.561787481063306871e+01 2.302255779932427515e+01 2.056437987931687772e+01 1.825058879023683289e+01 1.609005591034877725e+01 1.409067473135648463e+01 1.225746120689489160e+01 1.059184621494618916e+01 9.091227782042626160e+00 7.749581016861898597e+00 6.558316887745678336e+00 5.507049687214217393e+00 4.584579604724456914e+00 3.779319398762785998e+00 3.079894004622162118e+00 2.475435563002273298e+00 1.955745597640946354e+00 1.511424133120753188e+00 1.133898577034874400e+00 8.153589623281443100e-01 5.487679842564591182e-01 3.278067896384859181e-01 1.466690673349128060e-01 0.000000000000000000e+00
6.746672391739814884e+03 2.756748586011157727e+02 1.506425253907700323e+02 1.072713169002624483e+02 8.498030221969374054e+01 7.123893298171104504e+01 6.179407944008102760e+01 5.479170416890619322e+01 4.928535376185399741e+01 4.474322662168173537e+01 4.084579967419623614e+01 3.739152624285154047e+01 3.424967321966026645e+01 3.133509479687629806e+01 2.859311417770441821e+01 2.599090745047312012e+01 2.351173983781434629e+01 2.115027965546061139e+01 1.890930772457733511e+01 1.679619060492034421e+01 1.481984677414958540e+01 1.298829199719679828e+01 1.130684117647947851e+01 9.777426986837500777e+00 8.398168102144632385e+00 7.163933495388485007e+00 6.067141202843189696e+00 5.098480181429410507e+00 4.247831899681834500e+00 3.504672932234317084e+00 2.858644302514409485e+00 2.299826075268262660e+00 1.818896464471320806e+00 1.407250801539104534e+00 1.057040078560912866e+00 7.611086901932356819e-01 5.130058071641444561e-01 3.069356835098789316e-01 1.375723499349332524e-01 0.000000000000000000e+00
6.144464548499329794e+03 2.506512636557539508e+02 1.368163640797606320e+02 9.736003602715007332e+01 7.710363680700770317e+01 6.463374862023934497e+01 5.607581582931174324e+01 4.974081027876474792e+01 4.476689108019859020e+01 4.066983963563750137e+01 3.715830895102711651e+01 3.404801418079397024e+01 3.121905115291577815e+01 2.859311417770441821e+01 2.611983650754407904e+01 2.376899395919494751e+01 2.152527843812579178e+01 1.938401782109680838e+01 1.734814883652255091e+01 1.542494627695931442e+01 1.362319272154476479e+01 1.195086955394435080e+01 1.041345890744140767e+01 9.013286472562525020e+00 7.749103512825136875e+00 6.616601787379399191e+00 5.609149123807251947e+00 4.718461768798325906e+00 3.935462394642282646e+00 3.250656268489334089e+00 2.654667786214568892e+00 2.138494567357993148e+00 1.693661896273135126e+00 1.312332652978188685e+00 9.873535862178002276e-01 7.121966694960243371e-01 4.809719848765540706e-01 2.883825529809538879e-01 1.295587348923713245e-01 0.000000000000000000e+00
5.579775960368343476e+03 2.272401070956314584e+02 1.238949641590051982e+02 8.809947314595258661e+01 6.974091552486393653e+01 5.845360042602074913e+01 5.071831578893364423e+01 4.500100324838491872e+01 4.051920185227816518e+01 3.683328397136371990e+01 3.367837341698398745e+01 3.088648203091804234e+01 2.834794848740066442e+01 2.599090745047312012e+01 2.376899395919494751e+01 2.165432298008028766e+01 1.963277833027451891e+01 1.770012659686111789e+01 1.585925018218245874e+01 1.411713301954629252e+01 1.248223669044742934e+01 1.096234202552016335e+01 9.562954766238535242e+00 8.286673660431301158e+00 7.132786147094384965e+00 6.097730743734826930e+00 5.175766143851951107e+00 4.359589790865560310e+00 3.641128763740615781e+00 3.011886888534657025e+00 2.463445155992962210e+00 1.987694903252720025e+00 1.576985775511535959e+00 1.224227355441149356e+00 9.229411120517073686e-01 6.672063659887144116e-01 4.516747522317842156e-01 2.715296046680951148e-01 1.223391850127108493e-01 0.000000000000000000e+00
5.047448406536004768e+03 2.052231998571664633e+02 1.117581229805026339e+02 7.940489222453003038e+01 6.282672589940158048e+01 5.264577968814455033e+01 4.567805119692646798e+01 4.053570734430890354e+01 3.651111973123940402e+01 3.320668631056868492e+01 3.038255855539565431e+01 2.788624592299421323e+01 2.561787481063306871e+01 2.351173983781434629e+01 2.152527843812579178e+01 1.963277833027451891e+01 1.782115659827615417e+01 1.608645522616992452e+01 1.443133208226381470e+01 1.286230614677109507e+01 1.138734623430940118e+01 1.001387140281912025e+01 8.747267012902451455e+00 7.590281587230329308e+00 6.542637789477697474e+00 5.601440258439956743e+00 4.761775610480620813e+00 4.017273346200317619e+00 3.360826071133595327e+00 2.784905020870952708e+00 2.282020889461222168e+00 1.844935540780817007e+00 1.466801622351980416e+00 1.141256331504728161e+00 8.624769808777130731e-01 6.251323748321176987e-01 4.243988145042572602e-01 2.559240557092843371e-01 1.156984280258146619e-01 0.000000000000000000e+00
4.544892114155608397e+03 1.844871567546182405e+02 1.003426330968840432e+02 7.123181495479853709e+01 5.632715712949664066e+01 4.718355534321369049e+01 4.093362345704762362e+01 3.632765403954398664e+01 3.272865338534347046e+01 2.977869478331178854e+01 2.726163590370437362e+01 2.503975289632373702e+01 2.302255779932427515e+01 2.115027965546061139e+01 1.938401782109680838e+01 1.770012659686111789e+01 1.608645522616992452e+01 1.453920960083438629e+01 1.306069700267689093e+01 1.165683277189483391e+01 1.033494783403848594e+01 9.101956619280830552e+00 7.962991173327555572e+00 6.920831642407611284e+00 5.975535386382626157e+00 5.124789738360433056e+00 4.364441560632177364e+00 3.688997633954983257e+00 3.092271470011300760e+00 2.567665205268453210e+00 2.108587751232502416e+00 1.708644527203567298e+00 1.361766968191102878e+00 1.062298643197533421e+00 8.050524824778726440e-01 5.852681210718342353e-01 3.986293052824675387e-01 2.412323914281030435e-01 1.094743250992160771e-01 0.000000000000000000e+00
4.071344828751263321e+03 1.649929149315991879e+02 8.962560160516008523e+01 6.356415999387292004e+01 5.023046789486977559e+01 4.205845438701798855e+01 3.647918354084713854e+01 3.237314746370944363e+01 2.916989342056877277e+01 2.654888495350079936e+01 2.431639010866188855e+01 2.234872313326911097e+01 2.056437987931687772e+01 1.890930772457733511e+01 1.734814883652255091e+01 1.585925018218245874e+01 1.443133208226381470e+01 1.306069700267689093e+01 1.174922050907150606e+01 1.050211780676410100e+01 9.325973622800518115e+00 8.227084366005602334e+00 7.210216945841660952e+00 6.278078073935514425e+00 5.430964911944167639e+00 4.667063887087314455e+00 3.982910130795265236e+00 3.373826059410270251e+00 2.834493497342310153e+00 2.359200697212856745e+00 1.942215593843522381e+00 1.577953248691363219e+00 1.261093768436763130e+00 9.866608320610160687e-01 7.500788357986835075e-01 5.471364759040515668e-01 3.740053170175237085e-01 2.272127197707113355e-01 1.035455393128482254e-01 0.000000000000000000e+00
3.627120722372193541e+03 1.467454330104311282e+02 7.960797825990822219e+01 5.640256271968112145e+01 4.453788143758797702e+01 3.727259876692556873e+01 3.231783293794335776e+01 2.867624334910594186e+01 2.583978181922076445e+01 2.352299301580876900e+01 2.155322920432688605e+01 1.982007869081357043e+01 1.825058879023683289e+01 1.679619060492034421e+01 1.542494627695931442e+01 1.411713301954629252e+01 1.286230614677109507e+01 1.165683277189483391e+01 1.050211780676410100e+01 9.402624249915488619e+00 8.364124652746262711e+00 7.392220571862364586e+00 6.491230206998190866e+00 5.663701058069474215e+00 4.910085405177664342e+00 4.228987884795840202e+00 3.617556989690406066e+00 3.071862403690286847e+00 2.587393029860388438e+00 2.159268924808029233e+00 1.782568636307890086e+00 1.452474371626996774e+00 1.164377233648147714e+00 9.139481325108799181e-01 6.971933775242928899e-01 5.104244838930739325e-01 3.502775813464506505e-01 2.136905597667903001e-01 9.782123693999524028e-02 0.000000000000000000e+00
3.212999406561405067e+03 1.297688174590245183e+02 7.030100382442456919e+01 4.975475498896014415e+01 3.925599295875716876e+01 3.283236737973550845e+01 2.845614384954348708e+01 2.524389208841880361e+01 2.274572588961814645e+01 2.070889883750524163e+01 1.898046727632343789e+01 1.746247874322519422e+01 1.609005591034877725e+01 1.481984677414958540e+01 1.362319272154476479e+01 1.248223669044742934e+01 1.138734623430940118e+01 1.033494783403848594e+01 9.325973622800518115e+00 8.364124652746262711e+00 7.454338240224743117e+00 6.601483229931751850e+00 5.809377118406630736e+00 5.080345241251244204e+00 4.414923732977108273e+00 3.812059887853906925e+00 3.269439665480494472e+00 2.783806232644261414e+00 2.351386488893913995e+00 1.968068818910934770e+00 1.629684841261521244e+00 1.332132703464531387e+00 1.071469003574654355e+00 8.439720448698918576e-01 6.461947137509250760e-01 4.749402291181759606e-01 3.272820113408090870e-01 2.005447334910239743e-01 9.223561837643033667e-02 0.000000000000000000e+00
2.829738431743609453e+03 1.140869556707760353e+02 6.171578085538045144e+01 4.362820603541633346e+01 3.439097130962784377e+01 2.874354743445861260e+01 2.489994925015180272e+01 2.208218528537040726e+01 1.989418544159008917e+01 1.811347715069638298e+01 1.660538804763248066e+01 1.528356113676061057e+01 1.409067473135648463e+01 1.298829199719679828e+01 1.195086955394435080e+01 1.096234202552016335e+01 1.001387140281912025e+01 9.101956619280830552e+00 8.227084366005602334e+00 7.392220571862364586e+00 6.601483229931751850e+00 5.859007464261344111e+00 5.168089106689914836e+00 4.530791858838568942e+00 3.947679369331934751e+00 3.417973353968795092e+00 2.939822512480445571e+00 2.510566414416326886e+00 2.127094958221527055e+00 1.785993900109792198e+00 1.483782659817330929e+00 1.217016562100119215e+00 9.823652861730279851e-01 7.766684610636724884e-01 5.969849811250371729e-01 4.405741941156534058e-01 3.049158215243324976e-01 1.876945132780986070e-01 8.674287500295990716e-02 0.000000000000000000e+00
2.477731145711111367e+03 9.970965819259509999e+01 5.385575854032799015e+01 3.802480084015402184e+01 2.994435989745307936e+01 2.500782112255189915e+01 2.165129134571978753e+01 1.919363404396417394e+01 1.728819669620503419e+01 1.574031107145192898e+01 1.443210990330358889e+01 1.328793314988822694e+01 1.225746120689489160e+01 1.130684117647947851e+01 1.041345890744140767e+01 9.562954766238535242e+00 8.747267012902451455e+00 7.962991173327555572e+00 7.210216945841660952e+00 6.491230206998190866e+00 5.809377118406630736e+00 5.168089106689914836e+00 4.570146561342171232e+00 4.017333629755630575e+00 3.510199932639180620e+00 3.048181928002811958e+00 2.629819657228582575e+00 2.252971377623188776e+00 1.915111835419916808e+00 1.613448399532768196e+00 1.345117701968619572e+00 1.107268052353572729e+00 8.971247074573610591e-01 7.120378882738428450e-01 5.495279703170895536e-01 4.072714472358229809e-01 2.831204928714241009e-01 1.750905521060771297e-01 8.131367949204604262e-02 0.000000000000000000e+00
2.156866532025224387e+03 8.662704196858000216e+01 4.671372441362186123e+01 3.293874194717954396e+01 2.591144820852692021e+01 2.162142594411391627e+01 1.870727631566587590e+01 1.657616093259584034e+01 1.492646372878543204e+01 1.358885694422574453e+01 1.246080545730503530e+01 1.147643221011709258e+01 1.059184621494618916e+01 9.777426986837500777e+00 9.013286472562525020e+00 8.286673660431301158e+00 7.590281587230329308e+00 6.920831642407611284e+00 6.278078073935514425e+00 5.663701058069474215e+00 5.080345241251244204e+00 4.530791858838568942e+00 4.017333629755630575e+00 3.541475303708464306e+00 3.103724455058672671e+00 2.703681709094753138e+00 2.340212234875602260e+00 2.011617281079126407e+00 1.715878068350633390e+00 1.450745959031263022e+00 1.213901597620286266e+00 1.003019102523428074e+00 8.158188565193388309e-01 6.501081399181598552e-01 5.038218834621452924e-01 3.750126460051391164e-01 2.618694314119787148e-01 1.627078107654206796e-01 7.593217342218631927e-02 0.000000000000000000e+00
1.866437409673951379e+03 7.480585810528623369e+01 4.026984355183279263e+01 2.835518546106288440e+01 2.228021634158146469e+01 1.857428938046507128e+01 1.605933719720205843e+01 1.422245347188106379e+01 1.280277781103228740e+01 1.165391246518140456e+01 1.068720611259997533e+01 9.845657662680693534e+00 9.091227782042626160e+00 8.398168102144632385e+00 7.749103512825136875e+00 7.132786147094384965e+00 6.542637789477697474e+00 5.975535386382626157e+00 5.430964911944167639e+00 4.910085405177664342e+00 4.414923732977108273e+00 3.947679369331934751e+00 3.510199932639180620e+00 3.103724455058672671e+00 2.728701856605067810e+00 2.384855424652666755e+00 2.071315967645171785e+00 1.786756593559726047e+00 1.529589356863416683e+00 1.298033191974657274e+00 1.090239804640312116e+00 9.043415843332798243e-01 7.384929702859605039e-01 5.909040296305617668e-01 4.598766593485790199e-01 3.437977813584871534e-01 2.411570664096604200e-01 1.505390766377365519e-01 7.059308641558090236e-02 0.000000000000000000e+00
1.605222594134512065e+03 6.419275308121943624e+01 3.449345858895186723e+01 2.425156164743333420e+01 1.903242611354620095e+01 1.585098925153097404e+01 1.369411048597532954e+01 1.212078123776264604e+01 1.090678774978835541e+01 9.926346478402823692e+00 9.103293349239338639e+00 8.388622720431737179e+00 7.749581016861898597e+00 7.163933495388485007e+00 6.616601787379399191e+00 6.097730743734826930e+00 5.601440258439956743e+00 5.124789738360433056e+00 4.667063887087314455e+00 4.228987884795840202e+00 3.812059887853906925e+00 3.417973353968795092e+00 3.048181928002811958e+00 2.703681709094753138e+00 2.384855424652666755e+00 2.091516113838383539e+00 1.823008423701941938e+00 1.578312676322063401e+00 1.356201214454375137e+00 1.155287835362189597e+00 9.741249997374364922e-01 8.112376966786889465e-01 6.651547360475009718e-01 5.344357390624933091e-01 4.177028318776392912e-01 3.136362721114461793e-01 2.209907810102636483e-01 1.385892153630992607e-01 6.529870139662813378e-02 0.000000000000000000e+00
1.371621307671258592e+03 5.471952799386212973e+01 2.934595198636309021e+01 2.059963651093761428e+01 1.614529056050713862e+01 1.343219443041821748e+01 1.159472751354163300e+01 1.025618070219936051e+01 9.225102636261254929e+00 8.394133727483184870e+00 7.698272945439056159e+00 7.095671068300211992e+00 6.558316887745678336e+00 6.067141202843189696e+00 5.609149123807251947e+00 5.175766143851951107e+00 4.761775610480620813e+00 4.364441560632177364e+00 3.982910130795265236e+00 3.617556989690406066e+00 3.269439665480494472e+00 2.939822512480445571e+00 2.629819657228582575e+00 2.340212234875602260e+00 2.071315967645171785e+00 1.823008423701941938e+00 1.594804254959034884e+00 1.385933964202183954e+00 1.195466334731080327e+00 1.022342884565944576e+00 8.654510229456652270e-01 7.236463020882367703e-01 5.957752034336850633e-01 4.806961371229363511e-01 3.773067829726723388e-01 2.845414165128015704e-01 2.013856064845860050e-01 1.268709686171316797e-01 6.005646276163762592e-02 0.000000000000000000e+00
1.163762914494248434e+03 4.630748926016924116e+01 2.478312211196750781e+01 1.736723199793569705e+01 1.359287447555440309e+01 1.129587924236483865e+01 9.741908410885891101e+00 8.611465265918655021e+00 7.742239164684212582e+00 7.043251617210374071e+00 6.459427445166360471e+00 5.955287203225617887e+00 5.507049687214217393e+00 5.098480181429410507e+00 4.718461768798325906e+00 4.359589790865560310e+00 4.017273346200317619e+00 3.688997633954983257e+00 3.373826059410270251e+00 3.071862403690286847e+00 2.783806232644261414e+00 2.510566414416326886e+00 2.252971377623188776e+00 2.011617281079126407e+00 1.786756593559726047e+00 1.578312676322063401e+00 1.385933964202183954e+00 1.209052083048029802e+00 1.046975987794769969e+00 8.989146021761080796e-01 7.640303726201536083e-01 6.414524002265874492e-01 5.302923868719332523e-01 4.296603402406031225e-01 3.386878038677014757e-01 2.565262426278863139e-01 1.823599309224628873e-01 1.154014053924171113e-01 5.487690039778022472e-02 0.000000000000000000e+00
9.796634281440453833e+02 3.887370674355808120e+01 2.075859525426333008e+01 1.452066971223426073e+01 1.134805536405695392e+01 9.418999186872873963e+00 8.115450730493863674e+00 7.168580963060537492e+00 6.441876655423463660e+00 5.858854446412582462e+00 5.373221537151287919e+00 4.955139292758090619e+00 4.584579604724456914e+00 4.247831899681834500e+00 3.935462394642282646e+00 3.641128763740615781e+00 3.360826071133595327e+00 3.092271470011300760e+00 2.834493497342310153e+00 2.587393029860388438e+00 2.351386488893913995e+00 2.127094958221527055e+00 1.915111835419916808e+00 1.715878068350633390e+00 1.529589356863416683e+00 1.356201214454375137e+00 1.195466334731080327e+00 1.046975987794769969e+00 9.102307555125566108e-01 7.846540861681524648e-01 6.696303145096488274e-01 5.645110274007451023e-01 4.686257835743484201e-01 3.812932813945533739e-01 3.018407931383546572e-01 2.296030990620570311e-01 1.639334755659248577e-01 1.041995500690354737e-01 4.977198461106231708e-02 0.000000000000000000e+00
8.172838328144305251e+02 3.233333307453028738e+01 1.722509072792946228e+01 1.202568944268445605e+01 9.383275145172587983e+00 7.778146470664004219e+00 6.694823248771667679e+00 5.909157542766871885e+00 5.307376326851608539e+00 4.825766972630052720e+00 4.425772927970132109e+00 4.082528254183723782e+00 3.779319398762785998e+00 3.504672932234317084e+00 3.250656268489334089e+00 3.011886888534657025e+00 2.784905020870952708e+00 2.567665205268453210e+00 2.359200697212856745e+00 2.159268924808029233e+00 1.968068818910934770e+00 1.785993900109792198e+00 1.613448399532768196e+00 1.450745959031263022e+00 1.298033191974657274e+00 1.155287835362189597e+00 1.022342884565944576e+00 8.989146021761080796e-01 7.846540861681524648e-01 6.791540406200414770e-01 5.819747653027480538e-01 4.926457939304777489e-01 4.106728032824100150e-01 3.355450170693420886e-01 2.667512190411481243e-01 2.037788810894048674e-01 1.461232570826703214e-01 9.328344218672462995e-02 4.475355554756094145e-02 0.000000000000000000e+00
6.746226516995524207e+02 2.660320642211555509e+01 1.413636720926807300e+01 9.848839441628744140e+00 7.671656860715057924e+00 6.350507227428661139e+00 5.460020504355092896e+00 4.815292113265638108e+00 4.322513127108965847e+00 3.929176155046446794e+00 3.603510863985341484e+00 3.325016437937721836e+00 3.079894004622162118e+00 2.858644302514409485e+00 2.654667786214568892e+00 2.463445155992962210e+00 2.282020889461222168e+00 2.108587751232502416e+00 1.942215593843522381e+00 1.782568636307890086e+00 1.629684841261521244e+00 1.483782659817330929e+00 1.345117701968619572e+00 1.213901597620286266e+00 1.090239804640312116e+00 9.741249997374364922e-01 8.654510229456652270e-01 7.640303726201536083e-01 6.696303145096488274e-01 5.819747653027480538e-01 5.007611531895577173e-01 4.256589390531752004e-01 3.563138650231780225e-01 2.923523381816257039e-01 2.333944403862418804e-01 1.790530487509560953e-01 1.289411318069981216e-01 8.266791328913608572e-02 3.983194345228215083e-02 0.000000000000000000e+00
5.497588266766549623e+02 2.160374945470688246e+01 1.144829181377371796e+01 7.958254484738265688e+00 6.187632879205332337e+00 5.114397845055689729e+00 4.392036579001010743e+00 3.869977078539499793e+00 3.471868062095443630e+00 3.154994400630842577e+00 2.893514473247444485e+00 2.670743621972609283e+00 2.475435563002273298e+00 2.299826075268262660e+00 2.138494567357993148e+00 1.987694903252720025e+00 1.844935540780817007e+00 1.708644527203567298e+00 1.577953248691363219e+00 1.452474371626996774e+00 1.332132703464531387e+00 1.217016562100119215e+00 1.107268052353572729e+00 1.003019102523428074e+00 9.043415843332798243e-01 8.112376966786889465e-01 7.236463020882367703e-01 6.414524002265874492e-01 5.645110274007451023e-01 4.926457939304777489e-01 4.256589390531752004e-01 3.633279475956212035e-01 3.054079860894686194e-01 2.516339703212856493e-01 2.017309948410403730e-01 1.554133681337373507e-01 1.123902805607771560e-01 7.236205272496995522e-02 3.501461509843103309e-02 0.000000000000000000e+00
4.408740272060516077e+02 1.725969537813750421e+01 9.119205894582812277e+00 6.323913344406412840e+00 4.907156052986827000e+00 4.049453390238854311e+00 3.473041735025709897e+00 3.057270644717128061e+00 2.740995638063168371e+00 2.490025529888854727e+00 2.283677836419065077e+00 2.108591019007278078e+00 1.955745597640946354e+00 1.818896464471320806e+00 1.693661896273135126e+00 1.576985775511535959e+00 1.466801622351980416e+00 1.361766968191102878e+00 1.261093768436763130e+00 1.164377233648147714e+00 1.071469003574654355e+00 9.823652861730279851e-01 8.971247074573610591e-01 8.158188565193388309e-01 7.384929702859605039e-01 6.651547360475009718e-01 5.957752034336850633e-01 5.302923868719332523e-01 4.686257835743484201e-01 4.106728032824100150e-01 3.563138650231780225e-01 3.054079860894686194e-01 2.577940291075997981e-01 2.132910657695710754e-01 1.717066402151181115e-01 1.328357164823275038e-01 9.646492780025388292e-02 6.236894790044556630e-02 3.030601317291874153e-02 0.000000000000000000e+00
3.462768029659804938e+02 1.350123313738898112e+01 7.110570079403797372e+00 4.918099012871231857e+00 3.808059815630346012e+00 3.136923727775337678e+00 2.686633690910221528e+00 2.362514721648448557e+00 2.116615902906574753e+00 1.922136222086770818e+00 1.762864691849855614e+00 1.628322116074433890e+00 1.511424133120753188e+00 1.407250801539104534e+00 1.312332652978188685e+00 1.224227355441149356e+00 1.141256331504728161e+00 1.062298643197533421e+00 9.866608320610160687e-01 9.139481325108799181e-01 8.439720448698918576e-01 7.766684610636724884e-01 7.120378882738428450e-01 6.501081399181598552e-01 5.909040296305617668e-01 5.344357390624933091e-01 4.806961371229363511e-01 4.296603402406031225e-01 3.812932813945533739e-01 3.355450170693420886e-01 2.923523381816257039e-01 2.516339703212856493e-01 2.132910657695710754e-01 1.772064111267913078e-01 1.432508711086202813e-01 1.112823018312305984e-01 8.114860016817694588e-02 5.268427249202503604e-02 2.570673170994576540e-02 0.000000000000000000e+00
2.644069240225896351e+02 1.026395650869655540e+01 5.386870393381563815e+00 3.715306300050641219e+00 2.869976772602327308e+00 2.359605802311351752e+00 2.017784452933141015e+00 1.772296599102379799e+00 1.586590942825000683e+00 1.440246991207259741e+00 1.320913203954588777e+00 1.220600195085395301e+00 1.133898577034874400e+00 1.057040078560912866e+00 9.873535862178002276e-01 9.229411120517073686e-01 8.624769808777130731e-01 8.050524824778726440e-01 7.500788357986835075e-01 6.971933775242928899e-01 6.461947137509250760e-01 5.969849811250371729e-01 5.495279703170895536e-01 5.038218834621452924e-01 4.598766593485790199e-01 4.177028318776392912e-01 3.773067829726723388e-01 3.386878038677014757e-01 3.018407931383546572e-01 2.667512190411481243e-01 2.333944403862418804e-01 2.017309948410403730e-01 1.717066402151181115e-01 1.432508711086202813e-01 1.162818408206431342e-01 9.070529948421088284e-02 6.641666203140407509e-02 4.329786391530349166e-02 2.121425187440026047e-02 0.000000000000000000e+00
1.938305254022620261e+02 7.488709110739268482e+00 3.915533659381092768e+00 2.692175079482875155e+00 2.074277265494214539e+00 1.701783282399436548e+00 1.452779254413333332e+00 1.274386345945233590e+00 1.139860566156483346e+00 1.034266490836373231e+00 9.485695896858752363e-01 8.769222226420443356e-01 8.153589623281443100e-01 7.611086901932356819e-01 7.121966694960243371e-01 6.672063659887144116e-01 6.251323748321176987e-01 5.852681210718342353e-01 5.471364759040515668e-01 5.104244838930739325e-01 4.749402291181759606e-01 4.405741941156534058e-01 4.072714472358229809e-01 3.750126460051391164e-01 3.437977813584871534e-01 3.136362721114461793e-01 2.845414165128015704e-01 2.565262426278863139e-01 2.296030990620570311e-01 2.037788810894048674e-01 1.790530487509560953e-01 1.554133681337373507e-01 1.328357164823275038e-01 1.112823018312305984e-01 9.070529948421088284e-02 7.104587908056574086e-02 5.223549045837624222e-02 3.419310454254935461e-02 1.682259195016864647e-02 0.000000000000000000e+00
1.332437740705370857e+02 5.121724771966510659e+00 2.666991016122199465e+00 1.827527418688353000e+00 1.404093644430271626e+00 1.149243512199374928e+00 9.792291073605587925e-01 8.577467999420759215e-01 7.664509455029488993e-01 6.950996634626843695e-01 6.374964278782973004e-01 5.896278288079365160e-01 5.487679842564591182e-01 5.130058071641444561e-01 4.809719848765540706e-01 4.516747522317842156e-01 4.243988145042572602e-01 3.986293052824675387e-01 3.740053170175237085e-01 3.502775813464506505e-01 3.272820113408090870e-01 3.049158215243324976e-01 2.831204928714241009e-01 2.618694314119787148e-01 2.411570664096604200e-01 2.209907810102636483e-01 2.013856064845860050e-01 1.823599309224628873e-01 1.639334755659248577e-01 1.461232570826703214e-01 1.289411318069981216e-01 1.123902805607771560e-01 9.646492780025388292e-02 8.114860016817694588e-02 6.641666203140407509e-02 5.223549045837624222e-02 3.856316490105399231e-02 2.534719131646287829e-02 1.252233621286518578e-02 0.000000000000000000e+00
8.146331880939870018e+01 3.114257979215576011e+00 1.614477476637656173e+00 1.102223325675488308e+00 8.442036278361050305e-01 6.891773084524848159e-01 5.859816929230834415e-01 5.124526905220994077e-01 4.574003440993374414e-01 4.145791154581575655e-01 3.802091155684894641e-01 3.518405151735135017e-01 3.278067896384859181e-01 3.069356835098789316e-01 2.883825529809538879e-01 2.715296046680951148e-01 2.559240557092843371e-01 2.412323914281030435e-01 2.272127197707113355e-01 2.136905597667903001e-01 2.005447334910239743e-01 1.876945132780986070e-01 1.750905521060771297e-01 1.627078107654206796e-01 1.505390766377365519e-01 1.385892153630992607e-01 1.268709686171316797e-01 1.154014053924171113e-01 1.041995500690354737e-01 9.328344218672462995e-02 8.266791328913608572e-02 7.236205272496995522e-02 6.236894790044556630e-02 5.268427249202503604e-02 4.329786391530349166e-02 3.419310454254935461e-02 2.534719131646287829e-02 1.672945295107839542e-02 8.299681639919790493e-03 0.000000000000000000e+00
3.739112160955256314e+01 1.421092205709025169e+00 7.331872017790803664e-01 4.985422063701819839e-01 3.805294194848202749e-01 3.097519409832147352e-01 2.627463403381455898e-01 2.293553013876750979e-01 2.044560809080465669e-01 1.851898126907844666e-01 1.698253979307988715e-01 1.572401245176494877e-01 1.466690673349128060e-01 1.375723499349332524e-01 1.295587348923713245e-01 1.223391850127108493e-01 1.156984280258146619e-01 1.094743250992160771e-01 1.035455393128482254e-01 9.782123693999524028e-02 9.223561837643033667e-02 8.674287500295990716e-02 8.131367949204604262e-02 7.593217342218631927e-02 7.059308641558090236e-02 6.529870139662813378e-02 6.005646276163762592e-02 5.487690039778022472e-02 4.977198461106231708e-02 4.475355554756094145e-02 3.983194345228215083e-02 3.501461509843103309e-02 3.030601317291874153e-02 2.570673170994576540e-02 2.121425187440026047e-02 1.682259195016864647e-02 1.252233621286518578e-02 8.299681639919790493e-03 4.135418082276502531e-03 0.000000000000000000e+00
0.000000000000000000e+00 0.000000000000000000e+00 0.000000000000000000e+00 0.000000000000000000e+00 0.000000000000000000e+00 0.000000000000000000e+00 0.000000000000000000e+00 0.000000000000000000e+00 0.000000000000000000e+00 0.000000000000000000e+00 0.000000000000000000e+00 0.000000000000000000e+00 0.000000000000000000e+00 0.000000000000000000e+00 0.000000000000000000e+00 0.000000000000000000e+00 0.000000000000000000e+00 0.000000000000000000e+00 0.000000000000000000e+00 0.000000000000000000e+00 0.000000000000000000e+00 0.000000000000000000e+00 0.000000000000000000e+00 0.000000000000000000e+00 0.000000000000000000e+00 0.000000000000000000e+00 0.000000000000000000e+00 0.000000000000000000e+00 0.000000000000000000e+00 0.000000000000000000e+00 0.000000000000000000e+00 0.000000000000000000e+00 0.000000000000000000e+00 0.000000000000000000e+00 0.000000000000000000e+00 0.000000000000000000e+00 0.000000000000000000e+00 0.000000000000000000e+00 0.000000000000000000e+00 0.000000000000000000e+00
