7.127546961506447390e-04 2.102253761691433816e-05 6.165487797289043745e-05 8.445221122049066304e-06 -5.225425921429404334e-05 -6.853990635310300479e-05 -6.633706512360072456e-05 7.010856846174993561e-05 -6.089956096383446682e-05 -8.867972655583405021e-06 2.383237276443944468e-05 1.364847249640373998e-05 6.336455489178221686e-06 -8.065183070288073450e-06 -9.709167441522068004e-06 -2.461762820567872849e-05 -4.820533925040754121e-05 -8.056984854487963242e-05 -1.206444750061863000e-04 -1.634629299434711745e-04 -2.054889616499986813e-04 -2.464977630882442131e-04 -2.853747296269365822e-04 -3.177410787424038928e-04 -3.337312331691677102e-04 -3.251304519889912912e-04 -2.846635959794327920e-04 -2.609500931084866057e-04 -2.547485558911045857e-04 -2.691542142684014887e-04 -2.901474983301536030e-04 -3.065302922984614845e-04 -3.189071778284216399e-04 -3.276482487540481668e-04 -3.297396003808301295e-04 -3.225821118953160608e-04 -3.094368097862199149e-04 -2.975481544617390988e-04 -2.903348586400671442e-04 -2.885103099747925387e-04
2.102253761691433816e-05 6.513203957073266520e-04 4.856900352262396160e-04 4.942460423828677748e-04 7.394006461561009307e-04 8.418193011002542657e-04 9.688758317658639849e-04 7.096529124413375076e-04 1.069174375723063982e-04 -4.600123573807630983e-04 -1.265797728274373896e-03 -1.505062256849348801e-03 -1.944273203924832150e-03 -2.380963846192703844e-03 -2.728339307098938491e-03 -3.047327820494796953e-03 -3.332331448701268857e-03 -3.580115299753954330e-03 -3.787754333482116868e-03 -3.950677559568516184e-03 -4.065428162217597265e-03 -4.130710664258789577e-03 -4.145369908867342808e-03 -4.107587189889313692e-03 -4.016381236183880037e-03 -3.872270828612151689e-03 -3.681449477719660104e-03 -3.437334976942694933e-03 -3.156898100553735906e-03 -2.850102806227863307e-03 -2.527277192110051907e-03 -2.193600495056789376e-03 -1.847869135726484986e-03 -1.494415321086297330e-03 -1.140031825347780471e-03 -7.884415911088928130e-04 -4.478185838823286091e-04 -1.318067199237848302e-04 1.485953479038702729e-04 3.742646984428202013e-04
6.165487797289043745e-05 4.856900352262396160e-04 2.168644909385170853e-03 5.945030079427079299e-04 1.253997393183711685e-03 1.425064215749148990e-03 1.586154325753379776e-03 -6.913815162659889702e-04 7.831862361216041001e-04 1.811853658715416619e-04 -3.478352328972831166e-04 -1.463355434962895947e-03 -2.529868393332391618e-03 -3.478283409557546713e-03 -4.184212129279809601e-03 -4.818022432884155534e-03 -5.381160912114166597e-03 -5.873706701319576437e-03 -6.293038085740748633e-03 -6.630958614915504964e-03 -6.880656377444125185e-03 -7.039914444645580319e-03 -7.107395506175559659e-03 -7.080845647260600693e-03 -6.960574805698366285e-03 -6.749066796022660727e-03 -6.462714966859618021e-03 -6.070771408423033220e-03 -5.610102166846766929e-03 -5.098322191119180127e-03 -4.555016417654256938e-03 -3.990856824554093497e-03 -3.403462099573783574e-03 -2.798656130545437801e-03 -2.186271476953072137e-03 -1.571840714094639886e-03 -9.699690730169244256e-04 -4.055115284455078394e-04 1.023632104056281238e-04 5.243611674971725882e-04
8.445221122049066304e-06 4.942460423828677748e-04 5.945030079427079299e-04 3.586200923377963392e-03 2.860863496350912142e-03 2.706693713841884074e-03 2.195972799882239465e-03 2.700246240999996765e-03 1.996431898827816763e-03 1.036545324606159921e-03 -7.008069883479536345e-05 -1.579610478064589823e-03 -3.161193939812818356e-03 -4.579436267327839649e-03 -5.580001008310655347e-03 -6.461282937190959003e-03 -7.223666877600649384e-03 -7.871167355167071195e-03 -8.408121013506924049e-03 -8.831561830595241816e-03 -9.140110632249891232e-03 -9.337312132289585925e-03 -9.424897862918134306e-03 -9.400602576740252000e-03 -9.265517360331751440e-03 -9.023137454496756721e-03 -8.700959030966752897e-03 -8.233784596486709920e-03 -7.678547252770184968e-03 -7.057666284267787894e-03 -6.397171937296854821e-03 -5.712278707546953639e-03 -5.000135848127482477e-03 -4.267592825787818941e-03 -3.527018293403232519e-03 -2.787417007424390029e-03 -2.072568954937788459e-03 -1.422692864755256475e-03 -8.734613424459756201e-04 -4.782389478230640372e-04
-5.225425921429404334e-05 7.394006461561009307e-04 1.253997393183711685e-03 2.860863496350912142e-03 3.115446863500525437e-03 3.450920191552252908e-03 3.551041271712614654e-03 3.096796758004227278e-03 2.239373010405210779e-03 1.329509156563084315e-03 -6.539938943285075053e-06 -1.785401205765991314e-03 -3.782314287090347751e-03 -5.596984894738943686e-03 -6.793276810417237660e-03 -7.865147422937226324e-03 -8.813865346779792970e-03 -9.644446331431393710e-03 -1.035948940920839757e-02 -1.094822676288889976e-02 -1.140182482079942633e-02 -1.172046316754026506e-02 -1.190417239149857247e-02 -1.194953442609708073e-02 -1.185963617438834036e-02 -1.164106315282082207e-02 -1.133459529937595224e-02 -1.084025606396964506e-02 -1.023478899677617363e-02 -9.544449833978868591e-03 -8.800415001394772119e-03 -8.021692737232964318e-03 -7.204557044360931049e-03 -6.354895820036870167e-03 -5.484645152626451206e-03 -4.603192302898438844e-03 -3.738755778169719924e-03 -2.939317228636977725e-03 -2.246273709102450823e-03 -1.718438347577127753e-03
-6.853990635310300479e-05 8.418193011002542657e-04 1.425064215749148990e-03 2.706693713841884074e-03 3.450920191552252908e-03 4.186874916423184018e-03 4.839372192412360121e-03 3.935695342826462002e-03 2.863131872712261494e-03 2.077376012965250537e-03 5.841603167716825787e-04 -1.428925029219977509e-03 -3.863826631705060549e-03 -6.115574647859454809e-03 -7.431846366960839952e-03 -8.625266782149624070e-03 -9.695698889760158770e-03 -1.065066548636314434e-02 -1.149390952684000398e-02 -1.220887066034392898e-02 -1.278106724395323621e-02 -1.320910637543100917e-02 -1.349215335863221399e-02 -1.362558675382049417e-02 -1.361421772621816337e-02 -1.346719508273809193e-02 -1.323864765309712421e-02 -1.278843212557722979e-02 -1.221172872124836294e-02 -1.153617531529342079e-02 -1.079549887355276197e-02 -1.001121731420376304e-02 -9.178981920558973787e-03 -8.302973905317496267e-03 -7.393713009559723347e-03 -6.460923230336550541e-03 -5.536506949405093671e-03 -4.674738288066110359e-03 -3.923031802367070789e-03 -3.347322316093373929e-03
-6.633706512360072456e-05 9.688758317658639849e-04 1.586154325753379776e-03 2.195972799882239465e-03 3.551041271712614654e-03 4.839372192412360121e-03 6.568613100633978637e-03 4.261892461737907221e-03 2.993039100774091184e-03 2.803479656502724359e-03 1.408016862503934808e-03 -6.615855769800892648e-04 -3.561225304977264257e-03 -6.396123199659866851e-03 -7.678287451102641138e-03 -8.878935943279793810e-03 -9.981074133887088418e-03 -1.099083470328021152e-02 -1.191197555350243659e-02 -1.272012184405484601e-02 -1.339348076445273476e-02 -1.392857019906755013e-02 -1.432328595157245262e-02 -1.457130380939393281e-02 -1.467879565733229072e-02 -1.465703140388291068e-02 -1.457335746100917734e-02 -1.424347156546782074e-02 -1.377916212145785003e-02 -1.320702821558494312e-02 -1.256072239562033843e-02 -1.186293049475402664e-02 -1.110897226732677177e-02 -1.030075061370972628e-02 -9.446578479141605478e-03 -8.556451739110706306e-03 -7.664872660320625961e-03 -6.830323498617101724e-03 -6.105677210512361341e-03 -5.564279175513700028e-03
7.010856846174993561e-05 7.096529124413375076e-04 -6.913815162659889702e-04 2.700246240999996765e-03 3.096796758004227278e-03 3.935695342826462002e-03 4.261892461737907221e-03 1.020270011397968364e-02 6.462915962736431874e-03 5.604162879794809260e-03 3.146622164379150443e-03 3.844134331064735441e-04 -2.028095136250416056e-03 -3.039548348821716293e-03 -4.835417755158403531e-03 -6.271912698504882554e-03 -7.524426575443378569e-03 -8.665401430927753210e-03 -9.726154894936576978e-03 -1.068585386294816642e-02 -1.152103052573946046e-02 -1.223047924880908861e-02 -1.281367617572715285e-02 -1.326418963332991717e-02 -1.359111534668515538e-02 -1.380894069492810683e-02 -1.400024528558263537e-02 -1.392887723615316223e-02 -1.372288934412301334e-02 -1.340478371372588393e-02 -1.300410606037620195e-02 -1.254213421522896131e-02 -1.201332312475935499e-02 -1.141553328608687495e-02 -1.075249074989419358e-02 -1.003250580154360118e-02 -9.288667435527775754e-03 -8.577498407608536574e-03 -7.951927644499102651e-03 -7.485489892677665846e-03
-6.089956096383446682e-05 1.069174375723063982e-04 7.831862361216041001e-04 1.996431898827816763e-03 2.239373010405210779e-03 2.863131872712261494e-03 2.993039100774091184e-03 6.462915962736431874e-03 1.219430236225245608e-02 9.827600122501081031e-03 6.583650059594560976e-03 3.844152251557064227e-03 1.276533842322374879e-03 4.235659919581081438e-04 -1.284937214998280999e-03 -2.613237261446629562e-03 -3.783136098478616632e-03 -4.887094594280494420e-03 -5.965213095307272083e-03 -6.988334978191058228e-03 -7.923919638692874384e-03 -8.769507962705716531e-03 -9.523975862263488537e-03 -1.017910833827776959e-02 -1.074580450801958242e-02 -1.124101120920134068e-02 -1.176293705736572784e-02 -1.201772610827893210e-02 -1.214831284838194768e-02 -1.217032507959501034e-02 -1.210597283619436505e-02 -1.197373478195015023e-02 -1.176833099664474809e-02 -1.148419765566674293e-02 -1.112112416340806618e-02 -1.068719064895483177e-02 -1.021419911009902211e-02 -9.755625091617790151e-03 -9.365222692539360363e-03 -9.117635565578830967e-03
-8.867972655583405021e-06 -4.600123573807630983e-04 1.811853658715416619e-04 1.036545324606159921e-03 1.329509156563084315e-03 2.077376012965250537e-03 2.803479656502724359e-03 5.604162879794809260e-03 9.827600122501081031e-03 1.064304050069826008e-02 1.017908131574912951e-02 7.844651695772383512e-03 4.902159852254988487e-03 3.351120693937171147e-03 2.195462986144815134e-03 1.264103458622831480e-03 3.815226173067099509e-04 -5.339086255808338103e-04 -1.518139130996993148e-03 -2.524288592049048641e-03 -3.504810555167101657e-03 -4.453779825925856077e-03 -5.368303922165381867e-03 -6.237413443655923442e-03 -7.073173089144276469e-03 -7.894609093730492466e-03 -8.816005800091770636e-03 -9.480992467937269380e-03 -1.004542533196864894e-02 -1.051472557656388078e-02 -1.089970380734062681e-02 -1.121351546815408176e-02 -1.145097958194083235e-02 -1.160228375898638385e-02 -1.166211399354459381e-02 -1.163742673011811807e-02 -1.155597214194622850e-02 -1.146367771623377566e-02 -1.141175505915741593e-02 -1.147186177921801116e-02
2.383237276443944468e-05 -1.265797728274373896e-03 -3.478352328972831166e-04 -7.008069883479536345e-05 -6.539938943285075053e-06 5.841603167716825787e-04 1.408016862503934808e-03 3.146622164379150443e-03 6.583650059594560976e-03 1.017908131574912951e-02 1.359024179093217682e-02 1.290221609447178043e-02 1.031553998471092769e-02 8.459145259230003294e-03 7.985248506825443071e-03 7.535469326441743797e-03 7.006553920137988806e-03 6.332582055776511676e-03 5.481082412394012136e-03 4.518003446447136674e-03 3.506270649191494532e-03 2.452936773650567399e-03 1.360418549464763359e-03 2.410206947409439119e-04 -9.200101821717486831e-04 -2.145232458276356054e-03 -3.568093546037142197e-03 -4.761354244720912565e-03 -5.893900862829616442e-03 -6.957396034184697847e-03 -7.946281625754933464e-03 -8.865233957304832768e-03 -9.708927922842910604e-03 -1.046230380028686721e-02 -1.111344835183262873e-02 -1.166686029237101047e-02 -1.214242370268317668e-02 -1.257217457405694627e-02 -1.299888042736244316e-02 -1.348205610311691872e-02
1.364847249640373998e-05 -1.505062256849348801e-03 -1.463355434962895947e-03 -1.579610478064589823e-03 -1.785401205765991314e-03 -1.428925029219977509e-03 -6.615855769800892648e-04 3.844134331064735441e-04 3.844152251557064227e-03 7.844651695772383512e-03 1.290221609447178043e-02 1.566194918658577948e-02 1.580284477437914406e-02 1.490708104740848770e-02 1.532863534842055821e-02 1.544513281029084341e-02 1.532894140841223850e-02 1.494913170391816599e-02 1.427855397858331619e-02 1.340362457073013096e-02 1.240239266638481358e-02 1.127964637935196385e-02 1.003420695610207462e-02 8.677712940310824616e-03 7.190736078264344314e-03 5.545287900281203192e-03 3.585154391194953286e-03 1.816168884719631055e-03 5.566621296411724623e-05 -1.671271998942307994e-03 -3.338255352887572504e-03 -4.938854255636433363e-03 -6.467981405878083130e-03 -7.905151364988071902e-03 -9.231162785356071196e-03 -1.044736682442858750e-02 -1.156264164047017193e-02 -1.258956104903237797e-02 -1.355720443357842989e-02 -1.450452056661038699e-02
6.336455489178221686e-06 -1.944273203924832150e-03 -2.529868393332391618e-03 -3.161193939812818356e-03 -3.782314287090347751e-03 -3.863826631705060549e-03 -3.561225304977264257e-03 -2.028095136250416056e-03 1.276533842322374879e-03 4.902159852254988487e-03 1.031553998471092769e-02 1.580284477437914406e-02 2.082860126542999263e-02 2.314813254300515308e-02 2.441634778313846177e-02 2.505628598747133146e-02 2.534129536082068562e-02 2.526778500764250562e-02 2.480545884610854679e-02 2.405773987200436267e-02 2.311407596741773054e-02 2.197050457360473150e-02 2.061672224251514737e-02 1.905999128801959958e-02 1.727264144309642938e-02 1.521799275649894471e-02 1.271153404965852732e-02 1.034766684548394690e-02 7.927317901407011230e-03 5.495015520490469964e-03 3.102614580125734843e-03 7.703666080960999262e-04 -1.497363912171924402e-03 -3.674585558787872921e-03 -5.734103082760501520e-03 -7.673314925155912472e-03 -9.486770468328154307e-03 -1.116179451798626418e-02 -1.270838184775109625e-02 -1.413619092879192518e-02
-8.065183070288073450e-06 -2.380963846192703844e-03 -3.478283409557546713e-03 -4.579436267327839649e-03 -5.596984894738943686e-03 -6.115574647859454809e-03 -6.396123199659866851e-03 -3.039548348821716293e-03 4.235659919581081438e-04 3.351120693937171147e-03 8.459145259230003294e-03 1.490708104740848770e-02 2.314813254300515308e-02 2.952906841576052877e-02 3.173516355144891804e-02 3.319836914447530513e-02 3.417710517022325839e-02 3.466139239870163341e-02 3.462485494399424740e-02 3.420020858993581131e-02 3.349498148902448069e-02 3.249661682067414570e-02 3.118439362732084927e-02 2.956027898204251214e-02 2.758664573409907658e-02 2.521603994378106978e-02 2.223070554222457765e-02 1.932473625578465595e-02 1.627968217925397990e-02 1.316208204425266953e-02 1.005361227659324480e-02 6.990705633041817586e-03 3.976084092736188909e-03 1.040557381629082182e-03 -1.780939859966486523e-03 -4.482108920182507721e-03 -7.041487749995428529e-03 -9.417766192652518228e-03 -1.159946102682327118e-02 -1.356293491413828115e-02
-9.709167441522068004e-06 -2.728339307098938491e-03 -4.184212129279809601e-03 -5.580001008310655347e-03 -6.793276810417237660e-03 -7.431846366960839952e-03 -7.678287451102641138e-03 -4.835417755158403531e-03 -1.284937214998280999e-03 2.195462986144815134e-03 7.985248506825443071e-03 1.532863534842055821e-02 2.441634778313846177e-02 3.173516355144891804e-02 3.551912899662754836e-02 3.835554093175167628e-02 4.047440619583361765e-02 4.187627664213958156e-02 4.256930796085941354e-02 4.273795484817051460e-02 4.251945646865579881e-02 4.189666469864272019e-02 4.083966837474220513e-02 3.934558054781688019e-02 3.736592857850377924e-02 3.484078580397763358e-02 3.151329420393084169e-02 2.819187853990614417e-02 2.463403652363600066e-02 2.093053942276017904e-02 1.719696556064414031e-02 1.348785501618972489e-02 9.802786146838658385e-03 6.176007801023266665e-03 2.649251244391288927e-03 -7.683651742081015236e-04 -4.038455155104357132e-03 -7.088574907596997821e-03 -9.884042797777544548e-03 -1.236473447120154702e-02
-2.461762820567872849e-05 -3.047327820494796953e-03 -4.818022432884155534e-03 -6.461282937190959003e-03 -7.865147422937226324e-03 -8.625266782149624070e-03 -8.878935943279793810e-03 -6.271912698504882554e-03 -2.613237261446629562e-03 1.264103458622831480e-03 7.535469326441743797e-03 1.544513281029084341e-02 2.505628598747133146e-02 3.319836914447530513e-02 3.835554093175167628e-02 4.254653785623529333e-02 4.586761304505216491e-02 4.829148563574999636e-02 4.984601821028371987e-02 5.075405684028994752e-02 5.117280211833064030e-02 5.107664203619037557e-02 5.042397832122285511e-02 4.920451757699054879e-02 4.735459626674122513e-02 4.479698416378082720e-02 4.122486948370199938e-02 3.758287645105004571e-02 3.359452913687182435e-02 2.937596789724405619e-02 2.508050085601144785e-02 2.078237840267559838e-02 1.647606904345887482e-02 1.219784433715998852e-02 7.995673836259169567e-03 3.881193923864342463e-03 -8.845014007923771449e-05 -3.805697893417631355e-03 -7.208913879453844771e-03 -1.019494412292496280e-02
-4.820533925040754121e-05 -3.332331448701268857e-03 -5.381160912114166597e-03 -7.223666877600649384e-03 -8.813865346779792970e-03 -9.695698889760158770e-03 -9.981074133887088418e-03 -7.524426575443378569e-03 -3.783136098478616632e-03 3.815226173067099509e-04 7.006553920137988806e-03 1.532894140841223850e-02 2.534129536082068562e-02 3.417710517022325839e-02 4.047440619583361765e-02 4.586761304505216491e-02 5.034252778760913566e-02 5.383951829170222081e-02 5.638279976524711301e-02 5.818674401237764610e-02 5.939698679365690293e-02 5.997852836016278472e-02 5.988177657936636505e-02 5.908909741260971044e-02 5.751702670065996642e-02 5.506489108941056004e-02 5.136083179119233649e-02 4.751647172415039699e-02 4.320606210969972494e-02 3.857120318681762222e-02 3.380636048239856611e-02 2.900657938198014651e-02 2.415861920979361574e-02 1.929899872322490828e-02 1.448124505085490905e-02 9.719132568045765058e-03 5.090286304464426183e-03 7.414035269793972562e-04 -3.234847522417577410e-03 -6.685060739379011623e-03
-8.056984854487963242e-05 -3.580115299753954330e-03 -5.873706701319576437e-03 -7.871167355167071195e-03 -9.644446331431393710e-03 -1.065066548636314434e-02 -1.099083470328021152e-02 -8.665401430927753210e-03 -4.887094594280494420e-03 -5.339086255808338103e-04 6.332582055776511676e-03 1.494913170391816599e-02 2.526778500764250562e-02 3.466139239870163341e-02 4.187627664213958156e-02 4.829148563574999636e-02 5.383951829170222081e-02 5.845908450232301101e-02 6.215900257361808151e-02 6.505646298453979237e-02 6.722410496405559210e-02 6.862813179458919499e-02 6.922965328630337201e-02 6.901068466695291226e-02 6.786444094567001262e-02 6.565947589027497366e-02 6.193795037952696397e-02 5.802260709830122515e-02 5.351543337845992426e-02 4.858220649214266967e-02 4.346155971695481179e-02 3.826982242234527876e-02 3.298266421077020866e-02 2.763463812802487499e-02 2.228399938603967470e-02 1.694611232238900714e-02 1.172059347948300675e-02 6.797228726850204801e-03 2.303997270387580284e-03 -1.547664963031184339e-03
-1.206444750061863000e-04 -3.787754333482116868e-03 -6.293038085740748633e-03 -8.408121013506924049e-03 -1.035948940920839757e-02 -1.149390952684000398e-02 -1.191197555350243659e-02 -9.726154894936576978e-03 -5.965213095307272083e-03 -1.518139130996993148e-03 5.481082412394012136e-03 1.427855397858331619e-02 2.480545884610854679e-02 3.462485494399424740e-02 4.256930796085941354e-02 4.984601821028371987e-02 5.638279976524711301e-02 6.215900257361808151e-02 6.716864358644934752e-02 7.134174453711979169e-02 7.461440315969666837e-02 7.696864845449047365e-02 7.839871731613057282e-02 7.889495075568662974e-02 7.832252500462177913e-02 7.650951339729546163e-02 7.288239549568056863e-02 6.903976983454780669e-02 6.447698356701858646e-02 5.938101297140219170e-02 5.403751027049095990e-02 4.858413810174737335e-02 4.298128175454681704e-02 3.725886079512497756e-02 3.147888231621425587e-02 2.565753555050464055e-02 1.991765651582872582e-02 1.449588432126255530e-02 9.559779930265202563e-03 5.386844191463978360e-03
-1.634629299434711745e-04 -3.950677559568516184e-03 -6.630958614915504964e-03 -8.831561830595241816e-03 -1.094822676288889976e-02 -1.220887066034392898e-02 -1.272012184405484601e-02 -1.068585386294816642e-02 -6.988334978191058228e-03 -2.524288592049048641e-03 4.518003446447136674e-03 1.340362457073013096e-02 2.405773987200436267e-02 3.420020858993581131e-02 4.273795484817051460e-02 5.075405684028994752e-02 5.818674401237764610e-02 6.505646298453979237e-02 7.134174453711979169e-02 7.679776295751798709e-02 8.123059742591566545e-02 8.463038049301836729e-02 8.701536029654646787e-02 8.837793446039093892e-02 8.854251554845234129e-02 8.728164075889283113e-02 8.386218072711017213e-02 8.025741169774529282e-02 7.580356733779926304e-02 7.070365125515423732e-02 6.529362149066222920e-02 5.973254543695546981e-02 5.396067662667348303e-02 4.800029889082616658e-02 4.191615752640325682e-02 3.572435230528903105e-02 2.957190901437335359e-02 2.374584558425053143e-02 1.845735988598962152e-02 1.405790130375797475e-02
-2.054889616499986813e-04 -4.065428162217597265e-03 -6.880656377444125185e-03 -9.140110632249891232e-03 -1.140182482079942633e-02 -1.278106724395323621e-02 -1.339348076445273476e-02 -1.152103052573946046e-02 -7.923919638692874384e-03 -3.504810555167101657e-03 3.506270649191494532e-03 1.240239266638481358e-02 2.311407596741773054e-02 3.349498148902448069e-02 4.251945646865579881e-02 5.117280211833064030e-02 5.939698679365690293e-02 6.722410496405559210e-02 7.461440315969666837e-02 8.123059742591566545e-02 8.680421698773130301e-02 9.131192000345787763e-02 9.476687552986343133e-02 9.714867308269843627e-02 9.822113182048916591e-02 9.767940960033556774e-02 9.456240171684862639e-02 9.137844351844169599e-02 8.721939781084596388e-02 8.229502988774628491e-02 7.699587764290147240e-02 7.150299812757818230e-02 6.573103230070503900e-02 5.969126182139816023e-02 5.345011933819201339e-02 4.702254890432754075e-02 4.058054623395091626e-02 3.446488921920283499e-02 2.893424490541100444e-02 2.442173550698998122e-02
-2.464977630882442131e-04 -4.130710664258789577e-03 -7.039914444645580319e-03 -9.337312132289585925e-03 -1.172046316754026506e-02 -1.320910637543100917e-02 -1.392857019906755013e-02 -1.223047924880908861e-02 -8.769507962705716531e-03 -4.453779825925856077e-03 2.452936773650567399e-03 1.127964637935196385e-02 2.197050457360473150e-02 3.249661682067414570e-02 4.189666469864272019e-02 5.107664203619037557e-02 5.997852836016278472e-02 6.862813179458919499e-02 7.696864845449047365e-02 8.463038049301836729e-02 9.131192000345787763e-02 9.696507821368006985e-02 1.015816039046783664e-01 1.051220251167288705e-01 1.072655950260181651e-01 1.075986413589660878e-01 1.048167380159894385e-01 1.022474644470521832e-01 9.858701410280246158e-02 9.403398824393215116e-02 8.903967494126660553e-02 8.380916776829255843e-02 7.822557264651607001e-02 7.228546007673490592e-02 6.605587883687014106e-02 5.954939932097675498e-02 5.296367796842781778e-02 4.669666808073646286e-02 4.105824624919511556e-02 3.657102696851461526e-02
-2.853747296269365822e-04 -4.145369908867342808e-03 -7.107395506175559659e-03 -9.424897862918134306e-03 -1.190417239149857247e-02 -1.349215335863221399e-02 -1.432328595157245262e-02 -1.281367617572715285e-02 -9.523975862263488537e-03 -5.368303922165381867e-03 1.360418549464763359e-03 1.003420695610207462e-02 2.061672224251514737e-02 3.118439362732084927e-02 4.083966837474220513e-02 5.042397832122285511e-02 5.988177657936636505e-02 6.922965328630337201e-02 7.839871731613057282e-02 8.701536029654646787e-02 9.476687552986343133e-02 1.015816039046783664e-01 1.074309478430549997e-01 1.122635258281802773e-01 1.156394547066340595e-01 1.169847040938856719e-01 1.144371343483348846e-01 1.126965391450095999e-01 1.097696216437758360e-01 1.058067386356544154e-01 1.013300702606752396e-01 9.657467499484552464e-02 9.138687117891254597e-02 8.574497606415511231e-02 7.971581754099943407e-02 7.330834982537390299e-02 6.674671394828900206e-02 6.048979118482714773e-02 5.490246821072099909e-02 5.060493616129763811e-02
-3.177410787424038928e-04 -4.107587189889313692e-03 -7.080845647260600693e-03 -9.400602576740252000e-03 -1.194953442609708073e-02 -1.362558675382049417e-02 -1.457130380939393281e-02 -1.326418963332991717e-02 -1.017910833827776959e-02 -6.237413443655923442e-03 2.410206947409439119e-04 8.677712940310824616e-03 1.905999128801959958e-02 2.956027898204251214e-02 3.934558054781688019e-02 4.920451757699054879e-02 5.908909741260971044e-02 6.901068466695291226e-02 7.889495075568662974e-02 8.837793446039093892e-02 9.714867308269843627e-02 1.051220251167288705e-01 1.122635258281802773e-01 1.185316396454122734e-01 1.233122828113100561e-01 1.257863826461520229e-01 1.231550588346383701e-01 1.224994157564381764e-01 1.205990666495367625e-01 1.174837702601724959e-01 1.137632815889006443e-01 1.097164579632384923e-01 1.051506003703879671e-01 1.000235872398387155e-01 9.440199593290289626e-02 8.829017046847782713e-02 8.193995249163919803e-02 7.587554340646129880e-02 7.052089109292572489e-02 6.660234678122739505e-02
-3.337312331691677102e-04 -4.016381236183880037e-03 -6.960574805698366285e-03 -9.265517360331751440e-03 -1.185963617438834036e-02 -1.361421772621816337e-02 -1.467879565733229072e-02 -1.359111534668515538e-02 -1.074580450801958242e-02 -7.073173089144276469e-03 -9.200101821717486831e-04 7.190736078264344314e-03 1.727264144309642938e-02 2.758664573409907658e-02 3.736592857850377924e-02 4.735459626674122513e-02 5.751702670065996642e-02 6.786444094567001262e-02 7.832252500462177913e-02 8.854251554845234129e-02 9.822113182048916591e-02 1.072655950260181651e-01 1.156394547066340595e-01 1.233122828113100561e-01 1.295558759341592647e-01 1.333774994735996144e-01 1.313147812727782915e-01 1.320111324689353938e-01 1.313723995666508659e-01 1.293249108344905474e-01 1.265714156239844401e-01 1.234453205918265434e-01 1.197117972799172508e-01 1.153056485935475134e-01 1.102926790077956298e-01 1.046709063793595657e-01 9.872107147051828457e-02 9.303775021258607614e-02 8.810822792114783586e-02 8.477434705723499442e-02
-3.251304519889912912e-04 -3.872270828612151689e-03 -6.749066796022660727e-03 -9.023137454496756721e-03 -1.164106315282082207e-02 -1.346719508273809193e-02 -1.465703140388291068e-02 -1.380894069492810683e-02 -1.124101120920134068e-02 -7.894609093730492466e-03 -2.145232458276356054e-03 5.545287900281203192e-03 1.521799275649894471e-02 2.521603994378106978e-02 3.484078580397763358e-02 4.479698416378082720e-02 5.506489108941056004e-02 6.565947589027497366e-02 7.650951339729546163e-02 8.728164075889283113e-02 9.767940960033556774e-02 1.075986413589660878e-01 1.169847040938856719e-01 1.257863826461520229e-01 1.333774994735996144e-01 1.388840588664149722e-01 1.393699224770937883e-01 1.417209972887124858e-01 1.425321218762632680e-01 1.417457333333683456e-01 1.401417359834814247e-01 1.381174221859894080e-01 1.353978203379691825e-01 1.318950870425977806e-01 1.276742173758197429e-01 1.227245621204391540e-01 1.173570373732950173e-01 1.122425565417042165e-01 1.079364207681155069e-01 1.054064531494501855e-01
-2.846635959794327920e-04 -3.681449477719660104e-03 -6.462714966859618021e-03 -8.700959030966752897e-03 -1.133459529937595224e-02 -1.323864765309712421e-02 -1.457335746100917734e-02 -1.400024528558263537e-02 -1.176293705736572784e-02 -8.816005800091770636e-03 -3.568093546037142197e-03 3.585154391194953286e-03 1.271153404965852732e-02 2.223070554222457765e-02 3.151329420393084169e-02 4.122486948370199938e-02 5.136083179119233649e-02 6.193795037952696397e-02 7.288239549568056863e-02 8.386218072711017213e-02 9.456240171684862639e-02 1.048167380159894385e-01 1.144371343483348846e-01 1.231550588346383701e-01 1.313147812727782915e-01 1.393699224770937883e-01 1.500613763592292260e-01 1.542033860492348085e-01 1.561135358864182143e-01 1.564570462081271429e-01 1.559671915391949437e-01 1.550498068882911751e-01 1.533799127705610388e-01 1.508449694036214928e-01 1.475047654380296502e-01 1.433331775204551850e-01 1.386704265573682482e-01 1.342696150749358996e-01 1.307584915252431035e-01 1.292428085971567830e-01
-2.609500931084866057e-04 -3.437334976942694933e-03 -6.070771408423033220e-03 -8.233784596486709920e-03 -1.084025606396964506e-02 -1.278843212557722979e-02 -1.424347156546782074e-02 -1.392887723615316223e-02 -1.201772610827893210e-02 -9.480992467937269380e-03 -4.761354244720912565e-03 1.816168884719631055e-03 1.034766684548394690e-02 1.932473625578465595e-02 2.819187853990614417e-02 3.758287645105004571e-02 4.751647172415039699e-02 5.802260709830122515e-02 6.903976983454780669e-02 8.025741169774529282e-02 9.137844351844169599e-02 1.022474644470521832e-01 1.126965391450095999e-01 1.224994157564381764e-01 1.320111324689353938e-01 1.417209972887124858e-01 1.542033860492348085e-01 1.610673753766155847e-01 1.657735574416175084e-01 1.685357844535985139e-01 1.700708654381851981e-01 1.708931698141992195e-01 1.707532288682698518e-01 1.695921772634818303e-01 1.674971630498214292e-01 1.644380520632381659e-01 1.607951443533164326e-01 1.574178432669746941e-01 1.550155187950321145e-01 1.548466117855104018e-01
-2.547485558911045857e-04 -3.156898100553735906e-03 -5.610102166846766929e-03 -7.678547252770184968e-03 -1.023478899677617363e-02 -1.221172872124836294e-02 -1.377916212145785003e-02 -1.372288934412301334e-02 -1.214831284838194768e-02 -1.004542533196864894e-02 -5.893900862829616442e-03 5.566621296411724623e-05 7.927317901407011230e-03 1.627968217925397990e-02 2.463403652363600066e-02 3.359452913687182435e-02 4.320606210969972494e-02 5.351543337845992426e-02 6.447698356701858646e-02 7.580356733779926304e-02 8.721939781084596388e-02 9.858701410280246158e-02 1.097696216437758360e-01 1.205990666495367625e-01 1.313723995666508659e-01 1.425321218762632680e-01 1.561135358864182143e-01 1.657735574416175084e-01 1.736737579568980172e-01 1.795516109176019115e-01 1.838046822614477771e-01 1.868332480387435157e-01 1.885513075463107757e-01 1.890474330970172423e-01 1.884665757006669662e-01 1.867795635585664249e-01 1.844153579778733398e-01 1.823345300679160286e-01 1.813376217423604830e-01 1.828534595590815270e-01
-2.691542142684014887e-04 -2.850102806227863307e-03 -5.098322191119180127e-03 -7.057666284267787894e-03 -9.544449833978868591e-03 -1.153617531529342079e-02 -1.320702821558494312e-02 -1.340478371372588393e-02 -1.217032507959501034e-02 -1.051472557656388078e-02 -6.957396034184697847e-03 -1.671271998942307994e-03 5.495015520490469964e-03 1.316208204425266953e-02 2.093053942276017904e-02 2.937596789724405619e-02 3.857120318681762222e-02 4.858220649214266967e-02 5.938101297140219170e-02 7.070365125515423732e-02 8.229502988774628491e-02 9.403398824393215116e-02 1.058067386356544154e-01 1.174837702601724959e-01 1.293249108344905474e-01 1.417457333333683456e-01 1.564570462081271429e-01 1.685357844535985139e-01 1.795516109176019115e-01 1.890463766653697475e-01 1.966903550404334733e-01 2.024051902211717602e-01 2.063394849907428108e-01 2.088211568523935802e-01 2.100702847770433424e-01 2.100562755984778374e-01 2.092672224490360888e-01 2.087945596054082142e-01 2.095426057343615367e-01 2.131329531994630988e-01
-2.901474983301536030e-04 -2.527277192110051907e-03 -4.555016417654256938e-03 -6.397171937296854821e-03 -8.800415001394772119e-03 -1.079549887355276197e-02 -1.256072239562033843e-02 -1.300410606037620195e-02 -1.210597283619436505e-02 -1.089970380734062681e-02 -7.946281625754933464e-03 -3.338255352887572504e-03 3.102614580125734843e-03 1.005361227659324480e-02 1.719696556064414031e-02 2.508050085601144785e-02 3.380636048239856611e-02 4.346155971695481179e-02 5.403751027049095990e-02 6.529362149066222920e-02 7.699587764290147240e-02 8.903967494126660553e-02 1.013300702606752396e-01 1.137632815889006443e-01 1.265714156239844401e-01 1.401417359834814247e-01 1.559671915391949437e-01 1.700708654381851981e-01 1.838046822614477771e-01 1.966903550404334733e-01 2.077286178691380714e-01 2.163546747234439405e-01 2.228888220341521675e-01 2.278123453178867996e-01 2.313445027568582779e-01 2.334201587411078582e-01 2.345967185380281872e-01 2.361233788916466125e-01 2.390268262316587178e-01 2.451518366625579093e-01
-3.065302922984614845e-04 -2.193600495056789376e-03 -3.990856824554093497e-03 -5.712278707546953639e-03 -8.021692737232964318e-03 -1.001121731420376304e-02 -1.186293049475402664e-02 -1.254213421522896131e-02 -1.197373478195015023e-02 -1.121351546815408176e-02 -8.865233957304832768e-03 -4.938854255636433363e-03 7.703666080960999262e-04 6.990705633041817586e-03 1.348785501618972489e-02 2.078237840267559838e-02 2.900657938198014651e-02 3.826982242234527876e-02 4.858413810174737335e-02 5.973254543695546981e-02 7.150299812757818230e-02 8.380916776829255843e-02 9.657467499484552464e-02 1.097164579632384923e-01 1.234453205918265434e-01 1.381174221859894080e-01 1.550498068882911751e-01 1.708931698141992195e-01 1.868332480387435157e-01 2.024051902211717602e-01 2.163546747234439405e-01 2.279263802725586541e-01 2.374713241526460739e-01 2.454071638669298450e-01 2.517990216762047706e-01 2.564885104790826098e-01 2.601118531891655206e-01 2.641057097838297452e-01 2.696431403380891711e-01 2.788338756622331105e-01
-3.189071778284216399e-04 -1.847869135726484986e-03 -3.403462099573783574e-03 -5.000135848127482477e-03 -7.204557044360931049e-03 -9.178981920558973787e-03 -1.110897226732677177e-02 -1.201332312475935499e-02 -1.176833099664474809e-02 -1.145097958194083235e-02 -9.708927922842910604e-03 -6.467981405878083130e-03 -1.497363912171924402e-03 3.976084092736188909e-03 9.802786146838658385e-03 1.647606904345887482e-02 2.415861920979361574e-02 3.298266421077020866e-02 4.298128175454681704e-02 5.396067662667348303e-02 6.573103230070503900e-02 7.822557264651607001e-02 9.138687117891254597e-02 1.051506003703879671e-01 1.197117972799172508e-01 1.353978203379691825e-01 1.533799127705610388e-01 1.707532288682698518e-01 1.885513075463107757e-01 2.063394849907428108e-01 2.228888220341521675e-01 2.374713241526460739e-01 2.504029636946234483e-01 2.618915613338546611e-01 2.717231503271735349e-01 2.795948411574596948e-01 2.862180881233969965e-01 2.932218805755384405e-01 3.019439410483131803e-01 3.148142437569333429e-01
-3.276482487540481668e-04 -1.494415321086297330e-03 -2.798656130545437801e-03 -4.267592825787818941e-03 -6.354895820036870167e-03 -8.302973905317496267e-03 -1.030075061370972628e-02 -1.141553328608687495e-02 -1.148419765566674293e-02 -1.160228375898638385e-02 -1.046230380028686721e-02 -7.905151364988071902e-03 -3.674585558787872921e-03 1.040557381629082182e-03 6.176007801023266665e-03 1.219784433715998852e-02 1.929899872322490828e-02 2.763463812802487499e-02 3.725886079512497756e-02 4.800029889082616658e-02 5.969126182139816023e-02 7.228546007673490592e-02 8.574497606415511231e-02 1.000235872398387155e-01 1.153056485935475134e-01 1.318950870425977806e-01 1.508449694036214928e-01 1.695921772634818303e-01 1.890474330970172423e-01 2.088211568523935802e-01 2.278123453178867996e-01 2.454071638669298450e-01 2.618915613338546611e-01 2.772524962149908179e-01 2.909912475924996689e-01 3.026603186880328922e-01 3.129913769265790235e-01 3.237133492464656093e-01 3.363167416813578336e-01 3.536278311514425843e-01
-3.297396003808301295e-04 -1.140031825347780471e-03 -2.186271476953072137e-03 -3.527018293403232519e-03 -5.484645152626451206e-03 -7.393713009559723347e-03 -9.446578479141605478e-03 -1.075249074989419358e-02 -1.112112416340806618e-02 -1.166211399354459381e-02 -1.111344835183262873e-02 -9.231162785356071196e-03 -5.734103082760501520e-03 -1.780939859966486523e-03 2.649251244391288927e-03 7.995673836259169567e-03 1.448124505085490905e-02 2.228399938603967470e-02 3.147888231621425587e-02 4.191615752640325682e-02 5.345011933819201339e-02 6.605587883687014106e-02 7.971581754099943407e-02 9.440199593290289626e-02 1.102926790077956298e-01 1.276742173758197429e-01 1.475047654380296502e-01 1.674971630498214292e-01 1.884665757006669662e-01 2.100702847770433424e-01 2.313445027568582779e-01 2.517990216762047706e-01 2.717231503271735349e-01 2.909912475924996689e-01 3.089809355312919670e-01 3.252090569518344410e-01 3.402840015882426239e-01 3.557439474973199123e-01 3.731701752593503119e-01 3.959077771946800106e-01
-3.225821118953160608e-04 -7.884415911088928130e-04 -1.571840714094639886e-03 -2.787417007424390029e-03 -4.603192302898438844e-03 -6.460923230336550541e-03 -8.556451739110706306e-03 -1.003250580154360118e-02 -1.068719064895483177e-02 -1.163742673011811807e-02 -1.166686029237101047e-02 -1.044736682442858750e-02 -7.673314925155912472e-03 -4.482108920182507721e-03 -7.683651742081015236e-04 3.881193923864342463e-03 9.719132568045765058e-03 1.694611232238900714e-02 2.565753555050464055e-02 3.572435230528903105e-02 4.702254890432754075e-02 5.954939932097675498e-02 7.330834982537390299e-02 8.829017046847782713e-02 1.046709063793595657e-01 1.227245621204391540e-01 1.433331775204551850e-01 1.644380520632381659e-01 1.867795635585664249e-01 2.100562755984778374e-01 2.334201587411078582e-01 2.564885104790826098e-01 2.795948411574596948e-01 3.026603186880328922e-01 3.252090569518344410e-01 3.469451065005417223e-01 3.681572555104902222e-01 3.897281476354458318e-01 4.132329510292098718e-01 4.427049705332802843e-01
-3.094368097862199149e-04 -4.478185838823286091e-04 -9.699690730169244256e-04 -2.072568954937788459e-03 -3.738755778169719924e-03 -5.536506949405093671e-03 -7.664872660320625961e-03 -9.288667435527775754e-03 -1.021419911009902211e-02 -1.155597214194622850e-02 -1.214242370268317668e-02 -1.156264164047017193e-02 -9.486770468328154307e-03 -7.041487749995428529e-03 -4.038455155104357132e-03 -8.845014007923771449e-05 5.090286304464426183e-03 1.172059347948300675e-02 1.991765651582872582e-02 2.957190901437335359e-02 4.058054623395091626e-02 5.296367796842781778e-02 6.674671394828900206e-02 8.193995249163919803e-02 9.872107147051828457e-02 1.173570373732950173e-01 1.386704265573682482e-01 1.607951443533164326e-01 1.844153579778733398e-01 2.092672224490360888e-01 2.345967185380281872e-01 2.601118531891655206e-01 2.862180881233969965e-01 3.129913769265790235e-01 3.402840015882426239e-01 3.681572555104902222e-01 3.965612076708512901e-01 4.255581294800407921e-01 4.566763819655185741e-01 4.947050154604335503e-01
-2.975481544617390988e-04 -1.318067199237848302e-04 -4.055115284455078394e-04 -1.422692864755256475e-03 -2.939317228636977725e-03 -4.674738288066110359e-03 -6.830323498617101724e-03 -8.577498407608536574e-03 -9.755625091617790151e-03 -1.146367771623377566e-02 -1.257217457405694627e-02 -1.258956104903237797e-02 -1.116179451798626418e-02 -9.417766192652518228e-03 -7.088574907596997821e-03 -3.805697893417631355e-03 7.414035269793972562e-04 6.797228726850204801e-03 1.449588432126255530e-02 2.374584558425053143e-02 3.446488921920283499e-02 4.669666808073646286e-02 6.048979118482714773e-02 7.587554340646129880e-02 9.303775021258607614e-02 1.122425565417042165e-01 1.342696150749358996e-01 1.574178432669746941e-01 1.823345300679160286e-01 2.087945596054082142e-01 2.361233788916466125e-01 2.641057097838297452e-01 2.932218805755384405e-01 3.237133492464656093e-01 3.557439474973199123e-01 3.897281476354458318e-01 4.255581294800407921e-01 4.629410245125608614e-01 5.035069823401476796e-01 5.527133874907209643e-01
-2.903348586400671442e-04 1.485953479038702729e-04 1.023632104056281238e-04 -8.734613424459756201e-04 -2.246273709102450823e-03 -3.923031802367070789e-03 -6.105677210512361341e-03 -7.951927644499102651e-03 -9.365222692539360363e-03 -1.141175505915741593e-02 -1.299888042736244316e-02 -1.355720443357842989e-02 -1.270838184775109625e-02 -1.159946102682327118e-02 -9.884042797777544548e-03 -7.208913879453844771e-03 -3.234847522417577410e-03 2.303997270387580284e-03 9.559779930265202563e-03 1.845735988598962152e-02 2.893424490541100444e-02 4.105824624919511556e-02 5.490246821072099909e-02 7.052089109292572489e-02 8.810822792114783586e-02 1.079364207681155069e-01 1.307584915252431035e-01 1.550155187950321145e-01 1.813376217423604830e-01 2.095426057343615367e-01 2.390268262316587178e-01 2.696431403380891711e-01 3.019439410483131803e-01 3.363167416813578336e-01 3.731701752593503119e-01 4.132329510292098718e-01 4.566763819655185741e-01 5.035069823401476796e-01 5.558259412511167286e-01 6.198417595676519731e-01
