8.087266312094369691e-02 7.701642755891087433e-02 7.547158782157968593e-02 7.466989202194293518e-02 7.350602341691396535e-02 7.231180744050123843e-02 7.098352830114565415e-02 6.945444844834720854e-02 6.782886758786631221e-02 6.594259602820902455e-02 6.377217141065694150e-02 6.124746852441658590e-02 5.849744113009394675e-02 5.544279044482970653e-02 5.211484361659905751e-02 4.862532766924719529e-02 4.505080741362992025e-02 4.143885175526103998e-02 3.785602463070909113e-02 3.435219515224113840e-02 3.097587434613983601e-02 2.772704673177134663e-02 2.469075771423234408e-02 2.185064906368351309e-02 1.924919415749449039e-02 1.687491443313043557e-02 1.465268350675706654e-02 1.261758682553222599e-02 1.080949169085415433e-02 9.205435584248583200e-03 7.732168281298926193e-03 6.538829801752766950e-03 5.462354044074626755e-03 4.529360433356745090e-03 3.749379009020719234e-03 3.067674325261466033e-03 2.418260812418061411e-03 1.895568611945525322e-03 1.493844325912443982e-03 1.285016882235055346e-03
7.701642755891087433e-02 7.395596593990549916e-02 7.305513409046382467e-02 7.263915031487139240e-02 7.192888354807823459e-02 7.115573728641447215e-02 7.022046348013372130e-02 6.906419144183982561e-02 6.778405584937759187e-02 6.622510134108380853e-02 6.436125830349134769e-02 6.211655605352391779e-02 5.962569403052891265e-02 5.680228187561062875e-02 5.367789657217418575e-02 5.036020647539552614e-02 4.692893750538729841e-02 4.342942256667082362e-02 3.992875292228564160e-02 3.647842247234039936e-02 3.312975842913785246e-02 2.988390043526175169e-02 2.682966960343078147e-02 2.395224364309500587e-02 2.129844011375924689e-02 1.885493133256322187e-02 1.655240066622784556e-02 1.442640417402608899e-02 1.251487923118130285e-02 1.079553332841838055e-02 9.201263933441923906e-03 7.864769109268953881e-03 6.639854028031987911e-03 5.549825010341761719e-03 4.605609781486188353e-03 3.755759759837701446e-03 2.929954703514291766e-03 2.227604058469506796e-03 1.636076115285624343e-03 1.222062088313004800e-03
7.547158782157968593e-02 7.305513409046382467e-02 7.384684188653456438e-02 7.271735550968339012e-02 7.250720358377478469e-02 7.219620190401965232e-02 7.168983479806936843e-02 7.093278871553231058e-02 7.001837666941031213e-02 6.879328661197921246e-02 6.722639340970393285e-02 6.524079655879776174e-02 6.296518181483495846e-02 6.031288827997664109e-02 5.731394105559065033e-02 5.407843196271071295e-02 5.068514562712699012e-02 4.718395264042050258e-02 4.364555622490405573e-02 4.012598775595081768e-02 3.668176794950139125e-02 3.331743876147887085e-02 3.012842712828387240e-02 2.710238699469647364e-02 2.429160367520686453e-02 2.167855372726825922e-02 1.920223407905240903e-02 1.689609913065981406e-02 1.479977394837452519e-02 1.289181973212191572e-02 1.110938164416871814e-02 9.575329266946564291e-03 8.154164451641729428e-03 6.867470259169529238e-03 5.727466525339891881e-03 4.686169031176332794e-03 3.664071957690373266e-03 2.769622254332216541e-03 1.982952563178445784e-03 1.368616214499468551e-03
7.466989202194293518e-02 7.263915031487139240e-02 7.271735550968339012e-02 7.328547895281219138e-02 7.350986105445428409e-02 7.363350569512074062e-02 7.354335317224636182e-02 7.317909060635550966e-02 7.262819773962884973e-02 7.173629186329333329e-02 7.046512276397477736e-02 6.873552769805318929e-02 6.666829810422451874e-02 6.417627522285423991e-02 6.128764183876452692e-02 5.811514495206014652e-02 5.473655166644506714e-02 5.120734833398355584e-02 4.760271333101539354e-02 4.398428202025560230e-02 4.041474961798820903e-02 3.690346804457050878e-02 3.355278896379870063e-02 3.035356222484475799e-02 2.736409825400797427e-02 2.456168138121638672e-02 2.189543988584486886e-02 1.939448621073750628e-02 1.710106671950588006e-02 1.499432680546953188e-02 1.301532235441588831e-02 1.127707108016438690e-02 9.653981660059426234e-03 8.165506951869105565e-03 6.824487308981296886e-03 5.586279387114882235e-03 4.360640799046815522e-03 3.264887321748797915e-03 2.270710481744664562e-03 1.438486715675133844e-03
7.350602341691396535e-02 7.192888354807823459e-02 7.250720358377478469e-02 7.350986105445428409e-02 7.421833277427382358e-02 7.482783223006461704e-02 7.520996940642726836e-02 7.529689211640815116e-02 7.517111805993122176e-02 7.467388010105231733e-02 7.375797467956743403e-02 7.233991447656808182e-02 7.053196219595755934e-02 6.824505975138767111e-02 6.550480324907720364e-02 6.242620084553768961e-02 5.908561695228400912e-02 5.554446849533578590e-02 5.188300400080724656e-02 4.816943842343970883e-02 4.447371271250097347e-02 4.081122541786881552e-02 3.729193109484537499e-02 3.391035762249671598e-02 3.073376138746050298e-02 2.773101348683040812e-02 2.486575240987764016e-02 2.215889488244185065e-02 1.965770667779702038e-02 1.734163145448849863e-02 1.515542226922311948e-02 1.320266161654284204e-02 1.136704433958189535e-02 9.665837584658151793e-03 8.112287879444199032e-03 6.665068316791691524e-03 5.222331531044704933e-03 3.910788638876532518e-03 2.693497986946286407e-03 1.626805534396289204e-03
7.231180744050123843e-02 7.115573728641447215e-02 7.219620190401965232e-02 7.363350569512074062e-02 7.482783223006461704e-02 7.594605037133339565e-02 7.682176074498085760e-02 7.739911500343392425e-02 7.774800634147027711e-02 7.769648080241679799e-02 7.718653328314722950e-02 7.612773649881662830e-02 7.462307692356025257e-02 7.257974400504925427e-02 7.001968193393320883e-02 6.705926828883489177e-02 6.377292824620796330e-02 6.022825008540291791e-02 5.651125314663937166e-02 5.269792332387130546e-02 4.886671522426242614e-02 4.504048327558313886e-02 4.133710406414463356e-02 3.775067224448056674e-02 3.438712577244606994e-02 3.116316551625008743e-02 2.808686747944923179e-02 2.515794306601110142e-02 2.243472267142788967e-02 1.989587097859663381e-02 1.748947606617027792e-02 1.530968483665050457e-02 1.324895374962352379e-02 1.132211687764317701e-02 9.542425266781538046e-03 7.871620801798883543e-03 6.195448012994159669e-03 4.649605280921203197e-03 3.187527967373318498e-03 1.858782296778910270e-03
7.098352830114565415e-02 7.022046348013372130e-02 7.168983479806936843e-02 7.354335317224636182e-02 7.520996940642726836e-02 7.682176074498085760e-02 7.824650222942954036e-02 7.933148947557469577e-02 8.021519789093796426e-02 8.066756360068590148e-02 8.062319965799609467e-02 7.998202312970273398e-02 7.883696655228603078e-02 7.708848232744092144e-02 7.475314565372642717e-02 7.194700931950889777e-02 6.874169211482801523e-02 6.521087662377342276e-02 6.144715457264843944e-02 5.753579275241837987e-02 5.356551583934504590e-02 4.956873884273326619e-02 4.567377912339987134e-02 4.189199835999266042e-02 3.827520376833121879e-02 3.482353810460070420e-02 3.154862663630547681e-02 2.838094197403240662e-02 2.542506948724908289e-02 2.265414136784240848e-02 2.001887200918235632e-02 1.760383638980932836e-02 1.530968854387048522e-02 1.314852041536509163e-02 1.113316841863618706e-02 9.227965346840892244e-03 7.305912370036246779e-03 5.510701858754523015e-03 3.785171747538118581e-03 2.168558084174950114e-03
6.945444844834720854e-02 6.906419144183982561e-02 7.093278871553231058e-02 7.317909060635550966e-02 7.529689211640815116e-02 7.739911500343392425e-02 7.933148947557469577e-02 8.111216301135631968e-02 8.250617430119913664e-02 8.351530071902624197e-02 8.400036232680224701e-02 8.384300925124722748e-02 8.312492211510658091e-02 8.173527018248234743e-02 7.968273697658784238e-02 7.708003804565767558e-02 7.399433172873903786e-02 7.050455399189504979e-02 6.671043079177955970e-02 6.270801628048994214e-02 5.859811146472035381e-02 5.442449702046060767e-02 5.032660613895000024e-02 4.632348011196677634e-02 4.248817834712852876e-02 3.884465671050756075e-02 3.515976727016514869e-02 3.179923961843397068e-02 2.860483321643642399e-02 2.558851378234363455e-02 2.270819811853440687e-02 2.004020353343753669e-02 1.749348575943904249e-02 1.507748172023886876e-02 1.280454444646377844e-02 1.064116296239805970e-02 8.448172894357373203e-03 6.375797093867504803e-03 4.355689155703564019e-03 2.412955544989981577e-03
6.782886758786631221e-02 6.778405584937759187e-02 7.001837666941031213e-02 7.262819773962884973e-02 7.517111805993122176e-02 7.774800634147027711e-02 8.021519789093796426e-02 8.250617430119913664e-02 8.454698504507504597e-02 8.617678764045011430e-02 8.726050882403475761e-02 8.765612533413993934e-02 8.743678554801842528e-02 8.647483155306556757e-02 8.476897660848085880e-02 8.242456835958004990e-02 7.950202212987191042e-02 7.608404451901472354e-02 7.227799381429039771e-02 6.819239245899495760e-02 6.394219114565773132e-02 5.958454243128159106e-02 5.527116119301661579e-02 5.103020455824503615e-02 4.694411332632425493e-02 4.301756524197950654e-02 3.916355647148483249e-02 3.551860907735509415e-02 3.206408802708819034e-02 2.879232640228193696e-02 2.566165386939240831e-02 2.273802883779706477e-02 1.993735789274546019e-02 1.726545945787581401e-02 1.473330892730106631e-02 1.230807962584089602e-02 9.838981823234685398e-03 7.479625078999835482e-03 5.149057911804875813e-03 2.852634736247079087e-03
6.594259602820902455e-02 6.622510134108380853e-02 6.879328661197921246e-02 7.173629186329333329e-02 7.467388010105231733e-02 7.769648080241679799e-02 8.066756360068590148e-02 8.351530071902624197e-02 8.617678764045011430e-02 8.846033529818125851e-02 9.020530051498312774e-02 9.122297558165558262e-02 9.158687877947553624e-02 9.113701308645799637e-02 8.986003892448615749e-02 8.784801346442090708e-02 8.515101546942711874e-02 8.185260820217186983e-02 7.806779622986557976e-02 7.391920780857876017e-02 6.953832359403486207e-02 6.499805099942364273e-02 6.046460145129734648e-02 5.597800033669981384e-02 5.163259719949703230e-02 4.743602090190606607e-02 4.332302874650970775e-02 3.940704470190936615e-02 3.568585589902667499e-02 3.214989208882419042e-02 2.875944894155142706e-02 2.557062065068776979e-02 2.250590215492695792e-02 1.956725154928676616e-02 1.676406357684200391e-02 1.406284203449640474e-02 1.130309197474510530e-02 8.638613354916984538e-03 5.975551092272874190e-03 3.295317122326711125e-03
6.377217141065694150e-02 6.436125830349134769e-02 6.722639340970393285e-02 7.046512276397477736e-02 7.375797467956743403e-02 7.718653328314722950e-02 8.062319965799609467e-02 8.400036232680224701e-02 8.726050882403475761e-02 9.020530051498312774e-02 9.268396834328189449e-02 9.432511945497668027e-02 9.537226610844760921e-02 9.552972483102610546e-02 9.477797237162181865e-02 9.318852033473667973e-02 9.079628251135801742e-02 8.768107738886683766e-02 8.396483212086909564e-02 7.978553894094644883e-02 7.529351792927681253e-02 7.057970382409400889e-02 6.582708613281174070e-02 6.108989467902745107e-02 5.647637884151966714e-02 5.200865180782817537e-02 4.761602880013923733e-02 4.342240363456426749e-02 3.942722054443369845e-02 3.562096827271272331e-02 3.196492597545746994e-02 2.850589294484542208e-02 2.517219353922801536e-02 2.196149654643023835e-02 1.888143321956124721e-02 1.589574064700801162e-02 1.283681653902608334e-02 9.854636346064912789e-03 6.842243516446745201e-03 3.753219859191490437e-03
6.124746852441658590e-02 6.211655605352391779e-02 6.524079655879776174e-02 6.873552769805318929e-02 7.233991447656808182e-02 7.612773649881662830e-02 7.998202312970273398e-02 8.384300925124722748e-02 8.765612533413993934e-02 9.122297558165558262e-02 9.432511945497668027e-02 9.699031396019724971e-02 9.862850808628284560e-02 9.946776333290165140e-02 9.933663655532933012e-02 9.826751017561892454e-02 9.627138871361679007e-02 9.341644763934289775e-02 8.982920484888587409e-02 8.566322295756344241e-02 8.108948680674613052e-02 7.621886601839311659e-02 7.125375601589535590e-02 6.626564392515509050e-02 6.138317510146567429e-02 5.657017828655500069e-02 5.193410455131108189e-02 4.745936996439537037e-02 4.318563737340128800e-02 3.910407316861340410e-02 3.518075253571393418e-02 3.145111938886078345e-02 2.784910885788074650e-02 2.436782292911994843e-02 2.101355414362065729e-02 1.774405924128342679e-02 1.438853799851006789e-02 1.108896658834251751e-02 7.725692410081972002e-03 4.221796643986393607e-03
5.849744113009394675e-02 5.962569403052891265e-02 6.296518181483495846e-02 6.666829810422451874e-02 7.053196219595755934e-02 7.462307692356025257e-02 7.883696655228603078e-02 8.312492211510658091e-02 8.743678554801842528e-02 9.158687877947553624e-02 9.537226610844760921e-02 9.862850808628284560e-02 1.011168635554061807e-01 1.027362410166475226e-01 1.033252346805993843e-01 1.028816353006625217e-01 1.013860543912558226e-01 9.888513540262947044e-02 9.550622036940027704e-02 9.141705987823409152e-02 8.680984521159906819e-02 8.181618901110349062e-02 7.665947166549039182e-02 7.142986403670976980e-02 6.627511864731637503e-02 6.121071223027568786e-02 5.626490648653906246e-02 5.150435993510953103e-02 4.695088836781205477e-02 4.259634566458344457e-02 3.840794340263773560e-02 3.441192323759826449e-02 3.054656377955906887e-02 2.679972213935072692e-02 2.317807399909375607e-02 1.962624505053024368e-02 1.597669197286301357e-02 1.235789188593607382e-02 8.636933762804173409e-03 4.702658056065456282e-03
5.544279044482970653e-02 5.680228187561062875e-02 6.031288827997664109e-02 6.417627522285423991e-02 6.824505975138767111e-02 7.257974400504925427e-02 7.708848232744092144e-02 8.173527018248234743e-02 8.647483155306556757e-02 9.113701308645799637e-02 9.552972483102610546e-02 9.946776333290165140e-02 1.027362410166475226e-01 1.051620849068635871e-01 1.065195413924769491e-01 1.067894020626757312e-01 1.058966903336705789e-01 1.038506001073955382e-01 1.007724845518220697e-01 9.683964120795442165e-02 9.226364552115196016e-02 8.719572990412610691e-02 8.188129231375973482e-02 7.643092540279473879e-02 7.101686850890007174e-02 6.567502617821872890e-02 6.044188330018646776e-02 5.539730754635122795e-02 5.056502440429941347e-02 4.593919910640698046e-02 4.148915376214234313e-02 3.723243359472316882e-02 3.311086715018871085e-02 2.910613674178957541e-02 2.523818085896580368e-02 2.140693600145665565e-02 1.747430543708032233e-02 1.354588895870656798e-02 9.475522221308549722e-03 5.116283423980231247e-03
5.211484361659905751e-02 5.367789657217418575e-02 5.731394105559065033e-02 6.128764183876452692e-02 6.550480324907720364e-02 7.001968193393320883e-02 7.475314565372642717e-02 7.968273697658784238e-02 8.476897660848085880e-02 8.986003892448615749e-02 9.477797237162181865e-02 9.933663655532933012e-02 1.033252346805993843e-01 1.065195413924769491e-01 1.088340096261266182e-01 1.097456789313052128e-01 1.095492295195399646e-01 1.080615509639897692e-01 1.053909192843775766e-01 1.017150532534262936e-01 9.725939073875397578e-02 9.219039763346910388e-02 8.677552939777098684e-02 8.114445069136839994e-02 7.549843075926088165e-02 6.989524196303446846e-02 6.438893213285029615e-02 5.907013660712840536e-02 5.396770611599293471e-02 4.907981335978418846e-02 4.437883419908330435e-02 3.987532593634664918e-02 3.551522160793298133e-02 3.128171167846768852e-02 2.707907192245889369e-02 2.305314963655561225e-02 1.886389356155905583e-02 1.464727048293450185e-02 1.024708994738104256e-02 5.480760248383613475e-03
4.862532766924719529e-02 5.036020647539552614e-02 5.407843196271071295e-02 5.811514495206014652e-02 6.242620084553768961e-02 6.705926828883489177e-02 7.194700931950889777e-02 7.708003804565767558e-02 8.242456835958004990e-02 8.784801346442090708e-02 9.318852033473667973e-02 9.826751017561892454e-02 1.028816353006625217e-01 1.067894020626757312e-01 1.097456789313052128e-01 1.116347012270785671e-01 1.121386635606885368e-01 1.112860012455598319e-01 1.091230555003215030e-01 1.058100621447692069e-01 1.015754963003853290e-01 9.659385081151074248e-02 9.114556318954242231e-02 8.538584526782604101e-02 7.954361885657972031e-02 7.370249692269782715e-02 6.793914206574322434e-02 6.235662105283093504e-02 5.699174695111974137e-02 5.184876722842535202e-02 4.690411515728295372e-02 4.216285600592453719e-02 3.757287929620008876e-02 3.310910077894761716e-02 2.873147538476094470e-02 2.444176104848083328e-02 2.000990884054352700e-02 1.552518876121432127e-02 1.081737815175322186e-02 5.666797669673709174e-03
4.505080741362992025e-02 4.692893750538729841e-02 5.068514562712699012e-02 5.473655166644506714e-02 5.908561695228400912e-02 6.377292824620796330e-02 6.874169211482801523e-02 7.399433172873903786e-02 7.950202212987191042e-02 8.515101546942711874e-02 9.079628251135801742e-02 9.627138871361679007e-02 1.013860543912558226e-01 1.058966903336705789e-01 1.095492295195399646e-01 1.121386635606885368e-01 1.134089126041219614e-01 1.132704474319404520e-01 1.117278946359033520e-01 1.089087731545525656e-01 1.050296582820789554e-01 1.002595630268322408e-01 9.488954175703136207e-02 8.908917822745289483e-02 8.311997944079253797e-02 7.709432371160293562e-02 7.111498145136684046e-02 6.529996037074729809e-02 5.969714231654743575e-02 5.431958401624444044e-02 4.914960591600787271e-02 4.418976480563408665e-02 3.939035057902038478e-02 3.472214420690750147e-02 3.014723365585038339e-02 2.564503645834211379e-02 2.099887898979357556e-02 1.627354007705237790e-02 1.128591601639275868e-02 5.779172006011377115e-03
4.143885175526103998e-02 4.342942256667082362e-02 4.718395264042050258e-02 5.120734833398355584e-02 5.554446849533578590e-02 6.022825008540291791e-02 6.521087662377342276e-02 7.050455399189504979e-02 7.608404451901472354e-02 8.185260820217186983e-02 8.768107738886683766e-02 9.341644763934289775e-02 9.888513540262947044e-02 1.038506001073955382e-01 1.080615509639897692e-01 1.112860012455598319e-01 1.132704474319404520e-01 1.138641185927924682e-01 1.130175830864997705e-01 1.108068799810178195e-01 1.074162388043161526e-01 1.029908342208023520e-01 9.782092135224067231e-02 9.208434810606151710e-02 8.607349029605151913e-02 7.993177874453771814e-02 7.379018624526841041e-02 6.778401495777630625e-02 6.197529942842816553e-02 5.638892478031074657e-02 5.101529295010905074e-02 4.585807038753365872e-02 4.087026629168127173e-02 3.602032263563861164e-02 3.126849865050794486e-02 2.658272423057590414e-02 2.175197719997011558e-02 1.681836431960950437e-02 1.158615716194073830e-02 5.761962316917387111e-03
3.785602463070909113e-02 3.992875292228564160e-02 4.364555622490405573e-02 4.760271333101539354e-02 5.188300400080724656e-02 5.651125314663937166e-02 6.144715457264843944e-02 6.671043079177955970e-02 7.227799381429039771e-02 7.806779622986557976e-02 8.396483212086909564e-02 8.982920484888587409e-02 9.550622036940027704e-02 1.007724845518220697e-01 1.053909192843775766e-01 1.091230555003215030e-01 1.117278946359033520e-01 1.130175830864997705e-01 1.128957860534676866e-01 1.113787867471876802e-01 1.085983112034584613e-01 1.046520773900090906e-01 9.981658310757594854e-02 9.426664561002799647e-02 8.832098516030469082e-02 8.215384540148380765e-02 7.592415033850791195e-02 6.978566858881604662e-02 6.381705665381957882e-02 5.805802065910676407e-02 5.250953608651054427e-02 4.718053518747279684e-02 4.202753983948757238e-02 3.701885194695426345e-02 3.211278616773815403e-02 2.726981911703613495e-02 2.228294789833759268e-02 1.717292216288952150e-02 1.173189071931442229e-02 5.631238763792535511e-03
3.435219515224113840e-02 3.647842247234039936e-02 4.012598775595081768e-02 4.398428202025560230e-02 4.816943842343970883e-02 5.269792332387130546e-02 5.753579275241837987e-02 6.270801628048994214e-02 6.819239245899495760e-02 7.391920780857876017e-02 7.978553894094644883e-02 8.566322295756344241e-02 9.141705987823409152e-02 9.683964120795442165e-02 1.017150532534262936e-01 1.058100621447692069e-01 1.089087731545525656e-01 1.108068799810178195e-01 1.113787867471876802e-01 1.105872287832439793e-01 1.085014626898674339e-01 1.051458409973978075e-01 1.007754785250106200e-01 9.554427794323806789e-02 8.978814601578993804e-02 8.370773781224505328e-02 7.748602749861954742e-02 7.129427499181809069e-02 6.522881202095211217e-02 5.934665518958574804e-02 5.366189104712582036e-02 4.819305834770010871e-02 4.290153723844698785e-02 3.775816560412750822e-02 3.272061202345880049e-02 2.774475375990951426e-02 2.262783479780544615e-02 1.737112334373502529e-02 1.175570349302758853e-02 5.420261470911017648e-03
3.097587434613983601e-02 3.312975842913785246e-02 3.668176794950139125e-02 4.041474961798820903e-02 4.447371271250097347e-02 4.886671522426242614e-02 5.356551583934504590e-02 5.859811146472035381e-02 6.394219114565773132e-02 6.953832359403486207e-02 7.529351792927681253e-02 8.108948680674613052e-02 8.680984521159906819e-02 9.226364552115196016e-02 9.725939073875397578e-02 1.015754963003853290e-01 1.050296582820789554e-01 1.074162388043161526e-01 1.085983112034584613e-01 1.085014626898674339e-01 1.071546145552647045e-01 1.044210819211396080e-01 1.006304077358213950e-01 9.584958790695558006e-02 9.041991901528094455e-02 8.455808647134281653e-02 7.846286572040149510e-02 7.231909910833486665e-02 6.623965426602923534e-02 6.030033328633848527e-02 5.453061382514590855e-02 4.896261601323743939e-02 4.356454059977459686e-02 3.831276516018498890e-02 3.316645869686001696e-02 2.807975211498965964e-02 2.285542626392071675e-02 1.747784140905070394e-02 1.171871970105805606e-02 5.187717942694311177e-03
2.772704673177134663e-02 2.988390043526175169e-02 3.331743876147887085e-02 3.690346804457050878e-02 4.081122541786881552e-02 4.504048327558313886e-02 4.956873884273326619e-02 5.442449702046060767e-02 5.958454243128159106e-02 6.499805099942364273e-02 7.057970382409400889e-02 7.621886601839311659e-02 8.181618901110349062e-02 8.719572990412610691e-02 9.219039763346910388e-02 9.659385081151074248e-02 1.002595630268322408e-01 1.029908342208023520e-01 1.046520773900090906e-01 1.051458409973978075e-01 1.044210819211396080e-01 1.024464705325075220e-01 9.928515986550559558e-02 9.506423712199515985e-02 9.009477054839343246e-02 8.459334357514447511e-02 7.875828678459206866e-02 7.278187198231372834e-02 6.678957374318607310e-02 6.087594042126848876e-02 5.508739083079024212e-02 4.947254282302236683e-02 4.400880237670583284e-02 3.868106742478588655e-02 3.345265581629328772e-02 2.827899026551014203e-02 2.297050847856842853e-02 1.749800946083196126e-02 1.162663567353021225e-02 4.942317081886028231e-03
2.469075771423234408e-02 2.682966960343078147e-02 3.012842712828387240e-02 3.355278896379870063e-02 3.729193109484537499e-02 4.133710406414463356e-02 4.567377912339987134e-02 5.032660613895000024e-02 5.527116119301661579e-02 6.046460145129734648e-02 6.582708613281174070e-02 7.125375601589535590e-02 7.665947166549039182e-02 8.188129231375973482e-02 8.677552939777098684e-02 9.114556318954242231e-02 9.488954175703136207e-02 9.782092135224067231e-02 9.981658310757594854e-02 1.007754785250106200e-01 1.006304077358213950e-01 9.928515986550559558e-02 9.680085898182128057e-02 9.324141449607241394e-02 8.886820842537607179e-02 8.387747187710860308e-02 7.844919561579571932e-02 7.277630267706867995e-02 6.698991390772429666e-02 6.120166323398981700e-02 5.547543136010583964e-02 4.987738894212587204e-02 4.439694354634910606e-02 3.903011005466071326e-02 3.374717498958761802e-02 2.850809549197456244e-02 2.313360955295800866e-02 1.758463979218606241e-02 1.162276314536998291e-02 4.815548435135523324e-03
2.185064906368351309e-02 2.395224364309500587e-02 2.710238699469647364e-02 3.035356222484475799e-02 3.391035762249671598e-02 3.775067224448056674e-02 4.189199835999266042e-02 4.632348011196677634e-02 5.103020455824503615e-02 5.597800033669981384e-02 6.108989467902745107e-02 6.626564392515509050e-02 7.142986403670976980e-02 7.643092540279473879e-02 8.114445069136839994e-02 8.538584526782604101e-02 8.908917822745289483e-02 9.208434810606151710e-02 9.426664561002799647e-02 9.554427794323806789e-02 9.584958790695558006e-02 9.506423712199515985e-02 9.324141449607241394e-02 9.040626892122211045e-02 8.671662120124681850e-02 8.237090485377314419e-02 7.748760164939090533e-02 7.225755224343552441e-02 6.680529883427764604e-02 6.125555453137264406e-02 5.568812735229229649e-02 5.018502810660541158e-02 4.475015402563861655e-02 3.939226462961856190e-02 3.409115476576306258e-02 2.881443090291188613e-02 2.339605998712934731e-02 1.779104995221891458e-02 1.176107617937261103e-02 4.861287038341718415e-03
1.924919415749449039e-02 2.129844011375924689e-02 2.429160367520686453e-02 2.736409825400797427e-02 3.073376138746050298e-02 3.438712577244606994e-02 3.827520376833121879e-02 4.248817834712852876e-02 4.694411332632425493e-02 5.163259719949703230e-02 5.647637884151966714e-02 6.138317510146567429e-02 6.627511864731637503e-02 7.101686850890007174e-02 7.549843075926088165e-02 7.954361885657972031e-02 8.311997944079253797e-02 8.607349029605151913e-02 8.832098516030469082e-02 8.978814601578993804e-02 9.041991901528094455e-02 9.009477054839343246e-02 8.886820842537607179e-02 8.671662120124681850e-02 8.384839223931135621e-02 8.018074727081690722e-02 7.594047335072111327e-02 7.127774301208487928e-02 6.628345587363190794e-02 6.108868278131094481e-02 5.578425580993409683e-02 5.046297868453469837e-02 4.514438116745084217e-02 3.985021817586920090e-02 3.457156697271085433e-02 2.928640294113239728e-02 2.384473616991740832e-02 1.819938647505674884e-02 1.211571351925052470e-02 5.141590805927425192e-03
1.687491443313043557e-02 1.885493133256322187e-02 2.167855372726825922e-02 2.456168138121638672e-02 2.773101348683040812e-02 3.116316551625008743e-02 3.482353810460070420e-02 3.884465671050756075e-02 4.301756524197950654e-02 4.743602090190606607e-02 5.200865180782817537e-02 5.657017828655500069e-02 6.121071223027568786e-02 6.567502617821872890e-02 6.989524196303446846e-02 7.370249692269782715e-02 7.709432371160293562e-02 7.993177874453771814e-02 8.215384540148380765e-02 8.370773781224505328e-02 8.455808647134281653e-02 8.459334357514447511e-02 8.387747187710860308e-02 8.237090485377314419e-02 8.018074727081690722e-02 7.737177713471794782e-02 7.374261738440356095e-02 6.977025010734279331e-02 6.535570441305195433e-02 6.063970539852592961e-02 5.571643780330688689e-02 5.068177081795594702e-02 4.556955320999933612e-02 4.041316953346971164e-02 3.521557001212369947e-02 2.996707307159153164e-02 2.453612990944739614e-02 1.887670606531060766e-02 1.276131414607763713e-02 5.734561521342262762e-03
1.465268350675706654e-02 1.655240066622784556e-02 1.920223407905240903e-02 2.189543988584486886e-02 2.486575240987764016e-02 2.808686747944923179e-02 3.154862663630547681e-02 3.515976727016514869e-02 3.916355647148483249e-02 4.332302874650970775e-02 4.761602880013923733e-02 5.193410455131108189e-02 5.626490648653906246e-02 6.044188330018646776e-02 6.438893213285029615e-02 6.793914206574322434e-02 7.111498145136684046e-02 7.379018624526841041e-02 7.592415033850791195e-02 7.748602749861954742e-02 7.846286572040149510e-02 7.875828678459206866e-02 7.844919561579571932e-02 7.748760164939090533e-02 7.594047335072111327e-02 7.374261738440356095e-02 7.117260098113509237e-02 6.784234134457231558e-02 6.408975364325997237e-02 5.996641429101062792e-02 5.554727758365609475e-02 5.091911191038144685e-02 4.612428322968447486e-02 4.120414332502571331e-02 3.617235267154065431e-02 3.103245086408269043e-02 2.567325411725267584e-02 2.005324103420702900e-02 1.395610624729131354e-02 6.930143277412982930e-03
1.261758682553222599e-02 1.442640417402608899e-02 1.689609913065981406e-02 1.939448621073750628e-02 2.215889488244185065e-02 2.515794306601110142e-02 2.838094197403240662e-02 3.179923961843397068e-02 3.551860907735509415e-02 3.940704470190936615e-02 4.342240363456426749e-02 4.745936996439537037e-02 5.150435993510953103e-02 5.539730754635122795e-02 5.907013660712840536e-02 6.235662105283093504e-02 6.529996037074729809e-02 6.778401495777630625e-02 6.978566858881604662e-02 7.129427499181809069e-02 7.231909910833486665e-02 7.278187198231372834e-02 7.277630267706867995e-02 7.225755224343552441e-02 7.127774301208487928e-02 6.977025010734279331e-02 6.784234134457231558e-02 6.529524198117475642e-02 6.229148419708377404e-02 5.885972655258998876e-02 5.504811478168227662e-02 5.093003708341731217e-02 4.654959148138521075e-02 4.195127499923368558e-02 3.715669787991163903e-02 3.218218350232757152e-02 2.693762287178327539e-02 2.138819187585051795e-02 1.533185621020031336e-02 8.323252812518111554e-03
1.080949169085415433e-02 1.251487923118130285e-02 1.479977394837452519e-02 1.710106671950588006e-02 1.965770667779702038e-02 2.243472267142788967e-02 2.542506948724908289e-02 2.860483321643642399e-02 3.206408802708819034e-02 3.568585589902667499e-02 3.942722054443369845e-02 4.318563737340128800e-02 4.695088836781205477e-02 5.056502440429941347e-02 5.396770611599293471e-02 5.699174695111974137e-02 5.969714231654743575e-02 6.197529942842816553e-02 6.381705665381957882e-02 6.522881202095211217e-02 6.623965426602923534e-02 6.678957374318607310e-02 6.698991390772429666e-02 6.680529883427764604e-02 6.628345587363190794e-02 6.535570441305195433e-02 6.408975364325997237e-02 6.229148419708377404e-02 6.007569539524856839e-02 5.740962122643457344e-02 5.429119888150800433e-02 5.078494157363702688e-02 4.692672295745602129e-02 4.275599747513406795e-02 3.829635483878426894e-02 3.357413838397368955e-02 2.851921929079302351e-02 2.310459996817655279e-02 1.714507461938013719e-02 1.020560008598965160e-02
9.205435584248583200e-03 1.079553332841838055e-02 1.289181973212191572e-02 1.499432680546953188e-02 1.734163145448849863e-02 1.989587097859663381e-02 2.265414136784240848e-02 2.558851378234363455e-02 2.879232640228193696e-02 3.214989208882419042e-02 3.562096827271272331e-02 3.910407316861340410e-02 4.259634566458344457e-02 4.593919910640698046e-02 4.907981335978418846e-02 5.184876722842535202e-02 5.431958401624444044e-02 5.638892478031074657e-02 5.805802065910676407e-02 5.934665518958574804e-02 6.030033328633848527e-02 6.087594042126848876e-02 6.120166323398981700e-02 6.125555453137264406e-02 6.108868278131094481e-02 6.063970539852592961e-02 5.996641429101062792e-02 5.885972655258998876e-02 5.740962122643457344e-02 5.552815459532222525e-02 5.316155518258321167e-02 5.035606661742451223e-02 4.712317701837086953e-02 4.348902106791101285e-02 3.947124908665614051e-02 3.510156303209311518e-02 3.032675819722361471e-02 2.512752199674074191e-02 1.933720919408847896e-02 1.253466997278996665e-02
7.732168281298926193e-03 9.201263933441923906e-03 1.110938164416871814e-02 1.301532235441588831e-02 1.515542226922311948e-02 1.748947606617027792e-02 2.001887200918235632e-02 2.270819811853440687e-02 2.566165386939240831e-02 2.875944894155142706e-02 3.196492597545746994e-02 3.518075253571393418e-02 3.840794340263773560e-02 4.148915376214234313e-02 4.437883419908330435e-02 4.690411515728295372e-02 4.914960591600787271e-02 5.101529295010905074e-02 5.250953608651054427e-02 5.366189104712582036e-02 5.453061382514590855e-02 5.508739083079024212e-02 5.547543136010583964e-02 5.568812735229229649e-02 5.578425580993409683e-02 5.571643780330688689e-02 5.554727758365609475e-02 5.504811478168227662e-02 5.429119888150800433e-02 5.316155518258321167e-02 5.167131930639796977e-02 4.954594687897762029e-02 4.702796540792632957e-02 4.403768541671664732e-02 4.057628249393970682e-02 3.667403204920969412e-02 3.228900021595760422e-02 2.740783167452606056e-02 2.188315515250105481e-02 1.531141328790871711e-02
6.538829801752766950e-03 7.864769109268953881e-03 9.575329266946564291e-03 1.127707108016438690e-02 1.320266161654284204e-02 1.530968483665050457e-02 1.760383638980932836e-02 2.004020353343753669e-02 2.273802883779706477e-02 2.557062065068776979e-02 2.850589294484542208e-02 3.145111938886078345e-02 3.441192323759826449e-02 3.723243359472316882e-02 3.987532593634664918e-02 4.216285600592453719e-02 4.418976480563408665e-02 4.585807038753365872e-02 4.718053518747279684e-02 4.819305834770010871e-02 4.896261601323743939e-02 4.947254282302236683e-02 4.987738894212587204e-02 5.018502810660541158e-02 5.046297868453469837e-02 5.068177081795594702e-02 5.091911191038144685e-02 5.093003708341731217e-02 5.078494157363702688e-02 5.035606661742451223e-02 4.954594687897762029e-02 4.828189388863328435e-02 4.653959871490339489e-02 4.427979400970889073e-02 4.147872275327585401e-02 3.815811032744134690e-02 3.427884811243492313e-02 2.982982716212116345e-02 2.468178695196499711e-02 1.845074914020966225e-02
5.462354044074626755e-03 6.639854028031987911e-03 8.154164451641729428e-03 9.653981660059426234e-03 1.136704433958189535e-02 1.324895374962352379e-02 1.530968854387048522e-02 1.749348575943904249e-02 1.993735789274546019e-02 2.250590215492695792e-02 2.517219353922801536e-02 2.784910885788074650e-02 3.054656377955906887e-02 3.311086715018871085e-02 3.551522160793298133e-02 3.757287929620008876e-02 3.939035057902038478e-02 4.087026629168127173e-02 4.202753983948757238e-02 4.290153723844698785e-02 4.356454059977459686e-02 4.400880237670583284e-02 4.439694354634910606e-02 4.475015402563861655e-02 4.514438116745084217e-02 4.556955320999933612e-02 4.612428322968447486e-02 4.654959148138521075e-02 4.692672295745602129e-02 4.712317701837086953e-02 4.702796540792632957e-02 4.653959871490339489e-02 4.560062140595732422e-02 4.413816166282737152e-02 4.209394561943653051e-02 3.947558207911251726e-02 3.623439782630587941e-02 3.235643583540902951e-02 2.772795952302705563e-02 2.198770461817557698e-02
4.529360433356745090e-03 5.549825010341761719e-03 6.867470259169529238e-03 8.165506951869105565e-03 9.665837584658151793e-03 1.132211687764317701e-02 1.314852041536509163e-02 1.507748172023886876e-02 1.726545945787581401e-02 1.956725154928676616e-02 2.196149654643023835e-02 2.436782292911994843e-02 2.679972213935072692e-02 2.910613674178957541e-02 3.128171167846768852e-02 3.310910077894761716e-02 3.472214420690750147e-02 3.602032263563861164e-02 3.701885194695426345e-02 3.775816560412750822e-02 3.831276516018498890e-02 3.868106742478588655e-02 3.903011005466071326e-02 3.939226462961856190e-02 3.985021817586920090e-02 4.041316953346971164e-02 4.120414332502571331e-02 4.195127499923368558e-02 4.275599747513406795e-02 4.348902106791101285e-02 4.403768541671664732e-02 4.427979400970889073e-02 4.413816166282737152e-02 4.350980893398576077e-02 4.229312437555492188e-02 4.049271440509710079e-02 3.802689384904289760e-02 3.487555674926047511e-02 3.093614749388145027e-02 2.587374056583193263e-02
3.749379009020719234e-03 4.605609781486188353e-03 5.727466525339891881e-03 6.824487308981296886e-03 8.112287879444199032e-03 9.542425266781538046e-03 1.113316841863618706e-02 1.280454444646377844e-02 1.473330892730106631e-02 1.676406357684200391e-02 1.888143321956124721e-02 2.101355414362065729e-02 2.317807399909375607e-02 2.523818085896580368e-02 2.707907192245889369e-02 2.873147538476094470e-02 3.014723365585038339e-02 3.126849865050794486e-02 3.211278616773815403e-02 3.272061202345880049e-02 3.316645869686001696e-02 3.345265581629328772e-02 3.374717498958761802e-02 3.409115476576306258e-02 3.457156697271085433e-02 3.521557001212369947e-02 3.617235267154065431e-02 3.715669787991163903e-02 3.829635483878426894e-02 3.947124908665614051e-02 4.057628249393970682e-02 4.147872275327585401e-02 4.209394561943653051e-02 4.229312437555492188e-02 4.202743364753613181e-02 4.109520775899209999e-02 3.953480679889800203e-02 3.727778125058548581e-02 3.422415490876756089e-02 3.007059004377630670e-02
3.067674325261466033e-03 3.755759759837701446e-03 4.686169031176332794e-03 5.586279387114882235e-03 6.665068316791691524e-03 7.871620801798883543e-03 9.227965346840892244e-03 1.064116296239805970e-02 1.230807962584089602e-02 1.406284203449640474e-02 1.589574064700801162e-02 1.774405924128342679e-02 1.962624505053024368e-02 2.140693600145665565e-02 2.305314963655561225e-02 2.444176104848083328e-02 2.564503645834211379e-02 2.658272423057590414e-02 2.726981911703613495e-02 2.774475375990951426e-02 2.807975211498965964e-02 2.827899026551014203e-02 2.850809549197456244e-02 2.881443090291188613e-02 2.928640294113239728e-02 2.996707307159153164e-02 3.103245086408269043e-02 3.218218350232757152e-02 3.357413838397368955e-02 3.510156303209311518e-02 3.667403204920969412e-02 3.815811032744134690e-02 3.947558207911251726e-02 4.049271440509710079e-02 4.109520775899209999e-02 4.120894754232214824e-02 4.065293478106003083e-02 3.948052563247756580e-02 3.754996856008560591e-02 3.460466504158521417e-02
2.418260812418061411e-03 2.929954703514291766e-03 3.664071957690373266e-03 4.360640799046815522e-03 5.222331531044704933e-03 6.195448012994159669e-03 7.305912370036246779e-03 8.448172894357373203e-03 9.838981823234685398e-03 1.130309197474510530e-02 1.283681653902608334e-02 1.438853799851006789e-02 1.597669197286301357e-02 1.747430543708032233e-02 1.886389356155905583e-02 2.000990884054352700e-02 2.099887898979357556e-02 2.175197719997011558e-02 2.228294789833759268e-02 2.262783479780544615e-02 2.285542626392071675e-02 2.297050847856842853e-02 2.313360955295800866e-02 2.339605998712934731e-02 2.384473616991740832e-02 2.453612990944739614e-02 2.567325411725267584e-02 2.693762287178327539e-02 2.851921929079302351e-02 3.032675819722361471e-02 3.228900021595760422e-02 3.427884811243492313e-02 3.623439782630587941e-02 3.802689384904289760e-02 3.953480679889800203e-02 4.065293478106003083e-02 4.132275703970270803e-02 4.142103719924184607e-02 4.088296989020410999e-02 3.952339992018510939e-02
1.895568611945525322e-03 2.227604058469506796e-03 2.769622254332216541e-03 3.264887321748797915e-03 3.910788638876532518e-03 4.649605280921203197e-03 5.510701858754523015e-03 6.375797093867504803e-03 7.479625078999835482e-03 8.638613354916984538e-03 9.854636346064912789e-03 1.108896658834251751e-02 1.235789188593607382e-02 1.354588895870656798e-02 1.464727048293450185e-02 1.552518876121432127e-02 1.627354007705237790e-02 1.681836431960950437e-02 1.717292216288952150e-02 1.737112334373502529e-02 1.747784140905070394e-02 1.749800946083196126e-02 1.758463979218606241e-02 1.779104995221891458e-02 1.819938647505674884e-02 1.887670606531060766e-02 2.005324103420702900e-02 2.138819187585051795e-02 2.310459996817655279e-02 2.512752199674074191e-02 2.740783167452606056e-02 2.982982716212116345e-02 3.235643583540902951e-02 3.487555674926047511e-02 3.727778125058548581e-02 3.948052563247756580e-02 4.142103719924184607e-02 4.299121035243542999e-02 4.416174241858152050e-02 4.488658541581443118e-02
1.493844325912443982e-03 1.636076115285624343e-03 1.982952563178445784e-03 2.270710481744664562e-03 2.693497986946286407e-03 3.187527967373318498e-03 3.785171747538118581e-03 4.355689155703564019e-03 5.149057911804875813e-03 5.975551092272874190e-03 6.842243516446745201e-03 7.725692410081972002e-03 8.636933762804173409e-03 9.475522221308549722e-03 1.024708994738104256e-02 1.081737815175322186e-02 1.128591601639275868e-02 1.158615716194073830e-02 1.173189071931442229e-02 1.175570349302758853e-02 1.171871970105805606e-02 1.162663567353021225e-02 1.162276314536998291e-02 1.176107617937261103e-02 1.211571351925052470e-02 1.276131414607763713e-02 1.395610624729131354e-02 1.533185621020031336e-02 1.714507461938013719e-02 1.933720919408847896e-02 2.188315515250105481e-02 2.468178695196499711e-02 2.772795952302705563e-02 3.093614749388145027e-02 3.422415490876756089e-02 3.754996856008560591e-02 4.088296989020410999e-02 4.416174241858152050e-02 4.745915547848480326e-02 5.102034163919953041e-02
1.285016882235055346e-03 1.222062088313004800e-03 1.368616214499468551e-03 1.438486715675133844e-03 1.626805534396289204e-03 1.858782296778910270e-03 2.168558084174950114e-03 2.412955544989981577e-03 2.852634736247079087e-03 3.295317122326711125e-03 3.753219859191490437e-03 4.221796643986393607e-03 4.702658056065456282e-03 5.116283423980231247e-03 5.480760248383613475e-03 5.666797669673709174e-03 5.779172006011377115e-03 5.761962316917387111e-03 5.631238763792535511e-03 5.420261470911017648e-03 5.187717942694311177e-03 4.942317081886028231e-03 4.815548435135523324e-03 4.861287038341718415e-03 5.141590805927425192e-03 5.734561521342262762e-03 6.930143277412982930e-03 8.323252812518111554e-03 1.020560008598965160e-02 1.253466997278996665e-02 1.531141328790871711e-02 1.845074914020966225e-02 2.198770461817557698e-02 2.587374056583193263e-02 3.007059004377630670e-02 3.460466504158521417e-02 3.952339992018510939e-02 4.488658541581443118e-02 5.102034163919953041e-02 5.899660937369811953e-02
