6.904105079124801814e-02 6.557950551636987369e-02 6.340573694019160933e-02 6.167294526356137396e-02 5.989428038286974398e-02 5.816287067713324377e-02 5.644976202112403363e-02 5.466278499323709572e-02 5.286173972361731671e-02 5.096639493728551129e-02 4.894557886779459660e-02 4.680044696389629166e-02 4.456795898252621790e-02 4.221198837984658364e-02 3.972933584638470295e-02 3.721707202099500122e-02 3.467742029142173443e-02 3.214237911539375575e-02 2.964367574264604316e-02 2.720539046587235055e-02 2.485052564747763926e-02 2.258626794518030570e-02 2.044783651342151412e-02 1.843855354519498280e-02 1.651696836890869519e-02 1.478935584826663804e-02 1.313759437872619867e-02 1.163197711405349749e-02 1.025432625200264382e-02 9.003141459650946740e-03 7.800899147874501734e-03 6.827510141997035834e-03 5.896872682859593574e-03 5.078539318785249904e-03 4.326833327273172519e-03 3.671204386860027914e-03 3.094946228132254302e-03 2.593382381193735844e-03 2.230243841129862618e-03 2.123060740064608952e-03
6.557950551636987369e-02 6.291303857727850724e-02 6.136127093437808433e-02 6.011115115262210401e-02 5.879423264207105093e-02 5.748224680655746738e-02 5.615253426802910286e-02 5.471891736108260018e-02 5.323938058666839029e-02 5.163895187295616113e-02 4.988671525505954801e-02 4.798405037115280325e-02 4.596759999768236515e-02 4.380032056397584195e-02 4.147830338866542732e-02 3.909865044022077518e-02 3.666358198705347432e-02 3.420591340662744451e-02 3.175838415103342943e-02 2.934673718634774053e-02 2.699611222984247758e-02 2.471517360829006763e-02 2.254168018897995465e-02 2.048047720541523731e-02 1.849348195613074661e-02 1.668384566191651389e-02 1.494263124863704981e-02 1.333614579125810828e-02 1.184948674551861841e-02 1.048261623317386405e-02 9.165622420900056133e-03 8.061633057110809478e-03 7.002790213934998245e-03 6.053824739726859812e-03 5.170839282020817280e-03 4.383634991909619513e-03 3.675704963291164841e-03 3.043046223941077693e-03 2.545735714968733014e-03 2.301962780457979772e-03
6.340573694019160933e-02 6.136127093437808433e-02 6.059978453196625259e-02 5.950989047775164659e-02 5.861750978277904811e-02 5.769524799830617889e-02 5.672506669747217484e-02 5.562316074312732839e-02 5.444603328847811424e-02 5.312095225693603401e-02 5.161586753411548378e-02 4.993391476948455532e-02 4.810792498185832017e-02 4.610127614348799585e-02 4.390835304290687663e-02 4.162826066270342018e-02 3.926170296237743718e-02 3.684366937482692200e-02 3.440852054217230505e-02 3.198421543807664774e-02 2.959850061705494514e-02 2.726203749261230103e-02 2.501578306991330755e-02 2.286677315299122729e-02 2.077961221075798337e-02 1.885660984970051121e-02 1.699494700559171442e-02 1.525951992582895954e-02 1.363819778088127405e-02 1.213239983764243315e-02 1.067820212539141722e-02 9.426806294885308260e-03 8.223768859776119447e-03 7.130843093668333930e-03 6.105252920997768749e-03 5.177667677034565943e-03 4.331514330163072947e-03 3.563322835087288226e-03 2.931194432339352066e-03 2.557461459689219438e-03
6.167294526356137396e-02 6.011115115262210401e-02 5.950989047775164659e-02 5.911560382597579738e-02 5.860001510871229446e-02 5.803581669177856894e-02 5.740267505410052984e-02 5.661594245126697761e-02 5.572939962666943747e-02 5.467096852065753132e-02 5.340657275619212913e-02 5.194033331561943856e-02 5.030086026506268987e-02 4.845137348096039548e-02 4.638409400610293831e-02 4.420008181610549092e-02 4.189811718260381956e-02 3.951532903944536546e-02 3.708772849374752933e-02 3.464561613973179965e-02 3.221950125506014423e-02 2.982233926931998971e-02 2.749836109383695451e-02 2.525702173746588799e-02 2.306591386584531250e-02 2.102634281170608077e-02 1.904196279630709573e-02 1.717612443646351905e-02 1.541946078721267120e-02 1.377475010840113583e-02 1.218370800804920336e-02 1.078613687386137041e-02 9.440221771752991750e-03 8.204661625153772744e-03 7.037633877189266272e-03 5.970473216946985996e-03 4.986220195443012010e-03 4.081716584431707880e-03 3.312978465569696787e-03 2.805941077623266919e-03
5.989428038286974398e-02 5.879423264207105093e-02 5.861750978277904811e-02 5.860001510871229446e-02 5.846033769083092829e-02 5.825777022115413012e-02 5.797007669185606088e-02 5.751013154046280551e-02 5.692884626153631861e-02 5.615318524721256421e-02 5.514644149856288979e-02 5.391303512735517306e-02 5.247720616472840299e-02 5.080128243513369612e-02 4.887479855577452764e-02 4.680061576951125013e-02 4.457514491334038653e-02 4.223749324736832123e-02 3.982530885999125553e-02 3.737134493420139064e-02 3.490904287422980090e-02 3.245393404659031172e-02 3.005364679970385505e-02 2.772028054143590298e-02 2.542496975950809396e-02 2.326775521350255699e-02 2.115940095278378771e-02 1.916149515152374555e-02 1.726763376078528298e-02 1.548195660115967744e-02 1.375155231723237947e-02 1.220552143017158281e-02 1.071399606560983868e-02 9.332732947919926414e-03 8.020823692370672789e-03 6.810268975052155734e-03 5.683587630383987559e-03 4.637937663462687529e-03 3.727382079534439802e-03 3.081165037395976799e-03
5.816287067713324377e-02 5.748224680655746738e-02 5.769524799830617889e-02 5.803581669177856894e-02 5.825777022115413012e-02 5.841070185371054907e-02 5.846828657035422344e-02 5.834019401498965335e-02 5.807460588921001948e-02 5.759428244369109440e-02 5.685921524380142117e-02 5.587332117997134695e-02 5.465620274446103544e-02 5.316846704890462738e-02 5.139638330005065481e-02 4.944416754212434956e-02 4.730545689376140783e-02 4.502111422672867846e-02 4.263041447686825858e-02 4.016870840597799169e-02 3.767257694872520879e-02 3.516045219467829608e-02 3.268345963263433185e-02 3.025616444159229257e-02 2.785628348871380458e-02 2.557859681154394521e-02 2.334397425469181969e-02 2.121123361612257605e-02 1.917743405988984670e-02 1.724801732432594895e-02 1.537520911505233998e-02 1.367790520457384286e-02 1.203765960952895252e-02 1.050731090228596010e-02 9.046827534027747711e-03 7.688775325861457732e-03 6.414970974384972754e-03 5.222739737560796840e-03 4.163968300014464323e-03 3.369811066716594389e-03
5.644976202112403363e-02 5.615253426802910286e-02 5.672506669747217484e-02 5.740267505410052984e-02 5.797007669185606088e-02 5.846828657035422344e-02 5.887213337331066720e-02 5.907663141314119237e-02 5.914070802103982977e-02 5.897099869239404851e-02 5.852463598885132567e-02 5.780427433376263135e-02 5.682457016888269735e-02 5.554343534821971212e-02 5.394318141218349544e-02 5.212864897219311733e-02 5.009022180695763687e-02 4.787017793455432962e-02 4.550938204369296691e-02 4.304594787322844895e-02 4.051985307834979344e-02 3.795283298575544140e-02 3.539982668992234377e-02 3.287969745187099141e-02 3.036868318614682413e-02 2.796868849163506796e-02 2.560692077952310755e-02 2.333591624125354660e-02 2.115895622945444809e-02 1.908248671128694521e-02 1.706363168388292870e-02 1.521152663143757883e-02 1.341869114438996695e-02 1.173504852653187505e-02 1.012141662377037676e-02 8.610797748395328244e-03 7.184126954477947080e-03 5.838688349133131124e-03 4.623808702120626481e-03 3.670602252956194859e-03
5.466278499323709572e-02 5.471891736108260018e-02 5.562316074312732839e-02 5.661594245126697761e-02 5.751013154046280551e-02 5.834019401498965335e-02 5.907663141314119237e-02 5.965927495986095286e-02 6.004326532479702105e-02 6.019848819724855915e-02 6.005992100162889369e-02 5.962671437244693867e-02 5.890778456920543749e-02 5.785692213193976974e-02 5.645153681676328555e-02 5.479604066805979223e-02 5.287683687522144738e-02 5.073706962453725100e-02 4.841906355389963279e-02 4.596382252811136854e-02 4.341496231537946698e-02 4.079786667179494813e-02 3.817143634517918688e-02 3.555815492197651057e-02 3.293996974949393863e-02 3.041975170544803514e-02 2.791401255688753108e-02 2.550651341268745861e-02 2.318378909074073416e-02 2.095671912014797009e-02 1.878746485058231316e-02 1.677605431173020967e-02 1.482558291989414731e-02 1.298315949133740238e-02 1.121049734835616665e-02 9.541012826799392596e-03 7.954678332052309009e-03 6.448622826238369597e-03 5.069329026064359027e-03 3.945995272646245743e-03
5.286173972361731671e-02 5.323938058666839029e-02 5.444603328847811424e-02 5.572939962666943747e-02 5.692884626153631861e-02 5.807460588921001948e-02 5.914070802103982977e-02 6.004326532479702105e-02 6.078002477416247912e-02 6.127579030096218238e-02 6.146391338101933610e-02 6.134014607536817515e-02 6.090678762770054128e-02 6.011173413952921457e-02 5.892656592081770006e-02 5.745398859028300748e-02 5.567547620800471914e-02 5.363434642256841023e-02 5.137422113562055415e-02 4.893914367511680019e-02 4.637665844230121071e-02 4.371619616709220002e-02 4.102086590005608879e-02 3.831718190609589153e-02 3.559230074473451050e-02 3.294686753399888451e-02 3.031692788602277991e-02 2.776728768756456939e-02 2.529811161445127271e-02 2.292048223071982763e-02 2.060076438402662358e-02 1.843019955595350326e-02 1.632194851166855407e-02 1.432019427180990234e-02 1.238742681648077708e-02 1.055727211300913800e-02 8.808454035733144158e-03 7.137586820309649652e-03 5.587651828108108031e-03 4.283442989648851736e-03
5.096639493728551129e-02 5.163895187295616113e-02 5.312095225693603401e-02 5.467096852065753132e-02 5.615318524721256421e-02 5.759428244369109440e-02 5.897099869239404851e-02 6.019848819724855915e-02 6.127579030096218238e-02 6.211893854896389372e-02 6.264732895727154194e-02 6.285680542313822061e-02 6.273767425259046959e-02 6.222852957468073126e-02 6.129414918977214161e-02 6.003409372107848530e-02 5.842338019009787886e-02 5.650450391061143107e-02 5.432205716665457901e-02 5.192318894374982341e-02 4.935963705082670877e-02 4.666525631208141150e-02 4.390768927753525841e-02 4.111796882003127679e-02 3.828918914711965105e-02 3.552094899968042535e-02 3.276168101879204514e-02 3.007133679673687846e-02 2.745499969765498663e-02 2.492572089968038418e-02 2.245346689019557529e-02 2.012164046738853379e-02 1.785298220495401197e-02 1.568879570464146167e-02 1.359230899497371019e-02 1.159738350509029702e-02 9.681302918234113014e-03 7.839994154735744486e-03 6.112529734164974700e-03 4.617332958014730079e-03
4.894557886779459660e-02 4.988671525505954801e-02 5.161586753411548378e-02 5.340657275619212913e-02 5.514644149856288979e-02 5.685921524380142117e-02 5.852463598885132567e-02 6.005992100162889369e-02 6.146391338101933610e-02 6.264732895727154194e-02 6.359383847919569677e-02 6.409539054048971063e-02 6.431926459796317996e-02 6.412655469674259645e-02 6.347541772559291140e-02 6.246093848093731138e-02 6.104923259551875425e-02 5.928061419782163638e-02 5.720005608286345827e-02 5.485768980756219187e-02 5.230958715316291058e-02 4.959428758543420190e-02 4.678426023423275931e-02 4.391548586759010109e-02 4.098784184587393742e-02 3.809727278441658871e-02 3.521243846771650310e-02 3.238265539935641923e-02 2.961925280889859263e-02 2.694023584367366900e-02 2.431375424236454502e-02 2.181959582247675403e-02 1.938890632674579451e-02 1.706011357461661992e-02 1.479702800401824087e-02 1.263393690975951784e-02 1.054634208455485292e-02 8.529316671447115250e-03 6.617743930278768665e-03 4.922189528906899605e-03
4.680044696389629166e-02 4.798405037115280325e-02 4.993391476948455532e-02 5.194033331561943856e-02 5.391303512735517306e-02 5.587332117997134695e-02 5.780427433376263135e-02 5.962671437244693867e-02 6.134014607536817515e-02 6.285680542313822061e-02 6.409539054048971063e-02 6.507284964708100194e-02 6.561793317848511886e-02 6.576542251808475958e-02 6.542741829815949817e-02 6.469220752570735422e-02 6.351251300434652969e-02 6.192470045085137625e-02 5.997318293446238235e-02 5.771068699497974852e-02 5.519757882491296841e-02 5.247717891004539947e-02 4.962697585855505023e-02 4.668803940563304167e-02 4.366640894494910191e-02 4.068902534240161073e-02 3.766221588868228637e-02 3.469624514875124799e-02 3.179083533473025386e-02 2.895727371069620540e-02 2.618340557747730543e-02 2.353084729636611624e-02 2.094146713078641475e-02 1.845113612476278336e-02 1.602396706336112198e-02 1.369537204883088111e-02 1.143842153188150829e-02 9.247375381221424606e-03 7.152573167103461020e-03 5.255286768634493365e-03
4.456795898252621790e-02 4.596759999768236515e-02 4.810792498185832017e-02 5.030086026506268987e-02 5.247720616472840299e-02 5.465620274446103544e-02 5.682457016888269735e-02 5.890778456920543749e-02 6.090678762770054128e-02 6.273767425259046959e-02 6.431926459796317996e-02 6.561793317848511886e-02 6.655208087431575825e-02 6.706734074994190331e-02 6.706937592958811534e-02 6.664844841048733759e-02 6.573607713890450288e-02 6.436333187953122148e-02 6.257277020863502570e-02 6.041890172076815752e-02 5.796599219733104824e-02 5.526197290790804684e-02 5.238952261854607634e-02 4.939533781272373997e-02 4.629453655708352239e-02 4.319835137748093828e-02 4.006616572439982565e-02 3.697221429413419247e-02 3.392956725350263630e-02 3.095396078774243290e-02 2.803377777464594045e-02 2.522652486569089761e-02 2.248177178145296592e-02 1.983274089756644626e-02 1.724277140679465053e-02 1.475051296408716288e-02 1.232465162507562217e-02 9.958816408933826581e-03 7.678389046741909696e-03 5.573976646074446130e-03
4.221198837984658364e-02 4.380032056397584195e-02 4.610127614348799585e-02 4.845137348096039548e-02 5.080128243513369612e-02 5.316846704890462738e-02 5.554343534821971212e-02 5.785692213193976974e-02 6.011173413952921457e-02 6.222852957468073126e-02 6.412655469674259645e-02 6.576542251808475958e-02 6.706734074994190331e-02 6.795831389624736041e-02 6.829995205734727681e-02 6.822881226848973024e-02 6.761760967228269692e-02 6.649507810546730069e-02 6.490014323861391377e-02 6.288752395479227375e-02 6.052434001861970586e-02 5.786235196839603634e-02 5.498928272937499834e-02 5.195712437548773849e-02 4.879035205871284225e-02 4.560080488185218328e-02 4.236377650596473421e-02 3.914993334964119581e-02 3.597786136224837700e-02 3.286613495899385479e-02 2.980660198463310970e-02 2.685136783497400759e-02 2.395747644304674004e-02 2.115600042322591037e-02 1.840402611868063518e-02 1.575576060804111458e-02 1.316553106576784891e-02 1.062857916148201784e-02 8.165235072855688350e-03 5.854686617370799886e-03
3.972933584638470295e-02 4.147830338866542732e-02 4.390835304290687663e-02 4.638409400610293831e-02 4.887479855577452764e-02 5.139638330005065481e-02 5.394318141218349544e-02 5.645153681676328555e-02 5.892656592081770006e-02 6.129414918977214161e-02 6.347541772559291140e-02 6.542741829815949817e-02 6.706937592958811534e-02 6.829995205734727681e-02 6.916499418690788548e-02 6.935629677864559028e-02 6.906493215744172187e-02 6.822338689875616369e-02 6.685989553708505950e-02 6.502549724422684863e-02 6.278772384295955300e-02 6.020015133316530126e-02 5.735623551605547460e-02 5.431047872188883574e-02 5.109859103844964501e-02 4.783479574342117124e-02 4.450807327443003641e-02 4.118844014385669716e-02 3.789985734006407619e-02 3.466380238453879714e-02 3.147595689342259223e-02 2.838358262972506471e-02 2.534993701667254476e-02 2.240104972689160173e-02 1.954048872029666428e-02 1.671826313971557648e-02 1.396991267664724444e-02 1.126918262438423093e-02 8.629996613245398060e-03 6.119373315841697414e-03
3.721707202099500122e-02 3.909865044022077518e-02 4.162826066270342018e-02 4.420008181610549092e-02 4.680061576951125013e-02 4.944416754212434956e-02 5.212864897219311733e-02 5.479604066805979223e-02 5.745398859028300748e-02 6.003409372107848530e-02 6.246093848093731138e-02 6.469220752570735422e-02 6.664844841048733759e-02 6.822881226848973024e-02 6.935629677864559028e-02 6.997562572656379487e-02 7.002456738846385420e-02 6.949357901551941885e-02 6.839670823972034130e-02 6.677819809068012702e-02 6.470333328694016783e-02 6.222655409363939821e-02 5.943850495643422660e-02 5.640614765942816855e-02 5.317130339837180392e-02 4.985222011827582234e-02 4.645163062752950128e-02 4.304014318056254007e-02 3.964757286515860346e-02 3.629874732568279250e-02 3.299349218363799990e-02 2.977549079065885951e-02 2.661414761864065379e-02 2.353489349023658514e-02 2.051742996136868280e-02 1.756711314536996485e-02 1.467308242049567522e-02 1.181810763159493391e-02 9.010947868276457731e-03 6.305777105528232243e-03
3.467742029142173443e-02 3.666358198705347432e-02 3.926170296237743718e-02 4.189811718260381956e-02 4.457514491334038653e-02 4.730545689376140783e-02 5.009022180695763687e-02 5.287683687522144738e-02 5.567547620800471914e-02 5.842338019009787886e-02 6.104923259551875425e-02 6.351251300434652969e-02 6.573607713890450288e-02 6.761760967228269692e-02 6.906493215744172187e-02 7.002456738846385420e-02 7.042073542536096686e-02 7.022016993143588570e-02 6.942265929937123381e-02 6.806061641696339870e-02 6.619234594952945472e-02 6.386824385237366286e-02 6.118016043734952197e-02 5.819644449667697034e-02 5.497019252127951366e-02 5.162370893508914232e-02 4.817365992951246761e-02 4.469191842742267079e-02 4.121469533395772517e-02 3.777067359481434128e-02 3.436393891288549302e-02 3.103594684780366583e-02 2.776116523691852037e-02 2.456354471959143818e-02 2.142107370261199517e-02 1.834433409223014053e-02 1.531608219999320945e-02 1.231838541258374609e-02 9.354067027765327128e-03 6.463515300295776499e-03
3.214237911539375575e-02 3.420591340662744451e-02 3.684366937482692200e-02 3.951532903944536546e-02 4.223749324736832123e-02 4.502111422672867846e-02 4.787017793455432962e-02 5.073706962453725100e-02 5.363434642256841023e-02 5.650450391061143107e-02 5.928061419782163638e-02 6.192470045085137625e-02 6.436333187953122148e-02 6.649507810546730069e-02 6.822338689875616369e-02 6.949357901551941885e-02 7.022016993143588570e-02 7.035383685104060203e-02 6.987738372061315373e-02 6.880648301643810250e-02 6.718683506474079636e-02 6.506001519203506722e-02 6.251452863809846272e-02 5.961953805518298288e-02 5.643797168077133858e-02 5.309642159767867520e-02 4.962562768730194307e-02 4.609909078238880187e-02 4.255995746719440365e-02 3.904134624340180326e-02 3.555174883824090831e-02 3.213206000825325620e-02 2.876088586135240252e-02 2.546114532148223072e-02 2.221119960772451746e-02 1.902251135122465936e-02 1.587502354428784596e-02 1.274922754818312402e-02 9.641739141955188788e-03 6.578340281687094018e-03
2.964367574264604316e-02 3.175838415103342943e-02 3.440852054217230505e-02 3.708772849374752933e-02 3.982530885999125553e-02 4.263041447686825858e-02 4.550938204369296691e-02 4.841906355389963279e-02 5.137422113562055415e-02 5.432205716665457901e-02 5.720005608286345827e-02 5.997318293446238235e-02 6.257277020863502570e-02 6.490014323861391377e-02 6.685989553708505950e-02 6.839670823972034130e-02 6.942265929937123381e-02 6.987738372061315373e-02 6.972857784365073253e-02 6.897305479076891455e-02 6.763867302826666317e-02 6.575234695176847277e-02 6.339473057460844052e-02 6.063276220354086449e-02 5.753753893387879986e-02 5.423932395347130786e-02 5.078256015740965912e-02 4.724225970488199478e-02 4.366886022000215223e-02 4.010046355827927289e-02 3.655012301802439134e-02 3.306000606666503056e-02 2.961198489692837624e-02 2.622860366461939388e-02 2.288945114325463548e-02 1.960567919468327730e-02 1.635564776497982348e-02 1.311808837238660243e-02 9.883273542571621023e-03 6.661728117571391432e-03
2.720539046587235055e-02 2.934673718634774053e-02 3.198421543807664774e-02 3.464561613973179965e-02 3.737134493420139064e-02 4.016870840597799169e-02 4.304594787322844895e-02 4.596382252811136854e-02 4.893914367511680019e-02 5.192318894374982341e-02 5.485768980756219187e-02 5.771068699497974852e-02 6.041890172076815752e-02 6.288752395479227375e-02 6.502549724422684863e-02 6.677819809068012702e-02 6.806061641696339870e-02 6.880648301643810250e-02 6.897305479076891455e-02 6.854010557502579482e-02 6.751525233075035548e-02 6.590541764190273322e-02 6.377918007908368880e-02 6.119665230995628702e-02 5.823412019032780246e-02 5.502367278287578767e-02 5.162221032342594051e-02 4.810543637232158470e-02 4.453106239414948014e-02 4.094257713477970906e-02 3.735773909674199034e-02 3.382185841956097949e-02 3.031934205936950150e-02 2.687307244918988799e-02 2.346462115878034799e-02 2.010448403868904041e-02 1.677020826168526546e-02 1.343889108317063846e-02 1.009454802591910200e-02 6.732262847105997469e-03
2.485052564747763926e-02 2.699611222984247758e-02 2.959850061705494514e-02 3.221950125506014423e-02 3.490904287422980090e-02 3.767257694872520879e-02 4.051985307834979344e-02 4.341496231537946698e-02 4.637665844230121071e-02 4.935963705082670877e-02 5.230958715316291058e-02 5.519757882491296841e-02 5.796599219733104824e-02 6.052434001861970586e-02 6.278772384295955300e-02 6.470333328694016783e-02 6.619234594952945472e-02 6.718683506474079636e-02 6.763867302826666317e-02 6.751525233075035548e-02 6.680728626741458398e-02 6.549359275796298729e-02 6.363595524740191245e-02 6.127844797490959033e-02 5.849809726789147873e-02 5.542518546984976507e-02 5.212671565875657415e-02 4.867730644606712426e-02 4.514137159174025360e-02 4.156791520240749049e-02 3.797950226889137970e-02 3.442626583247397620e-02 3.089456367808624676e-02 2.740884148222555092e-02 2.395282590456380631e-02 2.053672595390492600e-02 1.713796960707256525e-02 1.373239301903833934e-02 1.029810887964912984e-02 6.815191388914635696e-03
2.258626794518030570e-02 2.471517360829006763e-02 2.726203749261230103e-02 2.982233926931998971e-02 3.245393404659031172e-02 3.516045219467829608e-02 3.795283298575544140e-02 4.079786667179494813e-02 4.371619616709220002e-02 4.666525631208141150e-02 4.959428758543420190e-02 5.247717891004539947e-02 5.526197290790804684e-02 5.786235196839603634e-02 6.020015133316530126e-02 6.222655409363939821e-02 6.386824385237366286e-02 6.506001519203506722e-02 6.575234695176847277e-02 6.590541764190273322e-02 6.549359275796298729e-02 6.449212965751673077e-02 6.292671146309301855e-02 6.083478175943860672e-02 5.828621338907100796e-02 5.540407155052746307e-02 5.226148078275977965e-02 4.892922337590981108e-02 4.547717618299552261e-02 4.195957969528513187e-02 3.840379233323413383e-02 3.486599249197470940e-02 3.133436553428915750e-02 2.783543642200655630e-02 2.435617074360721390e-02 2.090671205758320994e-02 1.746514728074387637e-02 1.400665826225972431e-02 1.050414899438719372e-02 6.923851131700316415e-03
2.044783651342151412e-02 2.254168018897995465e-02 2.501578306991330755e-02 2.749836109383695451e-02 3.005364679970385505e-02 3.268345963263433185e-02 3.539982668992234377e-02 3.817143634517918688e-02 4.102086590005608879e-02 4.390768927753525841e-02 4.678426023423275931e-02 4.962697585855505023e-02 5.238952261854607634e-02 5.498928272937499834e-02 5.735623551605547460e-02 5.943850495643422660e-02 6.118016043734952197e-02 6.251452863809846272e-02 6.339473057460844052e-02 6.377918007908368880e-02 6.363595524740191245e-02 6.292671146309301855e-02 6.166645945924524586e-02 5.987333906389051552e-02 5.760398616651563053e-02 5.496634632649732150e-02 5.203530550783820596e-02 4.887398922818126518e-02 4.555584483356443087e-02 4.213956439634038847e-02 3.865711213837105115e-02 3.517109086699855142e-02 3.167176895730094976e-02 2.818842781463055600e-02 2.471191208127937466e-02 2.125289729001566749e-02 1.779095674252528098e-02 1.430138282327943905e-02 1.075271584483515966e-02 7.098877810650774771e-03
1.843855354519498280e-02 2.048047720541523731e-02 2.286677315299122729e-02 2.525702173746588799e-02 2.772028054143590298e-02 3.025616444159229257e-02 3.287969745187099141e-02 3.555815492197651057e-02 3.831718190609589153e-02 4.111796882003127679e-02 4.391548586759010109e-02 4.668803940563304167e-02 4.939533781272373997e-02 5.195712437548773849e-02 5.431047872188883574e-02 5.640614765942816855e-02 5.819644449667697034e-02 5.961953805518298288e-02 6.063276220354086449e-02 6.119665230995628702e-02 6.127844797490959033e-02 6.083478175943860672e-02 5.987333906389051552e-02 5.839819290425816989e-02 5.644345588418581139e-02 5.409764039522264173e-02 5.143168827853344949e-02 4.849571324132993105e-02 4.536404232927932628e-02 4.209826112991292557e-02 3.873432545693989565e-02 3.534037788496198484e-02 3.190945207840889530e-02 2.847384640126582669e-02 2.502889973377283792e-02 2.158645317219086077e-02 1.812842716576233693e-02 1.463110903295863213e-02 1.105970646866099444e-02 7.357720285382686985e-03
1.651696836890869519e-02 1.849348195613074661e-02 2.077961221075798337e-02 2.306591386584531250e-02 2.542496975950809396e-02 2.785628348871380458e-02 3.036868318614682413e-02 3.293996974949393863e-02 3.559230074473451050e-02 3.828918914711965105e-02 4.098784184587393742e-02 4.366640894494910191e-02 4.629453655708352239e-02 4.879035205871284225e-02 5.109859103844964501e-02 5.317130339837180392e-02 5.497019252127951366e-02 5.643797168077133858e-02 5.753753893387879986e-02 5.823412019032780246e-02 5.849809726789147873e-02 5.828621338907100796e-02 5.760398616651563053e-02 5.644345588418581139e-02 5.484629503466589145e-02 5.280294576169907578e-02 5.044929684308430834e-02 4.779040224089325245e-02 4.489854729496785962e-02 4.183560591215108870e-02 3.863999290393387021e-02 3.538312255872452100e-02 3.206147582045953959e-02 2.871015930807097397e-02 2.532946404117447300e-02 2.193300158965903052e-02 1.850589805751367764e-02 1.502640558834802097e-02 1.145756214818456804e-02 7.734616618544356073e-03
1.478935584826663804e-02 1.668384566191651389e-02 1.885660984970051121e-02 2.102634281170608077e-02 2.326775521350255699e-02 2.557859681154394521e-02 2.796868849163506796e-02 3.041975170544803514e-02 3.294686753399888451e-02 3.552094899968042535e-02 3.809727278441658871e-02 4.068902534240161073e-02 4.319835137748093828e-02 4.560080488185218328e-02 4.783479574342117124e-02 4.985222011827582234e-02 5.162370893508914232e-02 5.309642159767867520e-02 5.423932395347130786e-02 5.502367278287578767e-02 5.542518546984976507e-02 5.540407155052746307e-02 5.496634632649732150e-02 5.409764039522264173e-02 5.280294576169907578e-02 5.115141510614839432e-02 4.911290922163663586e-02 4.676723369962030447e-02 4.415907521174054079e-02 4.134623160998411595e-02 3.836645827052096586e-02 3.529069393524157661e-02 3.211900315275020151e-02 2.888849727301639331e-02 2.560458165316716050e-02 2.228302368550853785e-02 1.891288244276409514e-02 1.547525182475149169e-02 1.193208255383959408e-02 8.212248739083037943e-03
1.313759437872619867e-02 1.494263124863704981e-02 1.699494700559171442e-02 1.904196279630709573e-02 2.115940095278378771e-02 2.334397425469181969e-02 2.560692077952310755e-02 2.791401255688753108e-02 3.031692788602277991e-02 3.276168101879204514e-02 3.521243846771650310e-02 3.766221588868228637e-02 4.006616572439982565e-02 4.236377650596473421e-02 4.450807327443003641e-02 4.645163062752950128e-02 4.817365992951246761e-02 4.962562768730194307e-02 5.078256015740965912e-02 5.162221032342594051e-02 5.212671565875657415e-02 5.226148078275977965e-02 5.203530550783820596e-02 5.143168827853344949e-02 5.044929684308430834e-02 4.911290922163663586e-02 4.744876393453714702e-02 4.544217759811079727e-02 4.315979641879894718e-02 4.064646031011687199e-02 3.793461169052138315e-02 3.509038752780510584e-02 3.211635263138898355e-02 2.905041856174324366e-02 2.590288820743421108e-02 2.269188437514283938e-02 1.941102374058875299e-02 1.604519880464234591e-02 1.255657854691409961e-02 8.870220994048142252e-03
1.163197711405349749e-02 1.333614579125810828e-02 1.525951992582895954e-02 1.717612443646351905e-02 1.916149515152374555e-02 2.121123361612257605e-02 2.333591624125354660e-02 2.550651341268745861e-02 2.776728768756456939e-02 3.007133679673687846e-02 3.238265539935641923e-02 3.469624514875124799e-02 3.697221429413419247e-02 3.914993334964119581e-02 4.118844014385669716e-02 4.304014318056254007e-02 4.469191842742267079e-02 4.609909078238880187e-02 4.724225970488199478e-02 4.810543637232158470e-02 4.867730644606712426e-02 4.892922337590981108e-02 4.887398922818126518e-02 4.849571324132993105e-02 4.779040224089325245e-02 4.676723369962030447e-02 4.544217759811079727e-02 4.379216527858919433e-02 4.186383627561787030e-02 3.968827276425015288e-02 3.728796627826916343e-02 3.472043406680690864e-02 3.198815766694169949e-02 2.912824115842817946e-02 2.615514493873430726e-02 2.308910107312104124e-02 1.992856967587656319e-02 1.666296541009991070e-02 1.325586008175410127e-02 9.630908885159652696e-03
1.025432625200264382e-02 1.184948674551861841e-02 1.363819778088127405e-02 1.541946078721267120e-02 1.726763376078528298e-02 1.917743405988984670e-02 2.115895622945444809e-02 2.318378909074073416e-02 2.529811161445127271e-02 2.745499969765498663e-02 2.961925280889859263e-02 3.179083533473025386e-02 3.392956725350263630e-02 3.597786136224837700e-02 3.789985734006407619e-02 3.964757286515860346e-02 4.121469533395772517e-02 4.255995746719440365e-02 4.366886022000215223e-02 4.453106239414948014e-02 4.514137159174025360e-02 4.547717618299552261e-02 4.555584483356443087e-02 4.536404232927932628e-02 4.489854729496785962e-02 4.415907521174054079e-02 4.315979641879894718e-02 4.186383627561787030e-02 4.030466419189519117e-02 3.849489996705753730e-02 3.644248215236273181e-02 3.419436852666992571e-02 3.174804640999550481e-02 2.913784718310482094e-02 2.638088609756230468e-02 2.349862393978319891e-02 2.049418086643451514e-02 1.736198534253378598e-02 1.406816308049410082e-02 1.053771902329616456e-02
9.003141459650946740e-03 1.048261623317386405e-02 1.213239983764243315e-02 1.377475010840113583e-02 1.548195660115967744e-02 1.724801732432594895e-02 1.908248671128694521e-02 2.095671912014797009e-02 2.292048223071982763e-02 2.492572089968038418e-02 2.694023584367366900e-02 2.895727371069620540e-02 3.095396078774243290e-02 3.286613495899385479e-02 3.466380238453879714e-02 3.629874732568279250e-02 3.777067359481434128e-02 3.904134624340180326e-02 4.010046355827927289e-02 4.094257713477970906e-02 4.156791520240749049e-02 4.195957969528513187e-02 4.213956439634038847e-02 4.209826112991292557e-02 4.183560591215108870e-02 4.134623160998411595e-02 4.064646031011687199e-02 3.968827276425015288e-02 3.849489996705753730e-02 3.706372444199023536e-02 3.538077326606998974e-02 3.348926814333472168e-02 3.136935980721024947e-02 2.905188577028245539e-02 2.655426568977990384e-02 2.389747568784443901e-02 2.108843693480239728e-02 1.812666918366996269e-02 1.498181663074141592e-02 1.158315565699436639e-02
7.800899147874501734e-03 9.165622420900056133e-03 1.067820212539141722e-02 1.218370800804920336e-02 1.375155231723237947e-02 1.537520911505233998e-02 1.706363168388292870e-02 1.878746485058231316e-02 2.060076438402662358e-02 2.245346689019557529e-02 2.431375424236454502e-02 2.618340557747730543e-02 2.803377777464594045e-02 2.980660198463310970e-02 3.147595689342259223e-02 3.299349218363799990e-02 3.436393891288549302e-02 3.555174883824090831e-02 3.655012301802439134e-02 3.735773909674199034e-02 3.797950226889137970e-02 3.840379233323413383e-02 3.865711213837105115e-02 3.873432545693989565e-02 3.863999290393387021e-02 3.836645827052096586e-02 3.793461169052138315e-02 3.728796627826916343e-02 3.644248215236273181e-02 3.538077326606998974e-02 3.426164979907805885e-02 3.258825834189187087e-02 3.082719063355520567e-02 2.884396244212029253e-02 2.665110643568891283e-02 2.426601281752506847e-02 2.169756494625992710e-02 1.894992862326503810e-02 1.599713093971573755e-02 1.277628767255709584e-02
6.827510141997035834e-03 8.061633057110809478e-03 9.426806294885308260e-03 1.078613687386137041e-02 1.220552143017158281e-02 1.367790520457384286e-02 1.521152663143757883e-02 1.677605431173020967e-02 1.843019955595350326e-02 2.012164046738853379e-02 2.181959582247675403e-02 2.353084729636611624e-02 2.522652486569089761e-02 2.685136783497400759e-02 2.838358262972506471e-02 2.977549079065885951e-02 3.103594684780366583e-02 3.213206000825325620e-02 3.306000606666503056e-02 3.382185841956097949e-02 3.442626583247397620e-02 3.486599249197470940e-02 3.517109086699855142e-02 3.534037788496198484e-02 3.538312255872452100e-02 3.529069393524157661e-02 3.509038752780510584e-02 3.472043406680690864e-02 3.419436852666992571e-02 3.348926814333472168e-02 3.258825834189187087e-02 3.144626279079968528e-02 3.007376687428277989e-02 2.846051045849808808e-02 2.661447533110012156e-02 2.454637015364688479e-02 2.226451333483291106e-02 1.977650044099620724e-02 1.706085461400566258e-02 1.406539098078674402e-02
5.896872682859593574e-03 7.002790213934998245e-03 8.223768859776119447e-03 9.440221771752991750e-03 1.071399606560983868e-02 1.203765960952895252e-02 1.341869114438996695e-02 1.482558291989414731e-02 1.632194851166855407e-02 1.785298220495401197e-02 1.938890632674579451e-02 2.094146713078641475e-02 2.248177178145296592e-02 2.395747644304674004e-02 2.534993701667254476e-02 2.661414761864065379e-02 2.776116523691852037e-02 2.876088586135240252e-02 2.961198489692837624e-02 3.031934205936950150e-02 3.089456367808624676e-02 3.133436553428915750e-02 3.167176895730094976e-02 3.190945207840889530e-02 3.206147582045953959e-02 3.211900315275020151e-02 3.211635263138898355e-02 3.198815766694169949e-02 3.174804640999550481e-02 3.136935980721024947e-02 3.082719063355520567e-02 3.007376687428277989e-02 2.910274033567831348e-02 2.788523270145642011e-02 2.642706079873822708e-02 2.472471014624051666e-02 2.278238452332988218e-02 2.060931088233935657e-02 1.818851725867174848e-02 1.548289017106766439e-02
5.078539318785249904e-03 6.053824739726859812e-03 7.130843093668333930e-03 8.204661625153772744e-03 9.332732947919926414e-03 1.050731090228596010e-02 1.173504852653187505e-02 1.298315949133740238e-02 1.432019427180990234e-02 1.568879570464146167e-02 1.706011357461661992e-02 1.845113612476278336e-02 1.983274089756644626e-02 2.115600042322591037e-02 2.240104972689160173e-02 2.353489349023658514e-02 2.456354471959143818e-02 2.546114532148223072e-02 2.622860366461939388e-02 2.687307244918988799e-02 2.740884148222555092e-02 2.783543642200655630e-02 2.818842781463055600e-02 2.847384640126582669e-02 2.871015930807097397e-02 2.888849727301639331e-02 2.905041856174324366e-02 2.912824115842817946e-02 2.913784718310482094e-02 2.905188577028245539e-02 2.884396244212029253e-02 2.846051045849808808e-02 2.788523270145642011e-02 2.708858590057545632e-02 2.604728882705224791e-02 2.475446754498586421e-02 2.320401193820071165e-02 2.140451963625068441e-02 1.934279960628802406e-02 1.700148996184737762e-02
4.326833327273172519e-03 5.170839282020817280e-03 6.105252920997768749e-03 7.037633877189266272e-03 8.020823692370672789e-03 9.046827534027747711e-03 1.012141662377037676e-02 1.121049734835616665e-02 1.238742681648077708e-02 1.359230899497371019e-02 1.479702800401824087e-02 1.602396706336112198e-02 1.724277140679465053e-02 1.840402611868063518e-02 1.954048872029666428e-02 2.051742996136868280e-02 2.142107370261199517e-02 2.221119960772451746e-02 2.288945114325463548e-02 2.346462115878034799e-02 2.395282590456380631e-02 2.435617074360721390e-02 2.471191208127937466e-02 2.502889973377283792e-02 2.532946404117447300e-02 2.560458165316716050e-02 2.590288820743421108e-02 2.615514493873430726e-02 2.638088609756230468e-02 2.655426568977990384e-02 2.665110643568891283e-02 2.661447533110012156e-02 2.642706079873822708e-02 2.604728882705224791e-02 2.545598101996212823e-02 2.460503709685569682e-02 2.349941563096305183e-02 2.213917263295849674e-02 2.051364787384870464e-02 1.863146956980606117e-02
3.671204386860027914e-03 4.383634991909619513e-03 5.177667677034565943e-03 5.970473216946985996e-03 6.810268975052155734e-03 7.688775325861457732e-03 8.610797748395328244e-03 9.541012826799392596e-03 1.055727211300913800e-02 1.159738350509029702e-02 1.263393690975951784e-02 1.369537204883088111e-02 1.475051296408716288e-02 1.575576060804111458e-02 1.671826313971557648e-02 1.756711314536996485e-02 1.834433409223014053e-02 1.902251135122465936e-02 1.960567919468327730e-02 2.010448403868904041e-02 2.053672595390492600e-02 2.090671205758320994e-02 2.125289729001566749e-02 2.158645317219086077e-02 2.193300158965903052e-02 2.228302368550853785e-02 2.269188437514283938e-02 2.308910107312104124e-02 2.349862393978319891e-02 2.389747568784443901e-02 2.426601281752506847e-02 2.454637015364688479e-02 2.472471014624051666e-02 2.475446754498586421e-02 2.460503709685569682e-02 2.423284547231308733e-02 2.362102485940539842e-02 2.276830110985095246e-02 2.166639669531430015e-02 2.035914062139663680e-02
3.094946228132254302e-03 3.675704963291164841e-03 4.331514330163072947e-03 4.986220195443012010e-03 5.683587630383987559e-03 6.414970974384972754e-03 7.184126954477947080e-03 7.954678332052309009e-03 8.808454035733144158e-03 9.681302918234113014e-03 1.054634208455485292e-02 1.143842153188150829e-02 1.232465162507562217e-02 1.316553106576784891e-02 1.396991267664724444e-02 1.467308242049567522e-02 1.531608219999320945e-02 1.587502354428784596e-02 1.635564776497982348e-02 1.677020826168526546e-02 1.713796960707256525e-02 1.746514728074387637e-02 1.779095674252528098e-02 1.812842716576233693e-02 1.850589805751367764e-02 1.891288244276409514e-02 1.941102374058875299e-02 1.992856967587656319e-02 2.049418086643451514e-02 2.108843693480239728e-02 2.169756494625992710e-02 2.226451333483291106e-02 2.278238452332988218e-02 2.320401193820071165e-02 2.349941563096305183e-02 2.362102485940539842e-02 2.354740919534121374e-02 2.327368131617769606e-02 2.279783317784555077e-02 2.221568155509225095e-02
2.593382381193735844e-03 3.043046223941077693e-03 3.563322835087288226e-03 4.081716584431707880e-03 4.637937663462687529e-03 5.222739737560796840e-03 5.838688349133131124e-03 6.448622826238369597e-03 7.137586820309649652e-03 7.839994154735744486e-03 8.529316671447115250e-03 9.247375381221424606e-03 9.958816408933826581e-03 1.062857916148201784e-02 1.126918262438423093e-02 1.181810763159493391e-02 1.231838541258374609e-02 1.274922754818312402e-02 1.311808837238660243e-02 1.343889108317063846e-02 1.373239301903833934e-02 1.400665826225972431e-02 1.430138282327943905e-02 1.463110903295863213e-02 1.502640558834802097e-02 1.547525182475149169e-02 1.604519880464234591e-02 1.666296541009991070e-02 1.736198534253378598e-02 1.812666918366996269e-02 1.894992862326503810e-02 1.977650044099620724e-02 2.060931088233935657e-02 2.140451963625068441e-02 2.213917263295849674e-02 2.276830110985095246e-02 2.327368131617769606e-02 2.365790690587326467e-02 2.392927435681217394e-02 2.427784398149302608e-02
2.230243841129862618e-03 2.545735714968733014e-03 2.931194432339352066e-03 3.312978465569696787e-03 3.727382079534439802e-03 4.163968300014464323e-03 4.623808702120626481e-03 5.069329026064359027e-03 5.587651828108108031e-03 6.112529734164974700e-03 6.617743930278768665e-03 7.152573167103461020e-03 7.678389046741909696e-03 8.165235072855688350e-03 8.629996613245398060e-03 9.010947868276457731e-03 9.354067027765327128e-03 9.641739141955188788e-03 9.883273542571621023e-03 1.009454802591910200e-02 1.029810887964912984e-02 1.050414899438719372e-02 1.075271584483515966e-02 1.105970646866099444e-02 1.145756214818456804e-02 1.193208255383959408e-02 1.255657854691409961e-02 1.325586008175410127e-02 1.406816308049410082e-02 1.498181663074141592e-02 1.599713093971573755e-02 1.706085461400566258e-02 1.818851725867174848e-02 1.934279960628802406e-02 2.051364787384870464e-02 2.166639669531430015e-02 2.279783317784555077e-02 2.392927435681217394e-02 2.511826331721805569e-02 2.672308194779365875e-02
2.123060740064608952e-03 2.301962780457979772e-03 2.557461459689219438e-03 2.805941077623266919e-03 3.081165037395976799e-03 3.369811066716594389e-03 3.670602252956194859e-03 3.945995272646245743e-03 4.283442989648851736e-03 4.617332958014730079e-03 4.922189528906899605e-03 5.255286768634493365e-03 5.573976646074446130e-03 5.854686617370799886e-03 6.119373315841697414e-03 6.305777105528232243e-03 6.463515300295776499e-03 6.578340281687094018e-03 6.661728117571391432e-03 6.732262847105997469e-03 6.815191388914635696e-03 6.923851131700316415e-03 7.098877810650774771e-03 7.357720285382686985e-03 7.734616618544356073e-03 8.212248739083037943e-03 8.870220994048142252e-03 9.630908885159652696e-03 1.053771902329616456e-02 1.158315565699436639e-02 1.277628767255709584e-02 1.406539098078674402e-02 1.548289017106766439e-02 1.700148996184737762e-02 1.863146956980606117e-02 2.035914062139663680e-02 2.221568155509225095e-02 2.427784398149302608e-02 2.672308194779365875e-02 3.039285464876791132e-02
