3.379510924133852408e-03 3.290270730748091031e-03 3.208175773841672341e-03 3.126168358283874706e-03 3.049400443873921413e-03 2.971375802841179012e-03 2.888605887668040020e-03 2.812842021421623016e-03 2.726232927474469929e-03 2.637944495303238667e-03 2.559286252884974272e-03 2.463249430413950829e-03 2.374464772713780290e-03 2.282184662913002305e-03 2.193061419507232827e-03 2.096492595349119109e-03 2.011875278979199759e-03 1.902688988633251472e-03 1.801982680133037496e-03 1.704563932071848390e-03 1.608146973504016083e-03 1.512545394116241500e-03 1.412032218624213699e-03 1.298698879426990688e-03 1.214671646394774578e-03 1.124455423909398802e-03 1.033220980625268329e-03 9.522524835749654470e-04 8.723325886124968197e-04 7.957766845359281506e-04 6.881674651906933117e-04 6.109564165436696297e-04 5.076073006156195085e-04 4.293374814009413669e-04 3.682804547048771217e-04 3.198964732106639197e-04 2.323528566519752819e-04 1.809680366235069812e-04 1.021480424093189343e-04 4.809941945620937814e-05
3.290270730748091031e-03 3.527960050800318936e-03 3.697978186557733440e-03 3.831553649139275881e-03 3.942768464821627510e-03 4.031363796486857852e-03 4.096175958056543463e-03 4.150151711682958586e-03 4.177857719949600902e-03 4.188894087516202916e-03 4.194696776532832322e-03 4.170397696106743594e-03 4.139765497026140842e-03 4.087733006624059452e-03 4.029311532841565839e-03 3.949708299467113992e-03 3.868845428111149058e-03 3.750296643112272822e-03 3.627979087751603653e-03 3.498363762273467865e-03 3.358880073834800539e-03 3.207114784888177514e-03 3.045698990137247261e-03 2.855669674408533275e-03 2.691268221256303342e-03 2.515286876204101286e-03 2.333385601648801412e-03 2.153944667034246498e-03 1.972089773852415528e-03 1.796498024644582921e-03 1.583929631292539707e-03 1.406073663172063793e-03 1.200493769999873934e-03 1.019626362742867684e-03 8.615019491349543103e-04 7.244160158671694195e-04 5.400762474738559802e-04 4.015389102055615328e-04 2.374826620121076092e-04 9.845269921901123500e-05
3.208175773841672341e-03 3.697978186557733440e-03 4.082423297791815467e-03 4.405650047828927988e-03 4.686025949627928289e-03 4.927815945466115441e-03 5.131094476605927573e-03 5.307191659429838157e-03 5.444593597047514902e-03 5.552352105564049671e-03 5.641613480928639110e-03 5.689432446769247809e-03 5.718511041623324485e-03 5.709500239639733569e-03 5.685180933377243298e-03 5.626662591482468195e-03 5.554495368966905211e-03 5.432015003103024021e-03 5.294042664384568733e-03 5.138803819333096976e-03 4.963302695211094587e-03 4.762892421544042201e-03 4.548433135060223585e-03 4.289993769360163009e-03 4.053722693345586728e-03 3.799717248131103103e-03 3.537703033309433451e-03 3.269054699198281275e-03 2.994162008097159960e-03 2.728417645445449166e-03 2.419852396755535658e-03 2.149778452931394839e-03 1.850107548837661656e-03 1.574766056404605392e-03 1.327269453028069113e-03 1.107807707690537614e-03 8.334859452418686299e-04 6.135234525258456131e-04 3.702260468652605082e-04 1.515850029249072846e-04
3.126168358283874706e-03 3.831553649139275881e-03 4.405650047828927988e-03 4.911735993471911914e-03 5.335500675662441759e-03 5.721601029987696124e-03 6.056148197249398152e-03 6.349678332786743568e-03 6.593153113616074916e-03 6.795338607044665129e-03 6.966772851043558090e-03 7.086425968264106409e-03 7.175745817065156719e-03 7.211176426385014666e-03 7.222777517330629393e-03 7.187670141670921692e-03 7.127155482168948467e-03 7.004077832717099314e-03 6.854045032854534647e-03 6.677723950986854361e-03 6.470705877676093468e-03 6.226658751314738220e-03 5.964379453503496596e-03 5.643135763128787237e-03 5.340796648047773515e-03 5.014974907624757637e-03 4.677786055522344284e-03 4.326426983158645177e-03 3.964321807519687220e-03 3.614119444565099416e-03 3.215329728233927431e-03 2.858242222692825105e-03 2.469396880659872721e-03 2.104301564208452789e-03 1.772547898766857997e-03 1.474052025377802942e-03 1.109907083134193577e-03 8.146164066313221416e-04 4.951456856224648387e-04 1.993479131122633463e-04
3.049400443873921413e-03 3.942768464821627510e-03 4.686025949627928289e-03 5.335500675662441759e-03 5.922804946476754005e-03 6.443821529236131232e-03 6.905769543239319817e-03 7.311691704735838633e-03 7.658569424871286210e-03 7.953544935798039645e-03 8.206257867139649803e-03 8.397797540463049562e-03 8.548081691675866664e-03 8.629429652429024961e-03 8.678717102057408386e-03 8.669174519261371725e-03 8.622965141401673153e-03 8.502208389818717918e-03 8.342790011983404821e-03 8.149433471016232292e-03 7.915407912668107060e-03 7.631852745688638175e-03 7.326091754755980658e-03 6.946708722126836849e-03 6.583111205366077440e-03 6.190316111891568454e-03 5.782668657527482471e-03 5.354050253852389585e-03 4.909690833027253488e-03 4.479887042377569441e-03 3.995897182590340407e-03 3.556263092726177910e-03 3.082468130722707499e-03 2.630221447540066499e-03 2.221980877342622732e-03 1.846827498324094766e-03 1.403574007743087953e-03 1.029167959329713644e-03 6.361314986135157765e-04 2.649184892930218438e-04
2.971375802841179012e-03 4.031363796486857852e-03 4.927815945466115441e-03 5.721601029987696124e-03 6.443821529236131232e-03 7.106743679415845200e-03 7.691543990637221030e-03 8.203914248043902777e-03 8.652308477680786467e-03 9.038709663465569616e-03 9.371798510428899429e-03 9.635318790266286793e-03 9.847229846078676616e-03 9.975733758799497711e-03 1.006422780785083335e-02 1.008208291566203667e-02 1.005242269581664225e-02 9.936437772483297168e-03 9.768368937318992751e-03 9.564893381356921395e-03 9.306326396049528424e-03 8.987043128064789790e-03 8.641617167902506877e-03 8.208225563208819409e-03 7.787542487905448410e-03 7.331873849371715358e-03 6.857738264776133685e-03 6.356302254121314575e-03 5.833677289059430691e-03 5.328117663221992352e-03 4.763115849002891485e-03 4.244864504765016346e-03 3.691554286296464503e-03 3.177449029361612259e-03 2.653598316911167081e-03 2.209866287443138302e-03 1.687341159871906266e-03 1.238483110744823326e-03 7.732606951672079841e-04 3.275245977350506820e-04
2.888605887668040020e-03 4.096175958056543463e-03 5.131094476605927573e-03 6.056148197249398152e-03 6.905769543239319817e-03 7.691543990637221030e-03 8.411319958524612547e-03 9.008714128203108851e-03 9.564900134373882992e-03 1.004458612544766212e-02 1.045882274009798073e-02 1.079580199010423888e-02 1.107092259578631999e-02 1.124828975713587295e-02 1.137771059225203829e-02 1.142459990292407808e-02 1.141292670194946762e-02 1.130176763534453468e-02 1.109873025863595229e-02 1.093064102541214423e-02 1.064626817886221190e-02 1.029321178558860635e-02 9.910722653511897656e-03 9.426395602886898997e-03 8.951809849811644473e-03 8.436413944832108630e-03 7.898803025280938181e-03 7.328045663342535460e-03 6.730187680881406266e-03 6.151562975987925203e-03 5.508394251028749661e-03 4.912796284421749697e-03 4.278956124589524887e-03 3.674767311678939826e-03 3.094947685605607245e-03 2.574872760931185434e-03 1.973043101527789927e-03 1.450229476822335883e-03 9.138874446450068493e-04 3.943306030788651948e-04
2.812842021421623016e-03 4.150151711682958586e-03 5.307191659429838157e-03 6.349678332786743568e-03 7.311691704735838633e-03 8.203914248043902777e-03 9.008714128203108851e-03 9.827263329370143283e-03 1.042263042247190338e-02 1.099288274718794416e-02 1.148760590254439828e-02 1.190035191310358578e-02 1.224173350791381808e-02 1.247131493759338731e-02 1.264577615278678589e-02 1.272655286197275047e-02 1.273938702407497250e-02 1.264480514522348630e-02 1.250012326986372872e-02 1.224114717450757936e-02 1.194967495535986975e-02 1.157194978950305472e-02 1.115934983099049066e-02 1.063062079824215501e-02 1.010818098991219521e-02 9.538751535868377276e-03 8.943115451246120076e-03 8.308536558848443263e-03 7.640636857659905898e-03 6.993851961809996812e-03 6.278536464118055979e-03 5.610154599305829798e-03 4.901251673821964937e-03 4.221831870261744286e-03 3.570983914722780390e-03 2.980890891640873477e-03 2.304124842399348904e-03 1.710587693047789471e-03 1.106365863311693397e-03 5.166152781858216001e-04
2.726232927474469929e-03 4.177857719949600902e-03 5.444593597047514902e-03 6.593153113616074916e-03 7.658569424871286210e-03 8.652308477680786467e-03 9.564900134373882992e-03 1.042263042247190338e-02 1.116604680128162677e-02 1.183522938035732816e-02 1.240962257482631538e-02 1.290134987408377704e-02 1.331158838966943828e-02 1.359511738071602499e-02 1.381636880319973663e-02 1.393205268850553590e-02 1.396933545197180659e-02 1.388788535182008954e-02 1.373909684948170125e-02 1.348576854188574328e-02 1.317930654325392623e-02 1.277619777919799388e-02 1.233406122446940346e-02 1.176213139845790068e-02 1.119320059398656690e-02 1.057108678908470420e-02 9.918596388266318412e-03 9.221907107557264852e-03 8.485281742267975283e-03 7.770993296424556253e-03 6.987433749860965347e-03 6.245881591889174828e-03 5.462893020888968422e-03 4.710183168551733933e-03 3.987366786186934131e-03 3.327578651811127081e-03 2.576757079807576178e-03 1.912507422445834096e-03 1.240541437761494108e-03 5.796788505906879741e-04
2.637944495303238667e-03 4.188894087516202916e-03 5.552352105564049671e-03 6.795338607044665129e-03 7.953544935798039645e-03 9.038709663465569616e-03 1.004458612544766212e-02 1.099288274718794416e-02 1.183522938035732816e-02 1.264772285718819035e-02 1.323830301481299793e-02 1.381944862835698951e-02 1.430443953268554017e-02 1.464590979255225162e-02 1.491914478296090321e-02 1.507464977414066203e-02 1.514134094173138524e-02 1.507862111713081064e-02 1.493745439124818941e-02 1.468597988957906671e-02 1.437107832314862832e-02 1.394862985330531935e-02 1.348262274254472502e-02 1.287336113343986316e-02 1.226350401750638149e-02 1.159398379867245671e-02 1.088956535185822173e-02 1.013549906765331965e-02 9.334099747077896289e-03 8.553084239156327415e-03 7.722531766724600837e-03 6.903300176030196730e-03 6.048203009229880141e-03 5.224906023863612990e-03 4.431245856373152402e-03 3.702687322999135330e-03 2.879139944814093459e-03 2.145025140194630267e-03 1.406569141650125098e-03 6.762673327283489234e-04
2.559286252884974272e-03 4.194696776532832322e-03 5.641613480928639110e-03 6.966772851043558090e-03 8.206257867139649803e-03 9.371798510428899429e-03 1.045882274009798073e-02 1.148760590254439828e-02 1.240962257482631538e-02 1.323830301481299793e-02 1.405451893157972330e-02 1.467571688174906797e-02 1.523243075187026389e-02 1.563025608068863842e-02 1.595912276042026415e-02 1.615840174059605602e-02 1.625884406991113737e-02 1.622005811103504822e-02 1.609325320302027948e-02 1.584752747136590825e-02 1.553061843671903718e-02 1.509549357498360389e-02 1.461216940151616357e-02 1.397254040247982755e-02 1.332866854554725852e-02 1.261877761019134132e-02 1.186969850951009355e-02 1.106681205621991466e-02 1.021219044366258877e-02 9.394060200141081743e-03 8.408864889252611052e-03 7.570132919125373283e-03 6.655951641490292538e-03 5.770821501372233424e-03 4.912981980726166369e-03 4.121657448934181421e-03 3.231184434734420997e-03 2.431459394470021716e-03 1.630344264028634176e-03 8.337556717231363584e-04
2.463249430413950829e-03 4.170397696106743594e-03 5.689432446769247809e-03 7.086425968264106409e-03 8.397797540463049562e-03 9.635318790266286793e-03 1.079580199010423888e-02 1.190035191310358578e-02 1.290134987408377704e-02 1.381944862835698951e-02 1.467571688174906797e-02 1.541703086799539255e-02 1.604281299536416266e-02 1.649470716081597593e-02 1.688784137668140894e-02 1.713747631156917889e-02 1.727755249615697472e-02 1.726891365055925956e-02 1.716302276800214105e-02 1.692799142219338429e-02 1.661492064707732405e-02 1.617280936360487517e-02 1.567718097621054185e-02 1.501237369424280113e-02 1.433882939274946575e-02 1.359227965888117930e-02 1.280122700286989365e-02 1.195085159920943399e-02 1.104037832121705122e-02 1.016087914935691512e-02 9.153270002791626114e-03 8.236669878887480437e-03 7.256799571037302922e-03 6.308614257653978596e-03 5.385799871398435322e-03 4.531220168547375575e-03 3.573881301220894254e-03 2.708083441753514863e-03 1.844212494330506238e-03 9.811064253393271626e-04
2.374464772713780290e-03 4.139765497026140842e-03 5.718511041623324485e-03 7.175745817065156719e-03 8.548081691675866664e-03 9.847229846078676616e-03 1.107092259578631999e-02 1.224173350791381808e-02 1.331158838966943828e-02 1.430443953268554017e-02 1.523243075187026389e-02 1.604281299536416266e-02 1.676842835929724662e-02 1.722889495251398936e-02 1.770996252156956455e-02 1.801970453046029472e-02 1.820704622874753931e-02 1.823669556866753388e-02 1.816000926174942548e-02 1.794273460420735267e-02 1.764129609357914519e-02 1.719990933586659776e-02 1.669940327835299151e-02 1.601565447556809602e-02 1.531866316366472386e-02 1.454104383010096022e-02 1.371284559266914074e-02 1.281966075718760957e-02 1.185829187811846853e-02 1.092674611245664229e-02 9.866280200334334033e-03 8.888869556093345614e-03 7.847802896170904055e-03 6.840273366566845467e-03 5.854995491508594233e-03 4.939590990357484168e-03 3.917518538747784274e-03 2.986762234958579079e-03 2.061129343626622902e-03 1.131783020777771785e-03
2.282184662913002305e-03 4.087733006624059452e-03 5.709500239639733569e-03 7.211176426385014666e-03 8.629429652429024961e-03 9.975733758799497711e-03 1.124828975713587295e-02 1.247131493759338731e-02 1.359511738071602499e-02 1.464590979255225162e-02 1.563025608068863842e-02 1.649470716081597593e-02 1.722889495251398936e-02 1.800621305677679515e-02 1.844521001642822344e-02 1.880319561295535485e-02 1.903740138639622298e-02 1.911158071022160676e-02 1.907289561504130551e-02 1.888247119695063078e-02 1.860356070245109197e-02 1.817442158165106375e-02 1.768047774898562352e-02 1.698972967720659838e-02 1.628098966089293678e-02 1.548415088228904599e-02 1.463085697469175030e-02 1.370734777680598752e-02 1.270849025775083914e-02 1.173873511766445991e-02 1.063425964126896162e-02 9.607773424411856361e-03 8.512078317119907769e-03 7.448600192566788569e-03 6.400486537944271095e-03 5.424273551241332383e-03 4.335884975073032652e-03 3.339027204704879404e-03 2.351235965729720715e-03 1.356045325768095609e-03
2.193061419507232827e-03 4.029311532841565839e-03 5.685180933377243298e-03 7.222777517330629393e-03 8.678717102057408386e-03 1.006422780785083335e-02 1.137771059225203829e-02 1.264577615278678589e-02 1.381636880319973663e-02 1.491914478296090321e-02 1.595912276042026415e-02 1.688784137668140894e-02 1.770996252156956455e-02 1.844521001642822344e-02 1.904593915467421919e-02 1.944258983235943455e-02 1.973347730009578430e-02 1.986442012524973488e-02 1.987437942846120853e-02 1.971861738869908759e-02 1.947085173032507555e-02 1.906212566750011689e-02 1.858201513069032002e-02 1.789079265082321388e-02 1.717585344726773114e-02 1.636432471157578741e-02 1.548889951224576705e-02 1.453691108512009111e-02 1.350104786122411672e-02 1.249172696121019291e-02 1.134143308865532239e-02 1.026622768515905205e-02 9.118510570675831053e-03 8.006938739541408917e-03 6.899861439315859921e-03 5.887853965120207894e-03 4.730208188431185221e-03 3.671318384973063214e-03 2.624641127147724247e-03 1.565074134792918646e-03
2.096492595349119109e-03 3.949708299467113992e-03 5.626662591482468195e-03 7.187670141670921692e-03 8.669174519261371725e-03 1.008208291566203667e-02 1.142459990292407808e-02 1.272655286197275047e-02 1.393205268850553590e-02 1.507464977414066203e-02 1.615840174059605602e-02 1.713747631156917889e-02 1.801970453046029472e-02 1.880319561295535485e-02 1.944258983235943455e-02 1.994329623770465382e-02 2.027703548728956862e-02 2.048109584735356356e-02 2.055185492278692114e-02 2.043921158320369247e-02 2.023363284940853102e-02 1.985647501190181130e-02 1.940087708969910965e-02 1.871942346410720298e-02 1.800785828552224285e-02 1.719073056247889114e-02 1.630152212774391152e-02 1.532901129324642023e-02 1.426399613121865674e-02 1.321833448040558856e-02 1.203523849775722104e-02 1.091844492175618811e-02 9.729772220520196968e-03 8.556355507474529276e-03 7.408813879790321529e-03 6.311064934588958217e-03 5.117274113440335899e-03 4.002740255902722047e-03 2.900755872640517225e-03 1.779669826980593162e-03
2.011875278979199759e-03 3.868845428111149058e-03 5.554495368966905211e-03 7.127155482168948467e-03 8.622965141401673153e-03 1.005242269581664225e-02 1.141292670194946762e-02 1.273938702407497250e-02 1.396933545197180659e-02 1.514134094173138524e-02 1.625884406991113737e-02 1.727755249615697472e-02 1.820704622874753931e-02 1.903740138639622298e-02 1.973347730009578430e-02 2.027703548728956862e-02 2.083804563154948580e-02 2.101636382457137964e-02 2.115421392463053690e-02 2.108821583876808667e-02 2.093577489603591982e-02 2.060220741791094975e-02 2.018319449796132647e-02 1.952317684160130920e-02 1.882594294319458322e-02 1.801356537729009027e-02 1.711988703974749032e-02 1.613547686204162834e-02 1.505024327117085448e-02 1.399360239320961846e-02 1.275789647736588414e-02 1.160543382939191979e-02 1.037348063335417382e-02 9.167120366164053027e-03 7.966585381333386728e-03 6.821623177619817908e-03 5.572220826994729766e-03 4.401847952089460621e-03 3.244678040861673392e-03 2.062690820503175222e-03
1.902688988633251472e-03 3.750296643112272822e-03 5.432015003103024021e-03 7.004077832717099314e-03 8.502208389818717918e-03 9.936437772483297168e-03 1.130176763534453468e-02 1.264480514522348630e-02 1.388788535182008954e-02 1.507862111713081064e-02 1.622005811103504822e-02 1.726891365055925956e-02 1.823669556866753388e-02 1.911158071022160676e-02 1.986442012524973488e-02 2.048109584735356356e-02 2.101636382457137964e-02 2.134830323744459774e-02 2.158589437261461408e-02 2.156417882085721188e-02 2.147844872925673901e-02 2.120251327233017499e-02 2.083436651791042982e-02 2.020933594328466060e-02 1.953929891181693454e-02 1.874394687721245290e-02 1.785679330966528228e-02 1.687055882018287378e-02 1.577327392449252505e-02 1.469943409135249235e-02 1.344189549404226948e-02 1.226104026242112385e-02 1.099499563973434929e-02 9.754454032167665309e-03 8.510123562529059438e-03 7.319757489512265444e-03 6.021616732488715984e-03 4.800740451355324165e-03 3.591448876850267865e-03 2.350735072337384410e-03
1.801982680133037496e-03 3.627979087751603653e-03 5.294042664384568733e-03 6.854045032854534647e-03 8.342790011983404821e-03 9.768368937318992751e-03 1.109873025863595229e-02 1.250012326986372872e-02 1.373909684948170125e-02 1.493745439124818941e-02 1.609325320302027948e-02 1.716302276800214105e-02 1.816000926174942548e-02 1.907289561504130551e-02 1.987437942846120853e-02 2.055185492278692114e-02 2.115421392463053690e-02 2.158589437261461408e-02 2.220364767450428919e-02 2.189197278821175541e-02 2.190482556127158059e-02 2.170323114819561541e-02 2.140152027765930207e-02 2.082538225288992420e-02 2.019541192671933660e-02 1.942905027787398403e-02 1.855850785497936348e-02 1.757857464921949373e-02 1.649428884903783241e-02 1.540019274709477672e-02 1.412264863184720803e-02 1.292090233939713513e-02 1.162608038264703603e-02 1.035543859200343045e-02 9.071658236577314835e-03 7.838443433274246835e-03 6.495443518852926819e-03 5.228229704039710247e-03 3.969203069173459636e-03 2.671957575025233136e-03
1.704563932071848390e-03 3.498363762273467865e-03 5.138803819333096976e-03 6.677723950986854361e-03 8.149433471016232292e-03 9.564893381356921395e-03 1.093064102541214423e-02 1.224114717450757936e-02 1.348576854188574328e-02 1.468597988957906671e-02 1.584752747136590825e-02 1.692799142219338429e-02 1.794273460420735267e-02 1.888247119695063078e-02 1.971861738869908759e-02 2.043921158320369247e-02 2.108821583876808667e-02 2.156417882085721188e-02 2.189197278821175541e-02 2.219143092681863383e-02 2.223916976062715462e-02 2.210692885481243403e-02 2.187937863496440538e-02 2.136147989804126554e-02 2.078239795061244399e-02 2.005642308141918420e-02 1.921259453633770292e-02 1.824915031821045322e-02 1.716364549231999201e-02 1.607699648329668010e-02 1.478500834180919779e-02 1.357442510457662968e-02 1.225701010214199499e-02 1.096213400131654421e-02 9.644343676596847659e-03 8.372564702114421165e-03 6.989881331746779225e-03 5.681419945516701445e-03 4.376224364894463342e-03 3.025068492439659910e-03
1.608146973504016083e-03 3.358880073834800539e-03 4.963302695211094587e-03 6.470705877676093468e-03 7.915407912668107060e-03 9.306326396049528424e-03 1.064626817886221190e-02 1.194967495535986975e-02 1.317930654325392623e-02 1.437107832314862832e-02 1.553061843671903718e-02 1.661492064707732405e-02 1.764129609357914519e-02 1.860356070245109197e-02 1.947085173032507555e-02 2.023363284940853102e-02 2.093577489603591982e-02 2.147844872925673901e-02 2.190482556127158059e-02 2.223916976062715462e-02 2.244475698420092882e-02 2.236548226078425086e-02 2.224254619719171627e-02 2.180482582828480176e-02 2.129734571651958203e-02 2.063108473322471104e-02 1.982968979857681682e-02 1.889511662260933561e-02 1.782962543532265465e-02 1.675289798879701572e-02 1.544116539797213937e-02 1.426061732493557818e-02 1.292201269166386689e-02 1.160808193502092973e-02 1.026142784663459234e-02 8.955297162264787628e-03 7.537583804132015793e-03 6.192449895650870353e-03 4.844560461775235596e-03 3.442930165829135008e-03
1.512545394116241500e-03 3.207114784888177514e-03 4.762892421544042201e-03 6.226658751314738220e-03 7.631852745688638175e-03 8.987043128064789790e-03 1.029321178558860635e-02 1.157194978950305472e-02 1.277619777919799388e-02 1.394862985330531935e-02 1.509549357498360389e-02 1.617280936360487517e-02 1.719990933586659776e-02 1.817442158165106375e-02 1.906212566750011689e-02 1.985647501190181130e-02 2.060220741791094975e-02 2.120251327233017499e-02 2.170323114819561541e-02 2.210692885481243403e-02 2.236548226078425086e-02 2.258519875301600796e-02 2.246079396192907085e-02 2.211302315692637716e-02 2.169700584522485029e-02 2.111290602328836849e-02 2.037383171292051973e-02 1.948662463085860247e-02 1.846435688970949132e-02 1.742566418192349753e-02 1.619644720605502991e-02 1.487724745756744196e-02 1.356774422801091708e-02 1.225559568315780223e-02 1.089492601858352804e-02 9.566276992163676163e-03 8.124635616948410605e-03 6.752568954462272698e-03 5.369761594891361671e-03 3.922865750564781540e-03
1.412032218624213699e-03 3.045698990137247261e-03 4.548433135060223585e-03 5.964379453503496596e-03 7.326091754755980658e-03 8.641617167902506877e-03 9.910722653511897656e-03 1.115934983099049066e-02 1.233406122446940346e-02 1.348262274254472502e-02 1.461216940151616357e-02 1.567718097621054185e-02 1.669940327835299151e-02 1.768047774898562352e-02 1.858201513069032002e-02 1.940087708969910965e-02 2.018319449796132647e-02 2.083436651791042982e-02 2.140152027765930207e-02 2.187937863496440538e-02 2.224254619719171627e-02 2.246079396192907085e-02 2.297003427146671051e-02 2.230415731079356950e-02 2.201043953300396705e-02 2.153646952670087641e-02 2.087945046746002981e-02 2.005390599992799491e-02 1.908912051531566970e-02 1.809086884398141207e-02 1.686112894400786100e-02 1.561626900635199218e-02 1.430620714135777231e-02 1.299705059558630554e-02 1.162903355751455405e-02 1.028675645866767262e-02 8.833624796424341397e-03 7.451204984421960949e-03 6.058435933103277840e-03 4.612666825242251779e-03
1.298698879426990688e-03 2.855669674408533275e-03 4.289993769360163009e-03 5.643135763128787237e-03 6.946708722126836849e-03 8.208225563208819409e-03 9.426395602886898997e-03 1.063062079824215501e-02 1.176213139845790068e-02 1.287336113343986316e-02 1.397254040247982755e-02 1.501237369424280113e-02 1.601565447556809602e-02 1.698972967720659838e-02 1.789079265082321388e-02 1.871942346410720298e-02 1.952317684160130920e-02 2.020933594328466060e-02 2.082538225288992420e-02 2.136147989804126554e-02 2.180482582828480176e-02 2.211302315692637716e-02 2.230415731079356950e-02 2.240300811731347694e-02 2.206414279851666785e-02 2.172256976741817822e-02 2.116194191296274715e-02 2.041232606305502101e-02 1.952776295160194020e-02 1.859163672562057223e-02 1.739938402532575229e-02 1.619599769165692982e-02 1.490792261210680154e-02 1.361504800888070285e-02 1.224955929817389370e-02 1.090024045435602183e-02 9.439638012079325582e-03 8.044915571856717934e-03 6.630095186059730035e-03 5.149002756807721272e-03
1.214671646394774578e-03 2.691268221256303342e-03 4.053722693345586728e-03 5.340796648047773515e-03 6.583111205366077440e-03 7.787542487905448410e-03 8.951809849811644473e-03 1.010818098991219521e-02 1.119320059398656690e-02 1.226350401750638149e-02 1.332866854554725852e-02 1.433882939274946575e-02 1.531866316366472386e-02 1.628098966089293678e-02 1.717585344726773114e-02 1.800785828552224285e-02 1.882594294319458322e-02 1.953929891181693454e-02 2.019541192671933660e-02 2.078239795061244399e-02 2.129734571651958203e-02 2.169700584522485029e-02 2.201043953300396705e-02 2.206414279851666785e-02 2.212825532041077028e-02 2.187381018449583922e-02 2.141148389343585506e-02 2.074930322420347195e-02 1.997473612347572258e-02 1.912562168781630975e-02 1.799318502907591710e-02 1.684360487267157550e-02 1.559473113660588516e-02 1.433311381373736371e-02 1.298383410609143217e-02 1.164007496886874590e-02 1.018526213122832730e-02 8.792329660632001997e-03 7.372289870355653620e-03 5.880051522595293283e-03
1.124455423909398802e-03 2.515286876204101286e-03 3.799717248131103103e-03 5.014974907624757637e-03 6.190316111891568454e-03 7.331873849371715358e-03 8.436413944832108630e-03 9.538751535868377276e-03 1.057108678908470420e-02 1.159398379867245671e-02 1.261877761019134132e-02 1.359227965888117930e-02 1.454104383010096022e-02 1.548415088228904599e-02 1.636432471157578741e-02 1.719073056247889114e-02 1.801356537729009027e-02 1.874394687721245290e-02 1.942905027787398403e-02 2.005642308141918420e-02 2.063108473322471104e-02 2.111290602328836849e-02 2.153646952670087641e-02 2.172256976741817822e-02 2.187381018449583922e-02 2.193288810280120613e-02 2.141224481622535161e-02 2.086076388815664984e-02 2.025025606916636828e-02 1.952484678564160234e-02 1.847949524567405952e-02 1.740615218827578498e-02 1.621800271720693840e-02 1.500693516459511261e-02 1.369140509054829653e-02 1.236902399437827052e-02 1.093552749865603704e-02 9.559139137208318843e-03 8.148631484123831231e-03 6.661590520551340100e-03
1.033220980625268329e-03 2.333385601648801412e-03 3.537703033309433451e-03 4.677786055522344284e-03 5.782668657527482471e-03 6.857738264776133685e-03 7.898803025280938181e-03 8.943115451246120076e-03 9.918596388266318412e-03 1.088956535185822173e-02 1.186969850951009355e-02 1.280122700286989365e-02 1.371284559266914074e-02 1.463085697469175030e-02 1.548889951224576705e-02 1.630152212774391152e-02 1.711988703974749032e-02 1.785679330966528228e-02 1.855850785497936348e-02 1.921259453633770292e-02 1.982968979857681682e-02 2.037383171292051973e-02 2.087945046746002981e-02 2.116194191296274715e-02 2.141148389343585506e-02 2.141224481622535161e-02 2.167404598914717678e-02 2.076793925166099328e-02 2.041865507055529508e-02 1.985278466447276680e-02 1.891558604090947879e-02 1.793925448206020248e-02 1.683119528213801105e-02 1.568842217716265308e-02 1.442276197894532853e-02 1.313607875641888828e-02 1.173791719340659852e-02 1.039119941866342538e-02 9.003515968811447862e-03 7.535985807654786185e-03
9.522524835749654470e-04 2.153944667034246498e-03 3.269054699198281275e-03 4.326426983158645177e-03 5.354050253852389585e-03 6.356302254121314575e-03 7.328045663342535460e-03 8.308536558848443263e-03 9.221907107557264852e-03 1.013549906765331965e-02 1.106681205621991466e-02 1.195085159920943399e-02 1.281966075718760957e-02 1.370734777680598752e-02 1.453691108512009111e-02 1.532901129324642023e-02 1.613547686204162834e-02 1.687055882018287378e-02 1.757857464921949373e-02 1.824915031821045322e-02 1.889511662260933561e-02 1.948662463085860247e-02 2.005390599992799491e-02 2.041232606305502101e-02 2.074930322420347195e-02 2.086076388815664984e-02 2.076793925166099328e-02 2.197734853177751857e-02 2.071902683294194608e-02 2.026199673598215803e-02 1.941752862411110642e-02 1.854921972887174295e-02 1.753827514111355040e-02 1.648469440559036450e-02 1.529093934356875670e-02 1.406162158377969630e-02 1.272063429917098115e-02 1.142608915330010390e-02 1.008501755939075067e-02 8.665836702748310610e-03
8.723325886124968197e-04 1.972089773852415528e-03 2.994162008097159960e-03 3.964321807519687220e-03 4.909690833027253488e-03 5.833677289059430691e-03 6.730187680881406266e-03 7.640636857659905898e-03 8.485281742267975283e-03 9.334099747077896289e-03 1.021219044366258877e-02 1.104037832121705122e-02 1.185829187811846853e-02 1.270849025775083914e-02 1.350104786122411672e-02 1.426399613121865674e-02 1.505024327117085448e-02 1.577327392449252505e-02 1.649428884903783241e-02 1.716364549231999201e-02 1.782962543532265465e-02 1.846435688970949132e-02 1.908912051531566970e-02 1.952776295160194020e-02 1.997473612347572258e-02 2.025025606916636828e-02 2.041865507055529508e-02 2.071902683294194608e-02 2.084934332568041948e-02 2.029060422367389913e-02 1.956323444186855789e-02 1.885076663885931411e-02 1.797681378233429925e-02 1.704930628473617232e-02 1.596077775853015773e-02 1.481861406432949217e-02 1.356316653035026347e-02 1.234741878125117376e-02 1.107924387600462031e-02 9.735570107586461255e-03
7.957766845359281506e-04 1.796498024644582921e-03 2.728417645445449166e-03 3.614119444565099416e-03 4.479887042377569441e-03 5.328117663221992352e-03 6.151562975987925203e-03 6.993851961809996812e-03 7.770993296424556253e-03 8.553084239156327415e-03 9.394060200141081743e-03 1.016087914935691512e-02 1.092674611245664229e-02 1.173873511766445991e-02 1.249172696121019291e-02 1.321833448040558856e-02 1.399360239320961846e-02 1.469943409135249235e-02 1.540019274709477672e-02 1.607699648329668010e-02 1.675289798879701572e-02 1.742566418192349753e-02 1.809086884398141207e-02 1.859163672562057223e-02 1.912562168781630975e-02 1.952484678564160234e-02 1.985278466447276680e-02 2.026199673598215803e-02 2.029060422367389913e-02 2.056561523706130351e-02 1.950880046201497811e-02 1.902963641982487880e-02 1.833045559617969139e-02 1.756391571449575015e-02 1.661003805503806843e-02 1.558093879298296132e-02 1.443568338948728047e-02 1.332168456617933809e-02 1.214892534685816858e-02 1.090495820573009547e-02
6.881674651906933117e-04 1.583929631292539707e-03 2.419852396755535658e-03 3.215329728233927431e-03 3.995897182590340407e-03 4.763115849002891485e-03 5.508394251028749661e-03 6.278536464118055979e-03 6.987433749860965347e-03 7.722531766724600837e-03 8.408864889252611052e-03 9.153270002791626114e-03 9.866280200334334033e-03 1.063425964126896162e-02 1.134143308865532239e-02 1.203523849775722104e-02 1.275789647736588414e-02 1.344189549404226948e-02 1.412264863184720803e-02 1.478500834180919779e-02 1.544116539797213937e-02 1.619644720605502991e-02 1.686112894400786100e-02 1.739938402532575229e-02 1.799318502907591710e-02 1.847949524567405952e-02 1.891558604090947879e-02 1.941752862411110642e-02 1.956323444186855789e-02 1.950880046201497811e-02 1.981186717557458649e-02 1.907320447637225053e-02 1.852943475638895582e-02 1.794019824988120695e-02 1.714376427683210122e-02 1.625283024548922553e-02 1.524551088920475007e-02 1.426214634941151520e-02 1.321532312965205749e-02 1.210515973418351508e-02
6.109564165436696297e-04 1.406073663172063793e-03 2.149778452931394839e-03 2.858242222692825105e-03 3.556263092726177910e-03 4.244864504765016346e-03 4.912796284421749697e-03 5.610154599305829798e-03 6.245881591889174828e-03 6.903300176030196730e-03 7.570132919125373283e-03 8.236669878887480437e-03 8.888869556093345614e-03 9.607773424411856361e-03 1.026622768515905205e-02 1.091844492175618811e-02 1.160543382939191979e-02 1.226104026242112385e-02 1.292090233939713513e-02 1.357442510457662968e-02 1.426061732493557818e-02 1.487724745756744196e-02 1.561626900635199218e-02 1.619599769165692982e-02 1.684360487267157550e-02 1.740615218827578498e-02 1.793925448206020248e-02 1.854921972887174295e-02 1.885076663885931411e-02 1.902963641982487880e-02 1.907320447637225053e-02 1.929893664982457874e-02 1.856603919136104799e-02 1.821231756803777177e-02 1.761494283691508733e-02 1.689668489181078356e-02 1.605991149398760046e-02 1.523924326474716817e-02 1.435085272089190594e-02 1.341238361190537527e-02
5.076073006156195085e-04 1.200493769999873934e-03 1.850107548837661656e-03 2.469396880659872721e-03 3.082468130722707499e-03 3.691554286296464503e-03 4.278956124589524887e-03 4.901251673821964937e-03 5.462893020888968422e-03 6.048203009229880141e-03 6.655951641490292538e-03 7.256799571037302922e-03 7.847802896170904055e-03 8.512078317119907769e-03 9.118510570675831053e-03 9.729772220520196968e-03 1.037348063335417382e-02 1.099499563973434929e-02 1.162608038264703603e-02 1.225701010214199499e-02 1.292201269166386689e-02 1.356774422801091708e-02 1.430620714135777231e-02 1.490792261210680154e-02 1.559473113660588516e-02 1.621800271720693840e-02 1.683119528213801105e-02 1.753827514111355040e-02 1.797681378233429925e-02 1.833045559617969139e-02 1.852943475638895582e-02 1.856603919136104799e-02 1.967828381696293955e-02 1.842957864276796587e-02 1.804810823261891739e-02 1.752747486212831787e-02 1.689150989426849159e-02 1.626955792306498602e-02 1.557997426259315372e-02 1.486791705858916957e-02
4.293374814009413669e-04 1.019626362742867684e-03 1.574766056404605392e-03 2.104301564208452789e-03 2.630221447540066499e-03 3.177449029361612259e-03 3.674767311678939826e-03 4.221831870261744286e-03 4.710183168551733933e-03 5.224906023863612990e-03 5.770821501372233424e-03 6.308614257653978596e-03 6.840273366566845467e-03 7.448600192566788569e-03 8.006938739541408917e-03 8.556355507474529276e-03 9.167120366164053027e-03 9.754454032167665309e-03 1.035543859200343045e-02 1.096213400131654421e-02 1.160808193502092973e-02 1.225559568315780223e-02 1.299705059558630554e-02 1.361504800888070285e-02 1.433311381373736371e-02 1.500693516459511261e-02 1.568842217716265308e-02 1.648469440559036450e-02 1.704930628473617232e-02 1.756391571449575015e-02 1.794019824988120695e-02 1.821231756803777177e-02 1.842957864276796587e-02 1.954991856491004529e-02 1.840743475933412365e-02 1.811604116964572395e-02 1.771799785038851230e-02 1.733725365857198206e-02 1.689094417241865376e-02 1.645608372457705790e-02
3.682804547048771217e-04 8.615019491349543103e-04 1.327269453028069113e-03 1.772547898766857997e-03 2.221980877342622732e-03 2.653598316911167081e-03 3.094947685605607245e-03 3.570983914722780390e-03 3.987366786186934131e-03 4.431245856373152402e-03 4.912981980726166369e-03 5.385799871398435322e-03 5.854995491508594233e-03 6.400486537944271095e-03 6.899861439315859921e-03 7.408813879790321529e-03 7.966585381333386728e-03 8.510123562529059438e-03 9.071658236577314835e-03 9.644343676596847659e-03 1.026142784663459234e-02 1.089492601858352804e-02 1.162903355751455405e-02 1.224955929817389370e-02 1.298383410609143217e-02 1.369140509054829653e-02 1.442276197894532853e-02 1.529093934356875670e-02 1.596077775853015773e-02 1.661003805503806843e-02 1.714376427683210122e-02 1.761494283691508733e-02 1.804810823261891739e-02 1.840743475933412365e-02 1.920134750542192362e-02 1.848500512991647221e-02 1.836104565990486631e-02 1.826514066357557559e-02 1.810672223942422568e-02 1.800985847387307631e-02
3.198964732106639197e-04 7.244160158671694195e-04 1.107807707690537614e-03 1.474052025377802942e-03 1.846827498324094766e-03 2.209866287443138302e-03 2.574872760931185434e-03 2.980890891640873477e-03 3.327578651811127081e-03 3.702687322999135330e-03 4.121657448934181421e-03 4.531220168547375575e-03 4.939590990357484168e-03 5.424273551241332383e-03 5.887853965120207894e-03 6.311064934588958217e-03 6.821623177619817908e-03 7.319757489512265444e-03 7.838443433274246835e-03 8.372564702114421165e-03 8.955297162264787628e-03 9.566276992163676163e-03 1.028675645866767262e-02 1.090024045435602183e-02 1.164007496886874590e-02 1.236902399437827052e-02 1.313607875641888828e-02 1.406162158377969630e-02 1.481861406432949217e-02 1.558093879298296132e-02 1.625283024548922553e-02 1.689668489181078356e-02 1.752747486212831787e-02 1.811604116964572395e-02 1.848500512991647221e-02 1.974310353290958941e-02 1.888345947193777186e-02 1.914777757097038680e-02 1.932493773559119596e-02 1.963975391385998012e-02
2.323528566519752819e-04 5.400762474738559802e-04 8.334859452418686299e-04 1.109907083134193577e-03 1.403574007743087953e-03 1.687341159871906266e-03 1.973043101527789927e-03 2.304124842399348904e-03 2.576757079807576178e-03 2.879139944814093459e-03 3.231184434734420997e-03 3.573881301220894254e-03 3.917518538747784274e-03 4.335884975073032652e-03 4.730208188431185221e-03 5.117274113440335899e-03 5.572220826994729766e-03 6.021616732488715984e-03 6.495443518852926819e-03 6.989881331746779225e-03 7.537583804132015793e-03 8.124635616948410605e-03 8.833624796424341397e-03 9.439638012079325582e-03 1.018526213122832730e-02 1.093552749865603704e-02 1.173791719340659852e-02 1.272063429917098115e-02 1.356316653035026347e-02 1.443568338948728047e-02 1.524551088920475007e-02 1.605991149398760046e-02 1.689150989426849159e-02 1.771799785038851230e-02 1.836104565990486631e-02 1.888345947193777186e-02 2.074683025833519087e-02 2.023284023185135949e-02 2.080039795784087778e-02 2.164871583158736734e-02
1.809680366235069812e-04 4.015389102055615328e-04 6.135234525258456131e-04 8.146164066313221416e-04 1.029167959329713644e-03 1.238483110744823326e-03 1.450229476822335883e-03 1.710587693047789471e-03 1.912507422445834096e-03 2.145025140194630267e-03 2.431459394470021716e-03 2.708083441753514863e-03 2.986762234958579079e-03 3.339027204704879404e-03 3.671318384973063214e-03 4.002740255902722047e-03 4.401847952089460621e-03 4.800740451355324165e-03 5.228229704039710247e-03 5.681419945516701445e-03 6.192449895650870353e-03 6.752568954462272698e-03 7.451204984421960949e-03 8.044915571856717934e-03 8.792329660632001997e-03 9.559139137208318843e-03 1.039119941866342538e-02 1.142608915330010390e-02 1.234741878125117376e-02 1.332168456617933809e-02 1.426214634941151520e-02 1.523924326474716817e-02 1.626955792306498602e-02 1.733725365857198206e-02 1.826514066357557559e-02 1.914777757097038680e-02 2.023284023185135949e-02 2.230839762922974534e-02 2.219737339993651387e-02 2.375486880683598187e-02
1.021480424093189343e-04 2.374826620121076092e-04 3.702260468652605082e-04 4.951456856224648387e-04 6.361314986135157765e-04 7.732606951672079841e-04 9.138874446450068493e-04 1.106365863311693397e-03 1.240541437761494108e-03 1.406569141650125098e-03 1.630344264028634176e-03 1.844212494330506238e-03 2.061129343626622902e-03 2.351235965729720715e-03 2.624641127147724247e-03 2.900755872640517225e-03 3.244678040861673392e-03 3.591448876850267865e-03 3.969203069173459636e-03 4.376224364894463342e-03 4.844560461775235596e-03 5.369761594891361671e-03 6.058435933103277840e-03 6.630095186059730035e-03 7.372289870355653620e-03 8.148631484123831231e-03 9.003515968811447862e-03 1.008501755939075067e-02 1.107924387600462031e-02 1.214892534685816858e-02 1.321532312965205749e-02 1.435085272089190594e-02 1.557997426259315372e-02 1.689094417241865376e-02 1.810672223942422568e-02 1.932493773559119596e-02 2.080039795784087778e-02 2.219737339993651387e-02 2.587447514805339341e-02 2.654089802744080684e-02
4.809941945620937814e-05 9.845269921901123500e-05 1.515850029249072846e-04 1.993479131122633463e-04 2.649184892930218438e-04 3.275245977350506820e-04 3.943306030788651948e-04 5.166152781858216001e-04 5.796788505906879741e-04 6.762673327283489234e-04 8.337556717231363584e-04 9.811064253393271626e-04 1.131783020777771785e-03 1.356045325768095609e-03 1.565074134792918646e-03 1.779669826980593162e-03 2.062690820503175222e-03 2.350735072337384410e-03 2.671957575025233136e-03 3.025068492439659910e-03 3.442930165829135008e-03 3.922865750564781540e-03 4.612666825242251779e-03 5.149002756807721272e-03 5.880051522595293283e-03 6.661590520551340100e-03 7.535985807654786185e-03 8.665836702748310610e-03 9.735570107586461255e-03 1.090495820573009547e-02 1.210515973418351508e-02 1.341238361190537527e-02 1.486791705858916957e-02 1.645608372457705790e-02 1.800985847387307631e-02 1.963975391385998012e-02 2.164871583158736734e-02 2.375486880683598187e-02 2.654089802744080684e-02 3.104962129834580239e-02
