1.343113189236737059e-01 1.310449391102574968e-01 1.289907924643165782e-01 1.269240264796557272e-01 1.254350876558338879e-01 1.235541338991956312e-01 1.219399657893747574e-01 1.202594013492124386e-01 1.185103564785947722e-01 1.165192740033097057e-01 1.141955191153933569e-01 1.118109961806597191e-01 1.094000566912006200e-01 1.069279807422037210e-01 1.043972722090534683e-01 1.015700859734150613e-01 9.877568571839107081e-02 9.593715170840276529e-02 9.305341228274405241e-02 9.013202243273883696e-02 8.717382137207592419e-02 8.418136056599047345e-02 8.122719762634099394e-02 7.810881577711414891e-02 7.501340359722569184e-02 7.184961154945222750e-02 6.870268876589681606e-02 6.557966992577526910e-02 6.247680453773288983e-02 5.940639705139127980e-02 5.634682499670019135e-02 5.333902633501354934e-02 5.036773810821836700e-02 4.748256443671997756e-02 4.462142234558214016e-02 4.181054736903237062e-02 3.905109712084398749e-02 3.633063324796774463e-02 3.361342604338254936e-02 3.087083979948117285e-02
1.310449391102574968e-01 1.317706351407751386e-01 1.300335488201344869e-01 1.281831070608671075e-01 1.269123307581816740e-01 1.250632764288761023e-01 1.235413201037434544e-01 1.219561899523632781e-01 1.202356339586621026e-01 1.182513784711132776e-01 1.158722104559028049e-01 1.134148554021426197e-01 1.109151350593524515e-01 1.083361404493272118e-01 1.056782783974626466e-01 1.026977077781274783e-01 9.974284542532196873e-02 9.673495505029600094e-02 9.367572151106814959e-02 9.057609262594619459e-02 8.743904501567144327e-02 8.426873870988069171e-02 8.114243572288920570e-02 7.785460358127375968e-02 7.459332635389180621e-02 7.128356338764262057e-02 6.799937201539971166e-02 6.475167506271777007e-02 6.153751305349750012e-02 5.838400191640075176e-02 5.520809793095003692e-02 5.212546481035763152e-02 4.907427726081865088e-02 4.620264521062027868e-02 4.331498485261035813e-02 4.046433198116879820e-02 3.769739478363375029e-02 3.497328953595500722e-02 3.227056981319309514e-02 2.955960120490020229e-02
1.289907924643165782e-01 1.300335488201344869e-01 1.300561771610715400e-01 1.288542037391551542e-01 1.280032854395913855e-01 1.264397335440297643e-01 1.251770284826419222e-01 1.237709310569446441e-01 1.221809181530497945e-01 1.202930169566911872e-01 1.179394342621387787e-01 1.154633698134176628e-01 1.129175531434443297e-01 1.102661933198710864e-01 1.075111577005279373e-01 1.044155557482167873e-01 1.013305732246781443e-01 9.818065887833546390e-02 9.497081950370733772e-02 9.171543463906838001e-02 8.841976089051620247e-02 8.508969871292866582e-02 8.180466485933414467e-02 7.836080115087856734e-02 7.494753325221563400e-02 7.149482279960242548e-02 6.807404227126127860e-02 6.469830742881470254e-02 6.136552131256856057e-02 5.810389197592504690e-02 5.482908229549776635e-02 5.165915050292974736e-02 4.853106388234547375e-02 4.559562797748075574e-02 4.265320038041815753e-02 3.975715476390286746e-02 3.695470280746503133e-02 3.420299759052067984e-02 3.147925175103741258e-02 2.875141237525173643e-02
1.269240264796557272e-01 1.281831070608671075e-01 1.288542037391551542e-01 1.287989714099061489e-01 1.285957241274918450e-01 1.272958763296098694e-01 1.262909901018304804e-01 1.250559742497095450e-01 1.236220698432138054e-01 1.218510912168856430e-01 1.195396374017319019e-01 1.170615867869970184e-01 1.144888091019201776e-01 1.117851052008938667e-01 1.089531767161615733e-01 1.057612072045132495e-01 1.025648741295990124e-01 9.929106475756013794e-02 9.594789438556726446e-02 9.255306307277545719e-02 8.911393551841420568e-02 8.563798443420696238e-02 8.220681371306459706e-02 7.861812384840331791e-02 7.506279362796519639e-02 7.147539577426689772e-02 6.792515500895425495e-02 6.442726127502144962e-02 6.098048606271854605e-02 5.761387090309142561e-02 5.424291122280428673e-02 5.098676358242778400e-02 4.778198596768851170e-02 4.478042647378387142e-02 4.178090751971455519e-02 3.883696328470218756e-02 3.599618342890337913e-02 3.321533979439244416e-02 3.047163989447975244e-02 2.773213172136080804e-02
1.254350876558338879e-01 1.269123307581816740e-01 1.280032854395913855e-01 1.285957241274918450e-01 1.293857154112598162e-01 1.282944241726267920e-01 1.275119296434578109e-01 1.264267133747974947e-01 1.251321698137940752e-01 1.234674396022179266e-01 1.211921831387998139e-01 1.187098523949614154e-01 1.161150402229827600e-01 1.133681408262660478e-01 1.104713264879872009e-01 1.071956085095401440e-01 1.039024756646179520e-01 1.005202259656738373e-01 9.705961069892370119e-02 9.354130701157034600e-02 8.997439204616526631e-02 8.636752896522537082e-02 8.280436218592904241e-02 7.908376895271251872e-02 7.539803923242252570e-02 7.168593465991417168e-02 6.801485274512834855e-02 6.440193331616683725e-02 6.084681615178910014e-02 5.737935004919034881e-02 5.391520008071469527e-02 5.057432119485780198e-02 4.729317227623914405e-02 4.422422917284711541e-02 4.116546715151862823e-02 3.817045355469842610e-02 3.528688665708212824e-02 3.247113447779579470e-02 2.970009643877883493e-02 2.693977351635184689e-02
1.235541338991956312e-01 1.250632764288761023e-01 1.264397335440297643e-01 1.272958763296098694e-01 1.282944241726267920e-01 1.280906005118696012e-01 1.278233896087506705e-01 1.269905083394457235e-01 1.259188538148970360e-01 1.244337064502842177e-01 1.222534125812253791e-01 1.198121398938530174e-01 1.172450950178213630e-01 1.145051539301523008e-01 1.115929868964639499e-01 1.082804403977623287e-01 1.049368836206073657e-01 1.014911811594183672e-01 9.795650208165847250e-02 9.435638544485376589e-02 9.070140768988363411e-02 8.700121867594790004e-02 8.334163900709874728e-02 7.952210963439278191e-02 7.573660664925079000e-02 7.192758606855363668e-02 6.816070111832496503e-02 6.445480905200938471e-02 6.081007043214421010e-02 5.725687219817132689e-02 5.371080785316525996e-02 5.029252795809796561e-02 4.693831111549517932e-02 4.380133230225410207e-02 4.067874474705395621e-02 3.762430306462583030e-02 3.468611772581807473e-02 3.182042221584762548e-02 2.900422865534825825e-02 2.620295500064866862e-02
1.219399657893747574e-01 1.235413201037434544e-01 1.251770284826419222e-01 1.262909901018304804e-01 1.275119296434578109e-01 1.278233896087506705e-01 1.280121680364121606e-01 1.274995867921893955e-01 1.266507890597634300e-01 1.253340432219900991e-01 1.232372313760573823e-01 1.208494537395544272e-01 1.183208353890556619e-01 1.156002151484172014e-01 1.126864116988820358e-01 1.093500887317802872e-01 1.059703363287948230e-01 1.024755579897189683e-01 9.888094908430580809e-02 9.521267080721058929e-02 9.148248757780973184e-02 8.770075291830431441e-02 8.395550830707032564e-02 8.004630204982021713e-02 7.616901588912532162e-02 7.226947799483761370e-02 6.841189519345712566e-02 6.461684686562349511e-02 6.088502342268414802e-02 5.724740854281311353e-02 5.361966351917826085e-02 5.012320094511410473e-02 4.669429197854879643e-02 4.348688719119635920e-02 4.029756785117103585e-02 3.718039895434962355e-02 3.418400784674230364e-02 3.126462730133729856e-02 2.839947256038038992e-02 2.555362070882007813e-02
1.202594013492124386e-01 1.219561899523632781e-01 1.237709310569446441e-01 1.250559742497095450e-01 1.264267133747974947e-01 1.269905083394457235e-01 1.274995867921893955e-01 1.274867341836699863e-01 1.269444422974481124e-01 1.258161631954914927e-01 1.238141064042881101e-01 1.215273518653892243e-01 1.190759992677817569e-01 1.164123786038799430e-01 1.135339207767619291e-01 1.102082174526691771e-01 1.068267224311365005e-01 1.033163784017105818e-01 9.969411037955060173e-02 9.598855390568264423e-02 9.221237549503959186e-02 8.837633758148634444e-02 8.457079356379347546e-02 8.059469081530898360e-02 7.664614949986557624e-02 7.267398761396057227e-02 6.874120500702589343e-02 6.487017963343016946e-02 6.106212959326516587e-02 5.734873409231157348e-02 5.364579405658925770e-02 5.007569587482984391e-02 4.657483755142823728e-02 4.329821244109546829e-02 4.004192679126215154e-02 3.686056545244624505e-02 3.380353872585808300e-02 3.082726129879997251e-02 2.790940943973924462e-02 2.501509268312639839e-02
1.185103564785947722e-01 1.202356339586621026e-01 1.221809181530497945e-01 1.236220698432138054e-01 1.251321698137940752e-01 1.259188538148970360e-01 1.266507890597634300e-01 1.269444422974481124e-01 1.267939094058678495e-01 1.259271621837152189e-01 1.240199169467247897e-01 1.218338371225750477e-01 1.194736800226015305e-01 1.168873478417331857e-01 1.140680817448465334e-01 1.107769276527465485e-01 1.074203846561637837e-01 1.039223512304153774e-01 1.003009329759595725e-01 9.658689764355600504e-02 9.279337413279035995e-02 8.893108326234110128e-02 8.509271231239694255e-02 8.107570332643261601e-02 7.708072264542634167e-02 7.305910554393214851e-02 6.907273932833260521e-02 6.514576240609164237e-02 6.127974671556183500e-02 5.750698369263988058e-02 5.374329843931352491e-02 5.011207278981116842e-02 4.654978280233338511e-02 4.321256622038151252e-02 3.989599665412868479e-02 3.665526322723502289e-02 3.354071235881633806e-02 3.050902702208202477e-02 2.753850978408359934e-02 2.459458103773468421e-02
1.165192740033097057e-01 1.182513784711132776e-01 1.202930169566911872e-01 1.218510912168856430e-01 1.234674396022179266e-01 1.244337064502842177e-01 1.253340432219900991e-01 1.258161631954914927e-01 1.259271621837152189e-01 1.255498732534465478e-01 1.236860610202676763e-01 1.216302785614492288e-01 1.194011237511878321e-01 1.169344310239827101e-01 1.142170535572598344e-01 1.110000525168302332e-01 1.077091777394541122e-01 1.042636838234679841e-01 1.006825128798549268e-01 9.699843404338513719e-02 9.322475097826971036e-02 8.937183397300166310e-02 8.553492687873141820e-02 8.150904298393607528e-02 7.749795902116418667e-02 7.345517158581346684e-02 6.944164023139488828e-02 6.548336749333470708e-02 6.158216990123300399e-02 5.777093897128208339e-02 5.396542356933495266e-02 5.029009579491771492e-02 4.668146381500842823e-02 4.329697708155522129e-02 3.993155894711326870e-02 3.664109729909153373e-02 3.347704663407535808e-02 3.039641583366024802e-02 2.737830666365105234e-02 2.438871670180968454e-02
1.141955191153933569e-01 1.158722104559028049e-01 1.179394342621387787e-01 1.195396374017319019e-01 1.211921831387998139e-01 1.222534125812253791e-01 1.232372313760573823e-01 1.238141064042881101e-01 1.240199169467247897e-01 1.236860610202676763e-01 1.222909131430423152e-01 1.205055525316920118e-01 1.185119222394899613e-01 1.162532193837978733e-01 1.137160377610691858e-01 1.106409669237059801e-01 1.074810868862414448e-01 1.041499753914229415e-01 1.006677187782156757e-01 9.706946066577591681e-02 9.336866542351415776e-02 8.957522465125059008e-02 8.578736167526476719e-02 8.179657367900601550e-02 7.781052308669109130e-02 7.378449345210724708e-02 6.977869362853461599e-02 6.582119860846981363e-02 6.191400093554564471e-02 5.809068501085107306e-02 5.426687775930726099e-02 5.056845158452685784e-02 4.693199125513188019e-02 4.351666365627461508e-02 4.011661476648982483e-02 3.678865174589455306e-02 3.358566365176884894e-02 3.046509638236287801e-02 2.740715836957115931e-02 2.437879141515049419e-02
1.118109961806597191e-01 1.134148554021426197e-01 1.154633698134176628e-01 1.170615867869970184e-01 1.187098523949614154e-01 1.198121398938530174e-01 1.208494537395544272e-01 1.215273518653892243e-01 1.218338371225750477e-01 1.216302785614492288e-01 1.205055525316920118e-01 1.190076479437219836e-01 1.172733719005618763e-01 1.152506789853608021e-01 1.129228549353027550e-01 1.100145903571152634e-01 1.070151950606517965e-01 1.038290690589666887e-01 1.004767217900422865e-01 9.699543378099663438e-02 9.339836027939488194e-02 8.969442793837099914e-02 8.598502330759918988e-02 8.205681560202360281e-02 7.812197942982819499e-02 7.413707856219617365e-02 7.016160150540541596e-02 6.622575650895005939e-02 6.233151731757361619e-02 5.851310502594913449e-02 5.468593403310856305e-02 5.097735662006185053e-02 4.732402452789793990e-02 4.388698157470190958e-02 4.045955139319617339e-02 3.709957233413750666e-02 3.386154286406777014e-02 3.070344332130442791e-02 2.760678475848910712e-02 2.453973773022228785e-02
1.094000566912006200e-01 1.109151350593524515e-01 1.129175531434443297e-01 1.144888091019201776e-01 1.161150402229827600e-01 1.172450950178213630e-01 1.183208353890556619e-01 1.190759992677817569e-01 1.194736800226015305e-01 1.194011237511878321e-01 1.185119222394899613e-01 1.172733719005618763e-01 1.157944926519298146e-01 1.140169271174674703e-01 1.119092404835213411e-01 1.091751691978540134e-01 1.063544616240881674e-01 1.033353951527736514e-01 1.001373451240711171e-01 9.679912710377192031e-02 9.333282323541372549e-02 8.974567276130920868e-02 8.614233327052986389e-02 8.230300262442126480e-02 7.844504881344881164e-02 7.452571066320573534e-02 7.060369497606469591e-02 6.671135540148888377e-02 6.285036894176095068e-02 5.905546837147306050e-02 5.524171049721814802e-02 5.153794090336444311e-02 4.788081921548443393e-02 4.443336455981220651e-02 4.098800004828265231e-02 3.760366213510334815e-02 3.433658143167245963e-02 3.114533161567075575e-02 2.801288197169535948e-02 2.490886577200238441e-02
1.069279807422037210e-01 1.083361404493272118e-01 1.102661933198710864e-01 1.117851052008938667e-01 1.133681408262660478e-01 1.145051539301523008e-01 1.156002151484172014e-01 1.164123786038799430e-01 1.168873478417331857e-01 1.169344310239827101e-01 1.162532193837978733e-01 1.152506789853608021e-01 1.140169271174674703e-01 1.124895071046649042e-01 1.106339410963996933e-01 1.080746653121749390e-01 1.054514306540742380e-01 1.026226119238005802e-01 9.960439468669746166e-02 9.643657029759702959e-02 9.312938002579172758e-02 8.968763043171029681e-02 8.621949108906601378e-02 8.249677274226764612e-02 7.874295239114417755e-02 7.491531697941299084e-02 7.107171681375401562e-02 6.724669883193916398e-02 6.344133963733337989e-02 5.969074970141798053e-02 5.590947085958451745e-02 5.222785524464698681e-02 4.858250424142580154e-02 4.513851710941403639e-02 4.168732810027656055e-02 3.828904084249402234e-02 3.500174586121924947e-02 3.178467042593278308e-02 2.862241302594774328e-02 2.548630835518129328e-02
1.043972722090534683e-01 1.056782783974626466e-01 1.075111577005279373e-01 1.089531767161615733e-01 1.104713264879872009e-01 1.115929868964639499e-01 1.126864116988820358e-01 1.135339207767619291e-01 1.140680817448465334e-01 1.142170535572598344e-01 1.137160377610691858e-01 1.129228549353027550e-01 1.119092404835213411e-01 1.106339410963996933e-01 1.091435591742656586e-01 1.067125792177956861e-01 1.042963366893883692e-01 1.016760156276406146e-01 9.885972117452133945e-02 9.588705631980047606e-02 9.276535890838945309e-02 8.949607396705350215e-02 8.619121412086080958e-02 8.261188254733667358e-02 7.898885049786263934e-02 7.527877330520460486e-02 7.153854058381754755e-02 6.780496434435032138e-02 6.407817619865757708e-02 6.039351008395076048e-02 5.666482146247275170e-02 5.302396682043416382e-02 4.940741624198342202e-02 4.598244536382536940e-02 4.253941279283596916e-02 3.913965745247611344e-02 3.584325638410692377e-02 3.261015879601580902e-02 2.942677883056716431e-02 2.626640156949251736e-02
1.015700859734150613e-01 1.026977077781274783e-01 1.044155557482167873e-01 1.057612072045132495e-01 1.071956085095401440e-01 1.082804403977623287e-01 1.093500887317802872e-01 1.102082174526691771e-01 1.107769276527465485e-01 1.110000525168302332e-01 1.106409669237059801e-01 1.100145903571152634e-01 1.091751691978540134e-01 1.080746653121749390e-01 1.067125792177956861e-01 1.046761798087246093e-01 1.025572844308470649e-01 1.002117234746433411e-01 9.765418587479354762e-02 9.492921248077081098e-02 9.204288385787173787e-02 8.899373601517313048e-02 8.589903779184798749e-02 8.250683879878435711e-02 7.905719855553744457e-02 7.550565377860181393e-02 7.190817894606293947e-02 6.830411442582512427e-02 6.469233825630738011e-02 6.110830208393249613e-02 5.746498716651081418e-02 5.389582114993939771e-02 5.033704141514167701e-02 4.695826574254694658e-02 4.354858925994421759e-02 4.017065462474301435e-02 3.688667710803888306e-02 3.365735496745525523e-02 3.047112198143355280e-02 2.730344330459523114e-02
9.877568571839107081e-02 9.974284542532196873e-02 1.013305732246781443e-01 1.025648741295990124e-01 1.039024756646179520e-01 1.049368836206073657e-01 1.059703363287948230e-01 1.068267224311365005e-01 1.074203846561637837e-01 1.077091777394541122e-01 1.074810868862414448e-01 1.070151950606517965e-01 1.063544616240881674e-01 1.054514306540742380e-01 1.042963366893883692e-01 1.025572844308470649e-01 1.007143820408061829e-01 9.863836096575087642e-02 9.634335105697537649e-02 9.387548287672713154e-02 9.123757693322134821e-02 8.842382745105724362e-02 8.555740222574767517e-02 8.236963148783280064e-02 7.911190642312324051e-02 7.573775499683094159e-02 7.230201138091081614e-02 6.884661817537204853e-02 6.536869811622986193e-02 6.190355662418703386e-02 5.836306760450216818e-02 5.488210284403143013e-02 5.139653370610203220e-02 4.807828384080061607e-02 4.471508143969423615e-02 4.137084645047724857e-02 3.810993585059047062e-02 3.489378124708979179e-02 3.171289354940703270e-02 2.854500596990345793e-02
9.593715170840276529e-02 9.673495505029600094e-02 9.818065887833546390e-02 9.929106475756013794e-02 1.005202259656738373e-01 1.014911811594183672e-01 1.024755579897189683e-01 1.033163784017105818e-01 1.039223512304153774e-01 1.042636838234679841e-01 1.041499753914229415e-01 1.038290690589666887e-01 1.033353951527736514e-01 1.026226119238005802e-01 1.016760156276406146e-01 1.002117234746433411e-01 9.863836096575087642e-02 9.683773613767880650e-02 9.482099024470221071e-02 9.262993970661208276e-02 9.026202273604844173e-02 8.770610823676137924e-02 8.509284256836628646e-02 8.213225087682041181e-02 7.909029219941467181e-02 7.591760759379498347e-02 7.266772264541478121e-02 6.938539590030826099e-02 6.606545972069542694e-02 6.274281108157038489e-02 5.932796474669784631e-02 5.595711541517654070e-02 5.256561094846652626e-02 4.932765076057629011e-02 4.602944530023892616e-02 4.273615244726172019e-02 3.951427090043056756e-02 3.632593232611382172e-02 3.316379512816733377e-02 3.000796292977798985e-02
9.305341228274405241e-02 9.367572151106814959e-02 9.497081950370733772e-02 9.594789438556726446e-02 9.705961069892370119e-02 9.795650208165847250e-02 9.888094908430580809e-02 9.969411037955060173e-02 1.003009329759595725e-01 1.006825128798549268e-01 1.006677187782156757e-01 1.004767217900422865e-01 1.001373451240711171e-01 9.960439468669746166e-02 9.885972117452133945e-02 9.765418587479354762e-02 9.634335105697537649e-02 9.482099024470221071e-02 9.309397943255348640e-02 9.119529865377677680e-02 8.911521389510498881e-02 8.683623025295079956e-02 8.449876280942507367e-02 8.178502556904318488e-02 7.898029755162525034e-02 7.603127700694804758e-02 7.298995478917469359e-02 6.990420245117670572e-02 6.676591903859953325e-02 6.360928458091727467e-02 6.034317008834766405e-02 5.710493272705003537e-02 5.382921049205841718e-02 5.069241145847355745e-02 4.747905780584819879e-02 4.425547767710868302e-02 4.109028133796704257e-02 3.794624837408204499e-02 3.481824299090355984e-02 3.168884459382994429e-02
9.013202243273883696e-02 9.057609262594619459e-02 9.171543463906838001e-02 9.255306307277545719e-02 9.354130701157034600e-02 9.435638544485376589e-02 9.521267080721058929e-02 9.598855390568264423e-02 9.658689764355600504e-02 9.699843404338513719e-02 9.706946066577591681e-02 9.699543378099663438e-02 9.679912710377192031e-02 9.643657029759702959e-02 9.588705631980047606e-02 9.492921248077081098e-02 9.387548287672713154e-02 9.262993970661208276e-02 9.119529865377677680e-02 8.959572988825321993e-02 8.781377340908222418e-02 8.582479509935060646e-02 8.378198841348410975e-02 8.132920160709736224e-02 7.877862711110480975e-02 7.607162833087119380e-02 7.325832335966120379e-02 7.039010065352332979e-02 6.745512571207785968e-02 6.448649181594763580e-02 6.139110388468134449e-02 5.830727505331493449e-02 5.516871769552181975e-02 5.215393877284268259e-02 4.904558697390560412e-02 4.591106285296520789e-02 4.282102424813159780e-02 3.973882717992179708e-02 3.666158308702744534e-02 3.357445228841451912e-02
8.717382137207592419e-02 8.743904501567144327e-02 8.841976089051620247e-02 8.911393551841420568e-02 8.997439204616526631e-02 9.070140768988363411e-02 9.148248757780973184e-02 9.221237549503959186e-02 9.279337413279035995e-02 9.322475097826971036e-02 9.336866542351415776e-02 9.339836027939488194e-02 9.333282323541372549e-02 9.312938002579172758e-02 9.276535890838945309e-02 9.204288385787173787e-02 9.123757693322134821e-02 9.026202273604844173e-02 8.911521389510498881e-02 8.781377340908222418e-02 8.633426257843576646e-02 8.464713110409165242e-02 8.292112646583590929e-02 8.074087553808685647e-02 7.845975269295986376e-02 7.601183271027182886e-02 7.344494449668398373e-02 7.081465601467394622e-02 6.810442928250562411e-02 6.534586996599350828e-02 6.244357820437349688e-02 5.953659738549908764e-02 5.655748204795880280e-02 5.368670432114776292e-02 5.070483670370239809e-02 4.768023089130715708e-02 4.468550273008381479e-02 4.168449395841307414e-02 3.867659148100662664e-02 3.564964187366716220e-02
8.418136056599047345e-02 8.426873870988069171e-02 8.508969871292866582e-02 8.563798443420696238e-02 8.636752896522537082e-02 8.700121867594790004e-02 8.770075291830431441e-02 8.837633758148634444e-02 8.893108326234110128e-02 8.937183397300166310e-02 8.957522465125059008e-02 8.969442793837099914e-02 8.974567276130920868e-02 8.968763043171029681e-02 8.949607396705350215e-02 8.899373601517313048e-02 8.842382745105724362e-02 8.770610823676137924e-02 8.683623025295079956e-02 8.582479509935060646e-02 8.464713110409165242e-02 8.327563999329380684e-02 8.190059746241318273e-02 7.999811654362080915e-02 7.799864008330761878e-02 7.582477633149309337e-02 7.352111021104139332e-02 7.114832063775511362e-02 6.868385940741485174e-02 6.615737467680207762e-02 6.347079034414561394e-02 6.076362884589790736e-02 5.796703415131514159e-02 5.526328359613066898e-02 5.243064895939929942e-02 4.953828577904585001e-02 4.666065024126690719e-02 4.376195604298166453e-02 4.084387541134951172e-02 3.789703852500765635e-02
8.122719762634099394e-02 8.114243572288920570e-02 8.180466485933414467e-02 8.220681371306459706e-02 8.280436218592904241e-02 8.334163900709874728e-02 8.395550830707032564e-02 8.457079356379347546e-02 8.509271231239694255e-02 8.553492687873141820e-02 8.578736167526476719e-02 8.598502330759918988e-02 8.614233327052986389e-02 8.621949108906601378e-02 8.619121412086080958e-02 8.589903779184798749e-02 8.555740222574767517e-02 8.509284256836628646e-02 8.449876280942507367e-02 8.378198841348410975e-02 8.292112646583590929e-02 8.190059746241318273e-02 8.101455510132297977e-02 7.928827795262724520e-02 7.753963719313684833e-02 7.562780483411893351e-02 7.358409913728880536e-02 7.147304373023505297e-02 6.926296991651681445e-02 6.698032111595127180e-02 6.452353161139677551e-02 6.203201338957540362e-02 5.943504256736750757e-02 5.691632534894831147e-02 5.425151872772054906e-02 5.151030949823819788e-02 4.876874678248415557e-02 4.599122823734760890e-02 4.318162408655440432e-02 4.033337815938403681e-02
7.810881577711414891e-02 7.785460358127375968e-02 7.836080115087856734e-02 7.861812384840331791e-02 7.908376895271251872e-02 7.952210963439278191e-02 8.004630204982021713e-02 8.059469081530898360e-02 8.107570332643261601e-02 8.150904298393607528e-02 8.179657367900601550e-02 8.205681560202360281e-02 8.230300262442126480e-02 8.249677274226764612e-02 8.261188254733667358e-02 8.250683879878435711e-02 8.236963148783280064e-02 8.213225087682041181e-02 8.178502556904318488e-02 8.132920160709736224e-02 8.074087553808685647e-02 7.999811654362080915e-02 7.928827795262724520e-02 7.810243054692618536e-02 7.667520812736446090e-02 7.507324056917488719e-02 7.332904452752021796e-02 7.151839411941410263e-02 6.959962887133519516e-02 6.759653939419954516e-02 6.540435451152974700e-02 6.316260408592209996e-02 6.079871220507816754e-02 5.849792458533559919e-02 5.603313152380387518e-02 5.347451440683720358e-02 5.089971282000131658e-02 4.827322914901659157e-02 4.560123432465108123e-02 4.288014902605758599e-02
7.501340359722569184e-02 7.459332635389180621e-02 7.494753325221563400e-02 7.506279362796519639e-02 7.539803923242252570e-02 7.573660664925079000e-02 7.616901588912532162e-02 7.664614949986557624e-02 7.708072264542634167e-02 7.749795902116418667e-02 7.781052308669109130e-02 7.812197942982819499e-02 7.844504881344881164e-02 7.874295239114417755e-02 7.898885049786263934e-02 7.905719855553744457e-02 7.911190642312324051e-02 7.909029219941467181e-02 7.898029755162525034e-02 7.877862711110480975e-02 7.845975269295986376e-02 7.799864008330761878e-02 7.753963719313684833e-02 7.667520812736446090e-02 7.572695164621770503e-02 7.442248600555485816e-02 7.297527814864383788e-02 7.147341378267597911e-02 6.985820596803442306e-02 6.814966998012983446e-02 6.623922808992536992e-02 6.426612889215883861e-02 6.215558246191334874e-02 6.009410373053332421e-02 5.785152462240757132e-02 5.549828539551480283e-02 5.311340692636663113e-02 5.066132119014096769e-02 4.815045034413582836e-02 4.558026537265413153e-02
7.184961154945222750e-02 7.128356338764262057e-02 7.149482279960242548e-02 7.147539577426689772e-02 7.168593465991417168e-02 7.192758606855363668e-02 7.226947799483761370e-02 7.267398761396057227e-02 7.305910554393214851e-02 7.345517158581346684e-02 7.378449345210724708e-02 7.413707856219617365e-02 7.452571066320573534e-02 7.491531697941299084e-02 7.527877330520460486e-02 7.550565377860181393e-02 7.573775499683094159e-02 7.591760759379498347e-02 7.603127700694804758e-02 7.607162833087119380e-02 7.601183271027182886e-02 7.582477633149309337e-02 7.562780483411893351e-02 7.507324056917488719e-02 7.442248600555485816e-02 7.357674074890700744e-02 7.242517481613533481e-02 7.124615136066461685e-02 6.995030941145474745e-02 6.855369613332570888e-02 6.694389458826446870e-02 6.525979838222933926e-02 6.342424614906955194e-02 6.162487524455768223e-02 5.962824313629101758e-02 5.750486843673301846e-02 5.533499019200721625e-02 5.308283036172494612e-02 5.075906343367357632e-02 4.836633895284155743e-02
6.870268876589681606e-02 6.799937201539971166e-02 6.807404227126127860e-02 6.792515500895425495e-02 6.801485274512834855e-02 6.816070111832496503e-02 6.841189519345712566e-02 6.874120500702589343e-02 6.907273932833260521e-02 6.944164023139488828e-02 6.977869362853461599e-02 7.016160150540541596e-02 7.060369497606469591e-02 7.107171681375401562e-02 7.153854058381754755e-02 7.190817894606293947e-02 7.230201138091081614e-02 7.266772264541478121e-02 7.298995478917469359e-02 7.325832335966120379e-02 7.344494449668398373e-02 7.352111021104139332e-02 7.358409913728880536e-02 7.332904452752021796e-02 7.297527814864383788e-02 7.242517481613533481e-02 7.167814302363484380e-02 7.085505313572035280e-02 6.990415783075218381e-02 6.884379537854701248e-02 6.755948882157225555e-02 6.619030264499392580e-02 6.465686103907032634e-02 6.314777578338721942e-02 6.142620512489004037e-02 5.956242604884271624e-02 5.763752240073290872e-02 5.561514490997343518e-02 5.350794025154947259e-02 5.132155475340681450e-02
6.557966992577526910e-02 6.475167506271777007e-02 6.469830742881470254e-02 6.442726127502144962e-02 6.440193331616683725e-02 6.445480905200938471e-02 6.461684686562349511e-02 6.487017963343016946e-02 6.514576240609164237e-02 6.548336749333470708e-02 6.582119860846981363e-02 6.622575650895005939e-02 6.671135540148888377e-02 6.724669883193916398e-02 6.780496434435032138e-02 6.830411442582512427e-02 6.884661817537204853e-02 6.938539590030826099e-02 6.990420245117670572e-02 7.039010065352332979e-02 7.081465601467394622e-02 7.114832063775511362e-02 7.147304373023505297e-02 7.151839411941410263e-02 7.147341378267597911e-02 7.124615136066461685e-02 7.085505313572035280e-02 7.037581007554255530e-02 6.976649800112996735e-02 6.904440441989909139e-02 6.809235583866062036e-02 6.704818539676526967e-02 6.583023505870201630e-02 6.462674203190346689e-02 6.319837170511084790e-02 6.161450160613834992e-02 5.995638975251890018e-02 5.818710486000605586e-02 5.632119000658858399e-02 5.436738745618625163e-02
6.247680453773288983e-02 6.153751305349750012e-02 6.136552131256856057e-02 6.098048606271854605e-02 6.084681615178910014e-02 6.081007043214421010e-02 6.088502342268414802e-02 6.106212959326516587e-02 6.127974671556183500e-02 6.158216990123300399e-02 6.191400093554564471e-02 6.233151731757361619e-02 6.285036894176095068e-02 6.344133963733337989e-02 6.407817619865757708e-02 6.469233825630738011e-02 6.536869811622986193e-02 6.606545972069542694e-02 6.676591903859953325e-02 6.745512571207785968e-02 6.810442928250562411e-02 6.868385940741485174e-02 6.926296991651681445e-02 6.959962887133519516e-02 6.985820596803442306e-02 6.995030941145474745e-02 6.990415783075218381e-02 6.976649800112996735e-02 6.950077398666400230e-02 6.912266706124930993e-02 6.851208486468787773e-02 6.780534493695984655e-02 6.691828370275930415e-02 6.603841637809856890e-02 6.492371265079036058e-02 6.364231858039663681e-02 6.227533476218024416e-02 6.078500729975404998e-02 5.918766181337438426e-02 5.749519835446490618e-02
5.940639705139127980e-02 5.838400191640075176e-02 5.810389197592504690e-02 5.761387090309142561e-02 5.737935004919034881e-02 5.725687219817132689e-02 5.724740854281311353e-02 5.734873409231157348e-02 5.750698369263988058e-02 5.777093897128208339e-02 5.809068501085107306e-02 5.851310502594913449e-02 5.905546837147306050e-02 5.969074970141798053e-02 6.039351008395076048e-02 6.110830208393249613e-02 6.190355662418703386e-02 6.274281108157038489e-02 6.360928458091727467e-02 6.448649181594763580e-02 6.534586996599350828e-02 6.615737467680207762e-02 6.698032111595127180e-02 6.759653939419954516e-02 6.814966998012983446e-02 6.855369613332570888e-02 6.884379537854701248e-02 6.904440441989909139e-02 6.912266706124930993e-02 6.912562525010512715e-02 6.878753762088833656e-02 6.841601465989118058e-02 6.781683487160500290e-02 6.740527677990683364e-02 6.662568400231345944e-02 6.562612380898891207e-02 6.457993273320176975e-02 6.339815540761396806e-02 6.209987090049946118e-02 6.070143533348782566e-02
5.634682499670019135e-02 5.520809793095003692e-02 5.482908229549776635e-02 5.424291122280428673e-02 5.391520008071469527e-02 5.371080785316525996e-02 5.361966351917826085e-02 5.364579405658925770e-02 5.374329843931352491e-02 5.396542356933495266e-02 5.426687775930726099e-02 5.468593403310856305e-02 5.524171049721814802e-02 5.590947085958451745e-02 5.666482146247275170e-02 5.746498716651081418e-02 5.836306760450216818e-02 5.932796474669784631e-02 6.034317008834766405e-02 6.139110388468134449e-02 6.244357820437349688e-02 6.347079034414561394e-02 6.452353161139677551e-02 6.540435451152974700e-02 6.623922808992536992e-02 6.694389458826446870e-02 6.755948882157225555e-02 6.809235583866062036e-02 6.851208486468787773e-02 6.878753762088833656e-02 6.897984534041083637e-02 6.899537602755999310e-02 6.888534444893917863e-02 6.853528028557850926e-02 6.810436857653504039e-02 6.755060806661092321e-02 6.683231946653078737e-02 6.597503820883418579e-02 6.499691114804934111e-02 6.391483159681489445e-02
5.333902633501354934e-02 5.212546481035763152e-02 5.165915050292974736e-02 5.098676358242778400e-02 5.057432119485780198e-02 5.029252795809796561e-02 5.012320094511410473e-02 5.007569587482984391e-02 5.011207278981116842e-02 5.029009579491771492e-02 5.056845158452685784e-02 5.097735662006185053e-02 5.153794090336444311e-02 5.222785524464698681e-02 5.302396682043416382e-02 5.389582114993939771e-02 5.488210284403143013e-02 5.595711541517654070e-02 5.710493272705003537e-02 5.830727505331493449e-02 5.953659738549908764e-02 6.076362884589790736e-02 6.203201338957540362e-02 6.316260408592209996e-02 6.426612889215883861e-02 6.525979838222933926e-02 6.619030264499392580e-02 6.704818539676526967e-02 6.780534493695984655e-02 6.841601465989118058e-02 6.899537602755999310e-02 6.937955431050962796e-02 6.965972471599568561e-02 6.962925408368146607e-02 6.956751797878879540e-02 6.939809390560207347e-02 6.904140306625604351e-02 6.854133930680571252e-02 6.791710131128711470e-02 6.718861530850803176e-02
5.036773810821836700e-02 4.907427726081865088e-02 4.853106388234547375e-02 4.778198596768851170e-02 4.729317227623914405e-02 4.693831111549517932e-02 4.669429197854879643e-02 4.657483755142823728e-02 4.654978280233338511e-02 4.668146381500842823e-02 4.693199125513188019e-02 4.732402452789793990e-02 4.788081921548443393e-02 4.858250424142580154e-02 4.940741624198342202e-02 5.033704141514167701e-02 5.139653370610203220e-02 5.256561094846652626e-02 5.382921049205841718e-02 5.516871769552181975e-02 5.655748204795880280e-02 5.796703415131514159e-02 5.943504256736750757e-02 6.079871220507816754e-02 6.215558246191334874e-02 6.342424614906955194e-02 6.465686103907032634e-02 6.583023505870201630e-02 6.691828370275930415e-02 6.781683487160500290e-02 6.888534444893917863e-02 6.965972471599568561e-02 7.041419047860360270e-02 7.054548325819741394e-02 7.086665218033809388e-02 7.115844985532977784e-02 7.117962559544593892e-02 7.105909225056636358e-02 7.081527774420937060e-02 7.046971289462169996e-02
4.748256443671997756e-02 4.620264521062027868e-02 4.559562797748075574e-02 4.478042647378387142e-02 4.422422917284711541e-02 4.380133230225410207e-02 4.348688719119635920e-02 4.329821244109546829e-02 4.321256622038151252e-02 4.329697708155522129e-02 4.351666365627461508e-02 4.388698157470190958e-02 4.443336455981220651e-02 4.513851710941403639e-02 4.598244536382536940e-02 4.695826574254694658e-02 4.807828384080061607e-02 4.932765076057629011e-02 5.069241145847355745e-02 5.215393877284268259e-02 5.368670432114776292e-02 5.526328359613066898e-02 5.691632534894831147e-02 5.849792458533559919e-02 6.009410373053332421e-02 6.162487524455768223e-02 6.314777578338721942e-02 6.462674203190346689e-02 6.603841637809856890e-02 6.740527677990683364e-02 6.853528028557850926e-02 6.962925408368146607e-02 7.054548325819741394e-02 7.156046948460363655e-02 7.228760814558216063e-02 7.281871809799135564e-02 7.326855359243533705e-02 7.357088884226560543e-02 7.375064073540962828e-02 7.383824854445804331e-02
4.462142234558214016e-02 4.331498485261035813e-02 4.265320038041815753e-02 4.178090751971455519e-02 4.116546715151862823e-02 4.067874474705395621e-02 4.029756785117103585e-02 4.004192679126215154e-02 3.989599665412868479e-02 3.993155894711326870e-02 4.011661476648982483e-02 4.045955139319617339e-02 4.098800004828265231e-02 4.168732810027656055e-02 4.253941279283596916e-02 4.354858925994421759e-02 4.471508143969423615e-02 4.602944530023892616e-02 4.747905780584819879e-02 4.904558697390560412e-02 5.070483670370239809e-02 5.243064895939929942e-02 5.425151872772054906e-02 5.603313152380387518e-02 5.785152462240757132e-02 5.962824313629101758e-02 6.142620512489004037e-02 6.319837170511084790e-02 6.492371265079036058e-02 6.662568400231345944e-02 6.810436857653504039e-02 6.956751797878879540e-02 7.086665218033809388e-02 7.228760814558216063e-02 7.342930908336056661e-02 7.437292622300187284e-02 7.524661867788674796e-02 7.597159825028575175e-02 7.659859028020467309e-02 7.716599953439234882e-02
4.181054736903237062e-02 4.046433198116879820e-02 3.975715476390286746e-02 3.883696328470218756e-02 3.817045355469842610e-02 3.762430306462583030e-02 3.718039895434962355e-02 3.686056545244624505e-02 3.665526322723502289e-02 3.664109729909153373e-02 3.678865174589455306e-02 3.709957233413750666e-02 3.760366213510334815e-02 3.828904084249402234e-02 3.913965745247611344e-02 4.017065462474301435e-02 4.137084645047724857e-02 4.273615244726172019e-02 4.425547767710868302e-02 4.591106285296520789e-02 4.768023089130715708e-02 4.953828577904585001e-02 5.151030949823819788e-02 5.347451440683720358e-02 5.549828539551480283e-02 5.750486843673301846e-02 5.956242604884271624e-02 6.161450160613834992e-02 6.364231858039663681e-02 6.562612380898891207e-02 6.755060806661092321e-02 6.939809390560207347e-02 7.115844985532977784e-02 7.281871809799135564e-02 7.437292622300187284e-02 7.583264147333639016e-02 7.717089126249127018e-02 7.839986082890695873e-02 7.949499509694939181e-02 8.048781423628424692e-02
3.905109712084398749e-02 3.769739478363375029e-02 3.695470280746503133e-02 3.599618342890337913e-02 3.528688665708212824e-02 3.468611772581807473e-02 3.418400784674230364e-02 3.380353872585808300e-02 3.354071235881633806e-02 3.347704663407535808e-02 3.358566365176884894e-02 3.386154286406777014e-02 3.433658143167245963e-02 3.500174586121924947e-02 3.584325638410692377e-02 3.688667710803888306e-02 3.810993585059047062e-02 3.951427090043056756e-02 4.109028133796704257e-02 4.282102424813159780e-02 4.468550273008381479e-02 4.666065024126690719e-02 4.876874678248415557e-02 5.089971282000131658e-02 5.311340692636663113e-02 5.533499019200721625e-02 5.763752240073290872e-02 5.995638975251890018e-02 6.227533476218024416e-02 6.457993273320176975e-02 6.683231946653078737e-02 6.904140306625604351e-02 7.117962559544593892e-02 7.326855359243533705e-02 7.524661867788674796e-02 7.717089126249127018e-02 7.899855890558060700e-02 8.075777997858135659e-02 8.235894431166955465e-02 8.383040068333771910e-02
3.633063324796774463e-02 3.497328953595500722e-02 3.420299759052067984e-02 3.321533979439244416e-02 3.247113447779579470e-02 3.182042221584762548e-02 3.126462730133729856e-02 3.082726129879997251e-02 3.050902702208202477e-02 3.039641583366024802e-02 3.046509638236287801e-02 3.070344332130442791e-02 3.114533161567075575e-02 3.178467042593278308e-02 3.261015879601580902e-02 3.365735496745525523e-02 3.489378124708979179e-02 3.632593232611382172e-02 3.794624837408204499e-02 3.973882717992179708e-02 4.168449395841307414e-02 4.376195604298166453e-02 4.599122823734760890e-02 4.827322914901659157e-02 5.066132119014096769e-02 5.308283036172494612e-02 5.561514490997343518e-02 5.818710486000605586e-02 6.078500729975404998e-02 6.339815540761396806e-02 6.597503820883418579e-02 6.854133930680571252e-02 7.105909225056636358e-02 7.357088884226560543e-02 7.597159825028575175e-02 7.839986082890695873e-02 8.075777997858135659e-02 8.312215881785964267e-02 8.525995906143048197e-02 8.718659841818790501e-02
3.361342604338254936e-02 3.227056981319309514e-02 3.147925175103741258e-02 3.047163989447975244e-02 2.970009643877883493e-02 2.900422865534825825e-02 2.839947256038038992e-02 2.790940943973924462e-02 2.753850978408359934e-02 2.737830666365105234e-02 2.740715836957115931e-02 2.760678475848910712e-02 2.801288197169535948e-02 2.862241302594774328e-02 2.942677883056716431e-02 3.047112198143355280e-02 3.171289354940703270e-02 3.316379512816733377e-02 3.481824299090355984e-02 3.666158308702744534e-02 3.867659148100662664e-02 4.084387541134951172e-02 4.318162408655440432e-02 4.560123432465108123e-02 4.815045034413582836e-02 5.075906343367357632e-02 5.350794025154947259e-02 5.632119000658858399e-02 5.918766181337438426e-02 6.209987090049946118e-02 6.499691114804934111e-02 6.791710131128711470e-02 7.081527774420937060e-02 7.375064073540962828e-02 7.659859028020467309e-02 7.949499509694939181e-02 8.235894431166955465e-02 8.525995906143048197e-02 8.798900178800367344e-02 9.057360553576371265e-02
3.087083979948117285e-02 2.955960120490020229e-02 2.875141237525173643e-02 2.773213172136080804e-02 2.693977351635184689e-02 2.620295500064866862e-02 2.555362070882007813e-02 2.501509268312639839e-02 2.459458103773468421e-02 2.438871670180968454e-02 2.437879141515049419e-02 2.453973773022228785e-02 2.490886577200238441e-02 2.548630835518129328e-02 2.626640156949251736e-02 2.730344330459523114e-02 2.854500596990345793e-02 3.000796292977798985e-02 3.168884459382994429e-02 3.357445228841451912e-02 3.564964187366716220e-02 3.789703852500765635e-02 4.033337815938403681e-02 4.288014902605758599e-02 4.558026537265413153e-02 4.836633895284155743e-02 5.132155475340681450e-02 5.436738745618625163e-02 5.749519835446490618e-02 6.070143533348782566e-02 6.391483159681489445e-02 6.718861530850803176e-02 7.046971289462169996e-02 7.383824854445804331e-02 7.716599953439234882e-02 8.048781423628424692e-02 8.383040068333771910e-02 8.718659841818790501e-02 9.057360553576371265e-02 9.406293190056334852e-02
