3.379510556439442332e-03 3.291109107797297959e-03 3.208215988382329045e-03 3.127022281036559177e-03 3.047027638726496936e-03 2.967451252653603624e-03 2.880202627181764966e-03 2.803533636876901457e-03 2.709243378484883259e-03 2.615311942403762604e-03 2.535396061212568958e-03 2.415407717756658419e-03 2.327063110166569318e-03 2.228545843926528231e-03 2.133207621934245669e-03 2.034238122385370780e-03 1.944536740335221043e-03 1.831576344182858770e-03 1.727346179790463163e-03 1.627649659039004035e-03 1.532510708320939394e-03 1.435645226682525765e-03 1.337455570349364723e-03 1.228892609512633382e-03 1.155178539512615333e-03 1.069485781382960949e-03 9.894713705391037541e-04 9.231711029038629224e-04 8.471759917184651942e-04 7.956130344240365656e-04 7.037557726690604884e-04 6.234773304811877656e-04 5.250017887801782012e-04 4.703617583021833391e-04 4.211990174295732236e-04 3.509314694158202521e-04 3.020229158306839568e-04 2.640529447939221055e-04 1.593955774944416724e-04 1.151864143662216375e-04
3.291109107797297959e-03 3.532300604579312331e-03 3.704140396360841581e-03 3.843056121429643326e-03 3.954979986175997594e-03 4.047529565966201219e-03 4.111792809908268453e-03 4.169328518581557827e-03 4.193610684867002912e-03 4.201803626562182828e-03 4.206394935148456520e-03 4.157980911050987612e-03 4.126208637546925108e-03 4.063903008956543626e-03 3.993363971714188922e-03 3.902585410597474071e-03 3.807785997993690455e-03 3.675859914338171219e-03 3.539490355979283548e-03 3.395818761471340076e-03 3.246400837804408294e-03 3.081928312227465074e-03 2.910946874981985497e-03 2.715210254715652236e-03 2.551832746084655400e-03 2.370819316828076499e-03 2.189652252317310539e-03 2.017808389287508320e-03 1.835048627019141834e-03 1.677798811275833064e-03 1.475839469203630867e-03 1.289457073646366279e-03 1.086083902709713460e-03 9.242330356672048657e-04 7.751935254659125113e-04 6.115549704245443717e-04 4.641182170367079050e-04 3.347324307561798775e-04 1.321166776992358069e-04 -1.121445483775865133e-05
3.208215988382329045e-03 3.704140396360841581e-03 4.095252681565195521e-03 4.429423205813828694e-03 4.715022455844684185e-03 4.967308120235218623e-03 5.174298657998206187e-03 5.359815834961891706e-03 5.498937816556264194e-03 5.607380673104195128e-03 5.695784893589485136e-03 5.719489598930218265e-03 5.746145828624088861e-03 5.722738668326501563e-03 5.680287536113236280e-03 5.601556224788764582e-03 5.506428129574935694e-03 5.360714874144491965e-03 5.197984413420610357e-03 5.016580410688749152e-03 4.820599331831551884e-03 4.596140546506245067e-03 4.360527591827620224e-03 4.086226975336116653e-03 3.841965157368614370e-03 3.573218960683190951e-03 3.303435648569789853e-03 3.035581012661462894e-03 2.755337910374038371e-03 2.501844270795320225e-03 2.198923419552095086e-03 1.915125689318993539e-03 1.614956393005425803e-03 1.353974187690875622e-03 1.112241166937453585e-03 8.612117496695579494e-04 6.215480898639360414e-04 4.059198025649845502e-04 1.119855603638340624e-04 -1.252210532068962856e-04
3.127022281036559177e-03 3.843056121429643326e-03 4.429423205813828694e-03 4.959070067668730313e-03 5.386473062412568298e-03 5.792149517255876061e-03 6.137177011999933769e-03 6.446991913865233494e-03 6.699570826360553080e-03 6.908014466391869217e-03 7.080591558497943867e-03 7.177563006381786244e-03 7.264906536028621457e-03 7.283025445970092715e-03 7.271571736434571422e-03 7.208004652372171535e-03 7.116216692440045267e-03 6.960439070570052962e-03 6.774987648693999234e-03 6.558549286589344593e-03 6.324062732097029786e-03 6.044002386439038463e-03 5.748607582148868370e-03 5.400871836430809828e-03 5.080919603077560694e-03 4.730492247872372137e-03 4.375784171928003702e-03 4.017726891450705898e-03 3.644970222961261847e-03 3.300206810066811346e-03 2.901064028801079650e-03 2.524165214996538023e-03 2.131001804464662409e-03 1.774709255729863683e-03 1.443841088230229724e-03 1.107826702224214230e-03 7.691732667857813493e-04 4.772097538205984221e-04 9.481734099681978075e-05 -2.349777013009249761e-04
3.047027638726496936e-03 3.954979986175997594e-03 4.715022455844684185e-03 5.386473062412568298e-03 5.998716713109367854e-03 6.545263054615876007e-03 7.023961664337806561e-03 7.453410691850012766e-03 7.818246183320384096e-03 8.126240997727421367e-03 8.382854563542398857e-03 8.553648058180100128e-03 8.703409865363786330e-03 8.764933328780808927e-03 8.786560178684286668e-03 8.740418754346451422e-03 8.654852125851902889e-03 8.492219424529757338e-03 8.287608583202587045e-03 8.052798755167962785e-03 7.763970755621423317e-03 7.434948210955459082e-03 7.084722479477171403e-03 6.668412013968199291e-03 6.277571468249380261e-03 5.850495951917887225e-03 5.415590148924035938e-03 4.972719639304901129e-03 4.512288744638200642e-03 4.081201774966502008e-03 3.590679187237129713e-03 3.125165115892606336e-03 2.643058210053673019e-03 2.194785047383134621e-03 1.780483305173523843e-03 1.361708445320259720e-03 9.455050011518118490e-04 5.630005057529580918e-04 9.486910430255444319e-05 -3.264922300009973099e-04
2.967451252653603624e-03 4.047529565966201219e-03 4.967308120235218623e-03 5.792149517255876061e-03 6.545263054615876007e-03 7.266286009102088279e-03 7.853972034899583954e-03 8.398756324420001557e-03 8.878023844757066893e-03 9.287023828859332017e-03 9.628843344870446214e-03 9.875237652575681244e-03 1.009051110743451954e-02 1.019820752851544922e-02 1.025567363229548667e-02 1.022956385947901108e-02 1.015301134911731316e-02 9.985901587425495551e-03 9.760892922978653755e-03 9.502795163624131250e-03 9.183779105074620433e-03 8.806376107207566917e-03 8.403937892149453484e-03 7.922199799438955567e-03 7.463562268065051901e-03 6.962985197177276771e-03 6.450632186748378460e-03 5.925964986414035233e-03 5.380202494582743411e-03 4.865016995505144250e-03 4.285209833724617882e-03 3.732835789779013341e-03 3.163939559980041231e-03 2.637254859590064827e-03 2.116072950320164667e-03 1.617745138553519212e-03 1.115297896913138931e-03 6.491556425466309208e-04 9.481766595255145609e-05 -4.199688828323184272e-04
2.880202627181764966e-03 4.111792809908268453e-03 5.174298657998206187e-03 6.137177011999933769e-03 7.023961664337806561e-03 7.853972034899583954e-03 8.624601236384003486e-03 9.242733123683634019e-03 9.848128156067132571e-03 1.036055217417332711e-02 1.078796111078215818e-02 1.111099498306993873e-02 1.139442738223410065e-02 1.155013241788557278e-02 1.164517506409988232e-02 1.164050525943803593e-02 1.157415055062047289e-02 1.140168936181823814e-02 1.111815208675065274e-02 1.090344249979405440e-02 1.054635850093230132e-02 1.012283257588966583e-02 9.670973764153809049e-03 9.127094049475804188e-03 8.604030078466032641e-03 8.033562614678080305e-03 7.447210658530785572e-03 6.844667663614948175e-03 6.217060939194479947e-03 5.621307071687657413e-03 4.955727210444463120e-03 4.319225296970204825e-03 3.664821518020736513e-03 3.046089605581032023e-03 2.453832556045979201e-03 1.873795169364214641e-03 1.287514323012612120e-03 7.405055417887895309e-04 1.039912178109633312e-04 -5.010050459331176660e-04
2.803533636876901457e-03 4.169328518581557827e-03 5.359815834961891706e-03 6.446991913865233494e-03 7.453410691850012766e-03 8.398756324420001557e-03 9.242733123683634019e-03 1.026569719463253823e-02 1.080075593337186633e-02 1.140921186453221561e-02 1.192015061117671776e-02 1.232246179717833533e-02 1.268056235113657233e-02 1.288974169948291053e-02 1.302853130020834201e-02 1.305207682569832495e-02 1.300486784687414354e-02 1.284294937341511587e-02 1.263233876511638681e-02 1.228054781010569536e-02 1.190950381768664940e-02 1.145061893019378926e-02 1.095682509315013681e-02 1.035737591354521717e-02 9.775557696862637730e-03 9.140504777943205331e-03 8.484957872977823279e-03 7.809185375868771609e-03 7.103890945936826122e-03 6.431490664121975072e-03 5.684458292167627637e-03 4.967108275312949114e-03 4.230320980035100036e-03 3.528143016192387352e-03 2.855788403501406496e-03 2.196764295796891243e-03 1.527736033422405276e-03 9.000858477674257173e-04 1.816367800964458488e-04 -5.129739214135088697e-04
2.709243378484883259e-03 4.193610684867002912e-03 5.498937816556264194e-03 6.699570826360553080e-03 7.818246183320384096e-03 8.878023844757066893e-03 9.848128156067132571e-03 1.080075593337186633e-02 1.159067675057631405e-02 1.231552638322635194e-02 1.290919109023638128e-02 1.339496056149892637e-02 1.383503390425400506e-02 1.410089625067378373e-02 1.428607230776580625e-02 1.433922266121733825e-02 1.431105749622437785e-02 1.415456086867206489e-02 1.392786319633394082e-02 1.357596142925273849e-02 1.317916401015214144e-02 1.268331597949338974e-02 1.214783971090560057e-02 1.149381123198870737e-02 1.085433080862847205e-02 1.015595786539873029e-02 9.432276692953295294e-03 8.684762207779863144e-03 7.902791018407278462e-03 7.154599216849979147e-03 6.328542773952167480e-03 5.530486145350345731e-03 4.712133524541034166e-03 3.928417250641451190e-03 3.175803672374687657e-03 2.438704526976454966e-03 1.688298720000096838e-03 9.807245111624269315e-04 1.815777740107126057e-04 -6.035714227993584698e-04
2.615311942403762604e-03 4.201803626562182828e-03 5.607380673104195128e-03 6.908014466391869217e-03 8.126240997727421367e-03 9.287023828859332017e-03 1.036055217417332711e-02 1.140921186453221561e-02 1.231552638322635194e-02 1.326155099684935348e-02 1.378973518922539838e-02 1.437262919366442265e-02 1.491063353827250769e-02 1.523980372716674664e-02 1.547865212739670503e-02 1.556811246153838937e-02 1.556585696814248750e-02 1.542226161977411879e-02 1.519552912396604158e-02 1.483753006265304750e-02 1.442334351077870572e-02 1.389797340437632332e-02 1.332765940468639762e-02 1.262597281114694742e-02 1.193513692008494123e-02 1.117945477656009413e-02 1.039313430395651799e-02 9.578904768376805823e-03 8.724430354045567201e-03 7.902574917981327121e-03 7.011020349570021119e-03 6.130605451861677324e-03 5.231952597986328640e-03 4.368558279503677831e-03 3.535976769097808146e-03 2.720967707107504411e-03 1.889368962793411396e-03 1.102064995948463929e-03 2.225551335910135086e-04 -6.519171905515321400e-04
2.535396061212568958e-03 4.206394935148456520e-03 5.695784893589485136e-03 7.080591558497943867e-03 8.382854563542398857e-03 9.628843344870446214e-03 1.078796111078215818e-02 1.192015061117671776e-02 1.290919109023638128e-02 1.378973518922539838e-02 1.481420981846214534e-02 1.526979280022218270e-02 1.592019753643020979e-02 1.630782005117877020e-02 1.660212244722646807e-02 1.673086581346006421e-02 1.675876181873813681e-02 1.663358504897507334e-02 1.641464020180423422e-02 1.605463237217432185e-02 1.563058820936938029e-02 1.508341477197501675e-02 1.448584058468485591e-02 1.374446818211674630e-02 1.300991083157551284e-02 1.220460128733424215e-02 1.136329852100411222e-02 1.049049817276802125e-02 9.573100238724334757e-03 8.697581218323374372e-03 7.680803331781807693e-03 6.754347344831529605e-03 5.785185875632108468e-03 4.850086424396546532e-03 3.943856033891079971e-03 3.056879247647302598e-03 2.149400071160732350e-03 1.286734962170842664e-03 3.306729071175783805e-04 -6.294269340216103676e-04
2.415407717756658419e-03 4.157980911050987612e-03 5.719489598930218265e-03 7.177563006381786244e-03 8.553648058180100128e-03 9.875237652575681244e-03 1.111099498306993873e-02 1.232246179717833533e-02 1.339496056149892637e-02 1.437262919366442265e-02 1.526979280022218270e-02 1.644052430267802650e-02 1.685776909266617149e-02 1.726735717139473922e-02 1.761479312153617360e-02 1.778415524840197895e-02 1.784532081150011149e-02 1.774276889396945653e-02 1.753658739270100297e-02 1.717774376373949752e-02 1.674819456124724756e-02 1.618346175865834763e-02 1.556242730804504280e-02 1.478606888776613608e-02 1.401213028098110581e-02 1.316192963493289549e-02 1.227061163913415083e-02 1.134396036360037739e-02 1.036673205644765734e-02 9.428786731291872308e-03 8.369049016723039552e-03 7.368879789309328888e-03 6.331051239012336698e-03 5.329854072239592969e-03 4.355361418533779984e-03 3.402042578735674488e-03 2.424222746307204152e-03 1.491692383495749020e-03 4.639012731570946700e-04 -5.764363855489903522e-04
2.327063110166569318e-03 4.126208637546925108e-03 5.746145828624088861e-03 7.264906536028621457e-03 8.703409865363786330e-03 1.009051110743451954e-02 1.139442738223410065e-02 1.268056235113657233e-02 1.383503390425400506e-02 1.491063353827250769e-02 1.592019753643020979e-02 1.685776909266617149e-02 1.756785583676602827e-02 1.800853811983460506e-02 1.845877916811217503e-02 1.869421148779547293e-02 1.880905286922364070e-02 1.874827155214498983e-02 1.857335153128947605e-02 1.823229285573486555e-02 1.781413450399489673e-02 1.724787270890360338e-02 1.661831694660961464e-02 1.581885711055677074e-02 1.501618541500306103e-02 1.412948130237115171e-02 1.319417861519650396e-02 1.221755103456730399e-02 1.118244456626547000e-02 1.018475567578478944e-02 9.060126368393747742e-03 7.990375279603252959e-03 6.879161561313951873e-03 5.806363607220997591e-03 4.756240198798178560e-03 3.729043572364646592e-03 2.672791767756613809e-03 1.661734610480461753e-03 5.527210490948138762e-04 -5.783822335135167976e-04
2.228545843926528231e-03 4.063903008956543626e-03 5.722738668326501563e-03 7.283025445970092715e-03 8.764933328780808927e-03 1.019820752851544922e-02 1.155013241788557278e-02 1.288974169948291053e-02 1.410089625067378373e-02 1.523980372716674664e-02 1.630782005117877020e-02 1.726735717139473922e-02 1.800853811983460506e-02 1.878222803747133657e-02 1.919524148550842690e-02 1.947876012989493283e-02 1.964509898680099481e-02 1.963120344982910784e-02 1.949568048595387224e-02 1.918134400524763167e-02 1.878546850380157646e-02 1.822928501824145481e-02 1.760280186555870929e-02 1.679267682701252387e-02 1.597338797306654956e-02 1.506259152465302432e-02 1.409617448616870029e-02 1.308223259856983352e-02 1.200262623041994763e-02 1.095861899376340473e-02 9.780887756867561941e-03 8.655427456524009827e-03 7.482123643370349429e-03 6.348713432596784535e-03 5.231703400389777631e-03 4.139639382926306628e-03 3.012102813355518362e-03 1.930289036343967946e-03 7.470590564050075136e-04 -4.659160269515295254e-04
2.133207621934245669e-03 3.993363971714188922e-03 5.680287536113236280e-03 7.271571736434571422e-03 8.786560178684286668e-03 1.025567363229548667e-02 1.164517506409988232e-02 1.302853130020834201e-02 1.428607230776580625e-02 1.547865212739670503e-02 1.660212244722646807e-02 1.761479312153617360e-02 1.845877916811217503e-02 1.919524148550842690e-02 1.978598437034307517e-02 2.009447382252251002e-02 2.032898309838002820e-02 2.037835452032321290e-02 2.029668388909815560e-02 2.002114069341772579e-02 1.966027061158784686e-02 1.912626378926026924e-02 1.851383902866168135e-02 1.770326331867954489e-02 1.687628987387285867e-02 1.594941192299775823e-02 1.495886190527358217e-02 1.391350379483111653e-02 1.279403005052892443e-02 1.170575573260297826e-02 1.047856759742150923e-02 9.299516647548546761e-03 8.065821335044015897e-03 6.876080563366650765e-03 5.692419185448841824e-03 4.550067059992999804e-03 3.346431230269726435e-03 2.194295184281700763e-03 9.362504439314959636e-04 -3.609997787968806946e-04
2.034238122385370780e-03 3.902585410597474071e-03 5.601556224788764582e-03 7.208004652372171535e-03 8.740418754346451422e-03 1.022956385947901108e-02 1.164050525943803593e-02 1.305207682569832495e-02 1.433922266121733825e-02 1.556811246153838937e-02 1.673086581346006421e-02 1.778415524840197895e-02 1.869421148779547293e-02 1.947876012989493283e-02 2.009447382252251002e-02 2.057993499803694587e-02 2.083111653794515739e-02 2.095758186055700356e-02 2.094191909617619529e-02 2.071594554117089232e-02 2.040399164221263009e-02 1.990650133024336049e-02 1.932206994468707584e-02 1.852484193715224492e-02 1.770294723964328451e-02 1.677218370471835265e-02 1.576914791075893774e-02 1.470269284776378090e-02 1.355293835018905879e-02 1.241733857977898002e-02 1.116654555960245113e-02 9.941674839360077273e-03 8.658959272409534960e-03 7.406353262671917272e-03 6.172586760065038557e-03 4.949255549910015588e-03 3.695079366001755797e-03 2.480169659193161812e-03 1.152985430067862433e-03 -2.235631914977419807e-04
1.944536740335221043e-03 3.807785997993690455e-03 5.506428129574935694e-03 7.116216692440045267e-03 8.654852125851902889e-03 1.015301134911731316e-02 1.157415055062047289e-02 1.300486784687414354e-02 1.431105749622437785e-02 1.556585696814248750e-02 1.675876181873813681e-02 1.784532081150011149e-02 1.880905286922364070e-02 1.964509898680099481e-02 2.032898309838002820e-02 2.083111653794515739e-02 2.134154264992551772e-02 2.145139828166148926e-02 2.150967986713834407e-02 2.134071598325027602e-02 2.109215697634176517e-02 2.064630706752344433e-02 2.010458356301424165e-02 1.933511638117216616e-02 1.853134282883076717e-02 1.760904243926609408e-02 1.660521011188524285e-02 1.552837158723848442e-02 1.436087458131791138e-02 1.323716390557552747e-02 1.189884749523889736e-02 1.063820288771765050e-02 9.308141841045416282e-03 8.015535351619794760e-03 6.724187620275496290e-03 5.447404802063785488e-03 4.130047256439698874e-03 2.852884617564072339e-03 1.458420026391789564e-03 2.955420361402884197e-06
1.831576344182858770e-03 3.675859914338171219e-03 5.360714874144491965e-03 6.960439070570052962e-03 8.492219424529757338e-03 9.985901587425495551e-03 1.140168936181823814e-02 1.284294937341511587e-02 1.415456086867206489e-02 1.542226161977411879e-02 1.663358504897507334e-02 1.774276889396945653e-02 1.874827155214498983e-02 1.963120344982910784e-02 2.037835452032321290e-02 2.095758186055700356e-02 2.145139828166148926e-02 2.173403881052272599e-02 2.187872045806015658e-02 2.176850543985465319e-02 2.160076803170472848e-02 2.122350678656355696e-02 2.074102237102276244e-02 2.001560400749848728e-02 1.924467380339753286e-02 1.834486998950467587e-02 1.735317229826061416e-02 1.627680233779413635e-02 1.510129764128749150e-02 1.395304851320203210e-02 1.259900474145097399e-02 1.130698024222230244e-02 9.939311653140483691e-03 8.608048213841772503e-03 7.268392060925372641e-03 5.942418842489276785e-03 4.569425636778377646e-03 3.236466979492474017e-03 1.782232935251667908e-03 2.520810899681163726e-04
1.727346179790463163e-03 3.539490355979283548e-03 5.197984413420610357e-03 6.774987648693999234e-03 8.287608583202587045e-03 9.760892922978653755e-03 1.111815208675065274e-02 1.263233876511638681e-02 1.392786319633394082e-02 1.519552912396604158e-02 1.641464020180423422e-02 1.753658739270100297e-02 1.857335153128947605e-02 1.949568048595387224e-02 2.029668388909815560e-02 2.094191909617619529e-02 2.150967986713834407e-02 2.187872045806015658e-02 2.250990722262362700e-02 2.203927811513686427e-02 2.198911763948747933e-02 2.170144217622727717e-02 2.129696010454124738e-02 2.063375870389041328e-02 1.991160738185076412e-02 1.904951025294476796e-02 1.808382495150296157e-02 1.702026852119218128e-02 1.583203418633563272e-02 1.468882632405331401e-02 1.331760430984386089e-02 1.200217994351015019e-02 1.060459225715645534e-02 9.239277375249465782e-03 7.855940768858395845e-03 6.483843457546922644e-03 5.058680029096188427e-03 3.673164724692397701e-03 2.164212540515618368e-03 5.611346023571410794e-04
1.627649659039004035e-03 3.395818761471340076e-03 5.016580410688749152e-03 6.558549286589344593e-03 8.052798755167962785e-03 9.502795163624131250e-03 1.090344249979405440e-02 1.228054781010569536e-02 1.357596142925273849e-02 1.483753006265304750e-02 1.605463237217432185e-02 1.717774376373949752e-02 1.823229285573486555e-02 1.918134400524763167e-02 2.002114069341772579e-02 2.071594554117089232e-02 2.134071598325027602e-02 2.176850543985465319e-02 2.203927811513686427e-02 2.229510910311096467e-02 2.226551860913422373e-02 2.206221334043139207e-02 2.174403772048203246e-02 2.115677445567255843e-02 2.049724931084321786e-02 1.968798468902157456e-02 1.876242087630498184e-02 1.772342840048067233e-02 1.655929385550014218e-02 1.541490221276617563e-02 1.403441617345268892e-02 1.270619961654580014e-02 1.128923104750654757e-02 9.898353105648613481e-03 8.479344014358644252e-03 7.068117601610662826e-03 5.597865779130239104e-03 4.165987834718793553e-03 2.610090422036308484e-03 9.359931104553868971e-04
1.532510708320939394e-03 3.246400837804408294e-03 4.820599331831551884e-03 6.324062732097029786e-03 7.763970755621423317e-03 9.183779105074620433e-03 1.054635850093230132e-02 1.190950381768664940e-02 1.317916401015214144e-02 1.442334351077870572e-02 1.563058820936938029e-02 1.674819456124724756e-02 1.781413450399489673e-02 1.878546850380157646e-02 1.966027061158784686e-02 2.040399164221263009e-02 2.109215697634176517e-02 2.160076803170472848e-02 2.198911763948747933e-02 2.226551860913422373e-02 2.242781480352001866e-02 2.229986301074533828e-02 2.209568728530424131e-02 2.161129187633069326e-02 2.103665923218771272e-02 2.030261879733419664e-02 1.943659985764401715e-02 1.843827325572163986e-02 1.730503116465944777e-02 1.617965470567736194e-02 1.479879094494609103e-02 1.347248449404452389e-02 1.204445447565878971e-02 1.063515614010570633e-02 9.186911213364032033e-03 7.741781304890401651e-03 6.231398107074106497e-03 4.757910837996707359e-03 3.161367205132183805e-03 1.420997594543817405e-03
1.435645226682525765e-03 3.081928312227465074e-03 4.596140546506245067e-03 6.044002386439038463e-03 7.434948210955459082e-03 8.806376107207566917e-03 1.012283257588966583e-02 1.145061893019378926e-02 1.268331597949338974e-02 1.389797340437632332e-02 1.508341477197501675e-02 1.618346175865834763e-02 1.724787270890360338e-02 1.822928501824145481e-02 1.912626378926026924e-02 1.990650133024336049e-02 2.064630706752344433e-02 2.122350678656355696e-02 2.170144217622727717e-02 2.206221334043139207e-02 2.229986301074533828e-02 2.243484019814871028e-02 2.226745465916719902e-02 2.190953648948258670e-02 2.143936843338345444e-02 2.080550079458423282e-02 2.002139034085878219e-02 1.908300343795815701e-02 1.800088573033960943e-02 1.691524354379967537e-02 1.556356748555409036e-02 1.422756990426182755e-02 1.280886275480871452e-02 1.139610796365332808e-02 9.932041351973678461e-03 8.465026875435122458e-03 6.926146021875305599e-03 5.422169321450831352e-03 3.796506585079768327e-03 1.999470316982593972e-03
1.337455570349364723e-03 2.910946874981985497e-03 4.360527591827620224e-03 5.748607582148868370e-03 7.084722479477171403e-03 8.403937892149453484e-03 9.670973764153809049e-03 1.095682509315013681e-02 1.214783971090560057e-02 1.332765940468639762e-02 1.448584058468485591e-02 1.556242730804504280e-02 1.661831694660961464e-02 1.760280186555870929e-02 1.851383902866168135e-02 1.932206994468707584e-02 2.010458356301424165e-02 2.074102237102276244e-02 2.129696010454124738e-02 2.174403772048203246e-02 2.209568728530424131e-02 2.226745465916719902e-02 2.267792951672839563e-02 2.213132680150317610e-02 2.177596915433364227e-02 2.127053564854559931e-02 2.059159426261207571e-02 1.973173075991442593e-02 1.872117027759826260e-02 1.769212857404087180e-02 1.637136146256877589e-02 1.507110092704098611e-02 1.366896349288470106e-02 1.226384666122905948e-02 1.079520454092436701e-02 9.317118264809373315e-03 7.761405420932298432e-03 6.240427182721616263e-03 4.603317468992724863e-03 2.778064950167167396e-03
1.228892609512633382e-03 2.715210254715652236e-03 4.086226975336116653e-03 5.400871836430809828e-03 6.668412013968199291e-03 7.922199799438955567e-03 9.127094049475804188e-03 1.035737591354521717e-02 1.149381123198870737e-02 1.262597281114694742e-02 1.374446818211674630e-02 1.478606888776613608e-02 1.581885711055677074e-02 1.679267682701252387e-02 1.770326331867954489e-02 1.852484193715224492e-02 1.933511638117216616e-02 2.001560400749848728e-02 2.063375870389041328e-02 2.115677445567255843e-02 2.161129187633069326e-02 2.190953648948258670e-02 2.213132680150317610e-02 2.224567617638435399e-02 2.179954322723582152e-02 2.147413335932932960e-02 2.092893181018209633e-02 2.016955230356926379e-02 1.925823054707235735e-02 1.831059064034381428e-02 1.704509709391517983e-02 1.579328822003338295e-02 1.442656818091293466e-02 1.304522249282131022e-02 1.158593712482742892e-02 1.010823965696687476e-02 8.545308058240073945e-03 7.013421051177926198e-03 5.365255784560334432e-03 3.499010382374740692e-03
1.155178539512615333e-03 2.551832746084655400e-03 3.841965157368614370e-03 5.080919603077560694e-03 6.277571468249380261e-03 7.463562268065051901e-03 8.604030078466032641e-03 9.775557696862637730e-03 1.085433080862847205e-02 1.193513692008494123e-02 1.300991083157551284e-02 1.401213028098110581e-02 1.501618541500306103e-02 1.597338797306654956e-02 1.687628987387285867e-02 1.770294723964328451e-02 1.853134282883076717e-02 1.924467380339753286e-02 1.991160738185076412e-02 2.049724931084321786e-02 2.103665923218771272e-02 2.143936843338345444e-02 2.177596915433364227e-02 2.179954322723582152e-02 2.202234574286688479e-02 2.171112703706941718e-02 2.129172769180440183e-02 2.063773240515970678e-02 1.985215867881748655e-02 1.901001276294379122e-02 1.782155816667176790e-02 1.663796611246062471e-02 1.532439552926418737e-02 1.398316439496138062e-02 1.254810317265273902e-02 1.108370805674170449e-02 9.526004007038438651e-03 7.996303065556351758e-03 6.351091998841340049e-03 4.464892772452538384e-03
1.069485781382960949e-03 2.370819316828076499e-03 3.573218960683190951e-03 4.730492247872372137e-03 5.850495951917887225e-03 6.962985197177276771e-03 8.033562614678080305e-03 9.140504777943205331e-03 1.015595786539873029e-02 1.117945477656009413e-02 1.220460128733424215e-02 1.316192963493289549e-02 1.412948130237115171e-02 1.506259152465302432e-02 1.594941192299775823e-02 1.677218370471835265e-02 1.760904243926609408e-02 1.834486998950467587e-02 1.904951025294476796e-02 1.968798468902157456e-02 2.030261879733419664e-02 2.080550079458423282e-02 2.127053564854559931e-02 2.147413335932932960e-02 2.171112703706941718e-02 2.171609486526489274e-02 2.138820125312600531e-02 2.085958457131594640e-02 2.025475194015237054e-02 1.955797244033818591e-02 1.847917330492117663e-02 1.739411055979452059e-02 1.615992381658248878e-02 1.488343385223333225e-02 1.349569282486997278e-02 1.206542166003510969e-02 1.053285517569030154e-02 9.024736175830395599e-03 7.400244236627736769e-03 5.514149895844526472e-03
9.894713705391037541e-04 2.189652252317310539e-03 3.303435648569789853e-03 4.375784171928003702e-03 5.415590148924035938e-03 6.450632186748378460e-03 7.447210658530785572e-03 8.484957872977823279e-03 9.432276692953295294e-03 1.039313430395651799e-02 1.136329852100411222e-02 1.227061163913415083e-02 1.319417861519650396e-02 1.409617448616870029e-02 1.495886190527358217e-02 1.576914791075893774e-02 1.660521011188524285e-02 1.735317229826061416e-02 1.808382495150296157e-02 1.876242087630498184e-02 1.943659985764401715e-02 2.002139034085878219e-02 2.059159426261207571e-02 2.092893181018209633e-02 2.129172769180440183e-02 2.138820125312600531e-02 2.161366828322565728e-02 2.087074302545419494e-02 2.055327045318168164e-02 2.004775857331865183e-02 1.911313134075496786e-02 1.816079774494261390e-02 1.703539858502175347e-02 1.585169751593938289e-02 1.453788988270652421e-02 1.316581258809670571e-02 1.168180408104726661e-02 1.021886939692442757e-02 8.638409913460551662e-03 6.780145661745498251e-03
9.231711029038629224e-04 2.017808389287508320e-03 3.035581012661462894e-03 4.017726891450705898e-03 4.972719639304901129e-03 5.925964986414035233e-03 6.844667663614948175e-03 7.809185375868771609e-03 8.684762207779863144e-03 9.578904768376805823e-03 1.049049817276802125e-02 1.134396036360037739e-02 1.221755103456730399e-02 1.308223259856983352e-02 1.391350379483111653e-02 1.470269284776378090e-02 1.552837158723848442e-02 1.627680233779413635e-02 1.702026852119218128e-02 1.772342840048067233e-02 1.843827325572163986e-02 1.908300343795815701e-02 1.973173075991442593e-02 2.016955230356926379e-02 2.063773240515970678e-02 2.085958457131594640e-02 2.087074302545419494e-02 2.202699441038308281e-02 2.095237850025273227e-02 2.058845854893234448e-02 1.979148206977412311e-02 1.898916580021816139e-02 1.799153058454771789e-02 1.692341591905844461e-02 1.570785818766174194e-02 1.441613939715999902e-02 1.300189582779494139e-02 1.160574786568329200e-02 1.008874080202775900e-02 8.282620365182399164e-03
8.471759917184651942e-04 1.835048627019141834e-03 2.755337910374038371e-03 3.644970222961261847e-03 4.512288744638200642e-03 5.380202494582743411e-03 6.217060939194479947e-03 7.103890945936826122e-03 7.902791018407278462e-03 8.724430354045567201e-03 9.573100238724334757e-03 1.036673205644765734e-02 1.118244456626547000e-02 1.200262623041994763e-02 1.279403005052892443e-02 1.355293835018905879e-02 1.436087458131791138e-02 1.510129764128749150e-02 1.583203418633563272e-02 1.655929385550014218e-02 1.730503116465944777e-02 1.800088573033960943e-02 1.872117027759826260e-02 1.925823054707235735e-02 1.985215867881748655e-02 2.025475194015237054e-02 2.055327045318168164e-02 2.095237850025273227e-02 2.114437152107526488e-02 2.073930890587054668e-02 2.012585339863288275e-02 1.953021992282755540e-02 1.870152913896883096e-02 1.778829018170676249e-02 1.670829674376212229e-02 1.552937323618788432e-02 1.421558583768830868e-02 1.291626522595650146e-02 1.149116574637533764e-02 9.768373280079784352e-03
7.956130344240365656e-04 1.677798811275833064e-03 2.501844270795320225e-03 3.300206810066811346e-03 4.081201774966502008e-03 4.865016995505144250e-03 5.621307071687657413e-03 6.431490664121975072e-03 7.154599216849979147e-03 7.902574917981327121e-03 8.697581218323374372e-03 9.428786731291872308e-03 1.018475567578478944e-02 1.095861899376340473e-02 1.170575573260297826e-02 1.241733857977898002e-02 1.323716390557552747e-02 1.395304851320203210e-02 1.468882632405331401e-02 1.541490221276617563e-02 1.617965470567736194e-02 1.691524354379967537e-02 1.769212857404087180e-02 1.831059064034381428e-02 1.901001276294379122e-02 1.955797244033818591e-02 2.004775857331865183e-02 2.058845854893234448e-02 2.073930890587054668e-02 2.171488579593322185e-02 2.038975663557356099e-02 2.007520502179061667e-02 1.944990894191610947e-02 1.873028241929372908e-02 1.782652038287418916e-02 1.679555860131908690e-02 1.561500784836887881e-02 1.444531548081430701e-02 1.314267353951175006e-02 1.153757465865871794e-02
7.037557726690604884e-04 1.475839469203630867e-03 2.198923419552095086e-03 2.901064028801079650e-03 3.590679187237129713e-03 4.285209833724617882e-03 4.955727210444463120e-03 5.684458292167627637e-03 6.328542773952167480e-03 7.011020349570021119e-03 7.680803331781807693e-03 8.369049016723039552e-03 9.060126368393747742e-03 9.780887756867561941e-03 1.047856759742150923e-02 1.116654555960245113e-02 1.189884749523889736e-02 1.259900474145097399e-02 1.331760430984386089e-02 1.403441617345268892e-02 1.479879094494609103e-02 1.556356748555409036e-02 1.637136146256877589e-02 1.704509709391517983e-02 1.782155816667176790e-02 1.847917330492117663e-02 1.911313134075496786e-02 1.979148206977412311e-02 2.012585339863288275e-02 2.038975663557356099e-02 2.073501726895618513e-02 2.036820503098243570e-02 1.991698586695243509e-02 1.941375480443965559e-02 1.872283061883200234e-02 1.787309343818017232e-02 1.686037121729317204e-02 1.585806862309998427e-02 1.471631043786182300e-02 1.327263067113262224e-02
6.234773304811877656e-04 1.289457073646366279e-03 1.915125689318993539e-03 2.524165214996538023e-03 3.125165115892606336e-03 3.732835789779013341e-03 4.319225296970204825e-03 4.967108275312949114e-03 5.530486145350345731e-03 6.130605451861677324e-03 6.754347344831529605e-03 7.368879789309328888e-03 7.990375279603252959e-03 8.655427456524009827e-03 9.299516647548546761e-03 9.941674839360077273e-03 1.063820288771765050e-02 1.130698024222230244e-02 1.200217994351015019e-02 1.270619961654580014e-02 1.347248449404452389e-02 1.422756990426182755e-02 1.507110092704098611e-02 1.579328822003338295e-02 1.663796611246062471e-02 1.739411055979452059e-02 1.816079774494261390e-02 1.898916580021816139e-02 1.953021992282755540e-02 2.007520502179061667e-02 2.036820503098243570e-02 2.076173899001891240e-02 2.019047475262854274e-02 2.000017939249073770e-02 1.959754944951789396e-02 1.898093687277319433e-02 1.818448333195277558e-02 1.740033975409117570e-02 1.646575651621580080e-02 1.522886975699411227e-02
5.250017887801782012e-04 1.086083902709713460e-03 1.614956393005425803e-03 2.131001804464662409e-03 2.643058210053673019e-03 3.163939559980041231e-03 3.664821518020736513e-03 4.230320980035100036e-03 4.712133524541034166e-03 5.231952597986328640e-03 5.785185875632108468e-03 6.331051239012336698e-03 6.879161561313951873e-03 7.482123643370349429e-03 8.065821335044015897e-03 8.658959272409534960e-03 9.308141841045416282e-03 9.939311653140483691e-03 1.060459225715645534e-02 1.128923104750654757e-02 1.204445447565878971e-02 1.280886275480871452e-02 1.366896349288470106e-02 1.442656818091293466e-02 1.532439552926418737e-02 1.615992381658248878e-02 1.703539858502175347e-02 1.799153058454771789e-02 1.870152913896883096e-02 1.944990894191610947e-02 1.991698586695243509e-02 2.019047475262854274e-02 2.180573666545488482e-02 2.056076465845961543e-02 2.048709371579515368e-02 2.012330211847265099e-02 1.957768522292224755e-02 1.906547045283086064e-02 1.840394728058736620e-02 1.751853493558553840e-02
4.703617583021833391e-04 9.242330356672048657e-04 1.353974187690875622e-03 1.774709255729863683e-03 2.194785047383134621e-03 2.637254859590064827e-03 3.046089605581032023e-03 3.528143016192387352e-03 3.928417250641451190e-03 4.368558279503677831e-03 4.850086424396546532e-03 5.329854072239592969e-03 5.806363607220997591e-03 6.348713432596784535e-03 6.876080563366650765e-03 7.406353262671917272e-03 8.015535351619794760e-03 8.608048213841772503e-03 9.239277375249465782e-03 9.898353105648613481e-03 1.063515614010570633e-02 1.139610796365332808e-02 1.226384666122905948e-02 1.304522249282131022e-02 1.398316439496138062e-02 1.488343385223333225e-02 1.585169751593938289e-02 1.692341591905844461e-02 1.778829018170676249e-02 1.873028241929372908e-02 1.941375480443965559e-02 2.000017939249073770e-02 2.056076465845961543e-02 2.223847093323267493e-02 2.136925941283630836e-02 2.123389021090448664e-02 2.096590086885757875e-02 2.077697781890189277e-02 2.042981013114442829e-02 1.989015275933463112e-02
4.211990174295732236e-04 7.751935254659125113e-04 1.112241166937453585e-03 1.443841088230229724e-03 1.780483305173523843e-03 2.116072950320164667e-03 2.453832556045979201e-03 2.855788403501406496e-03 3.175803672374687657e-03 3.535976769097808146e-03 3.943856033891079971e-03 4.355361418533779984e-03 4.756240198798178560e-03 5.231703400389777631e-03 5.692419185448841824e-03 6.172586760065038557e-03 6.724187620275496290e-03 7.268392060925372641e-03 7.855940768858395845e-03 8.479344014358644252e-03 9.186911213364032033e-03 9.932041351973678461e-03 1.079520454092436701e-02 1.158593712482742892e-02 1.254810317265273902e-02 1.349569282486997278e-02 1.453788988270652421e-02 1.570785818766174194e-02 1.670829674376212229e-02 1.782652038287418916e-02 1.872283061883200234e-02 1.959754944951789396e-02 2.048709371579515368e-02 2.136925941283630836e-02 2.223991165315677282e-02 2.188509728162476436e-02 2.197960440748246425e-02 2.220490630693628537e-02 2.223870893272026153e-02 2.213896963119553127e-02
3.509314694158202521e-04 6.115549704245443717e-04 8.612117496695579494e-04 1.107826702224214230e-03 1.361708445320259720e-03 1.617745138553519212e-03 1.873795169364214641e-03 2.196764295796891243e-03 2.438704526976454966e-03 2.720967707107504411e-03 3.056879247647302598e-03 3.402042578735674488e-03 3.729043572364646592e-03 4.139639382926306628e-03 4.550067059992999804e-03 4.949255549910015588e-03 5.447404802063785488e-03 5.942418842489276785e-03 6.483843457546922644e-03 7.068117601610662826e-03 7.741781304890401651e-03 8.465026875435122458e-03 9.317118264809373315e-03 1.010823965696687476e-02 1.108370805674170449e-02 1.206542166003510969e-02 1.316581258809670571e-02 1.441613939715999902e-02 1.552937323618788432e-02 1.679555860131908690e-02 1.787309343818017232e-02 1.898093687277319433e-02 2.012330211847265099e-02 2.123389021090448664e-02 2.188509728162476436e-02 2.377961693077738220e-02 2.296671281173270907e-02 2.375082584554103274e-02 2.423581756398588208e-02 2.469648781141034477e-02
3.020229158306839568e-04 4.641182170367079050e-04 6.215480898639360414e-04 7.691732667857813493e-04 9.455050011518118490e-04 1.115297896913138931e-03 1.287514323012612120e-03 1.527736033422405276e-03 1.688298720000096838e-03 1.889368962793411396e-03 2.149400071160732350e-03 2.424222746307204152e-03 2.672791767756613809e-03 3.012102813355518362e-03 3.346431230269726435e-03 3.695079366001755797e-03 4.130047256439698874e-03 4.569425636778377646e-03 5.058680029096188427e-03 5.597865779130239104e-03 6.231398107074106497e-03 6.926146021875305599e-03 7.761405420932298432e-03 8.545308058240073945e-03 9.526004007038438651e-03 1.053285517569030154e-02 1.168180408104726661e-02 1.300189582779494139e-02 1.421558583768830868e-02 1.561500784836887881e-02 1.686037121729317204e-02 1.818448333195277558e-02 1.957768522292224755e-02 2.096590086885757875e-02 2.197960440748246425e-02 2.296671281173270907e-02 2.674320697195687810e-02 2.564593065674302189e-02 2.655923779768689513e-02 2.774718279128284698e-02
2.640529447939221055e-04 3.347324307561798775e-04 4.059198025649845502e-04 4.772097538205984221e-04 5.630005057529580918e-04 6.491556425466309208e-04 7.405055417887895309e-04 9.000858477674257173e-04 9.807245111624269315e-04 1.102064995948463929e-03 1.286734962170842664e-03 1.491692383495749020e-03 1.661734610480461753e-03 1.930289036343967946e-03 2.194295184281700763e-03 2.480169659193161812e-03 2.852884617564072339e-03 3.236466979492474017e-03 3.673164724692397701e-03 4.165987834718793553e-03 4.757910837996707359e-03 5.422169321450831352e-03 6.240427182721616263e-03 7.013421051177926198e-03 7.996303065556351758e-03 9.024736175830395599e-03 1.021886939692442757e-02 1.160574786568329200e-02 1.291626522595650146e-02 1.444531548081430701e-02 1.585806862309998427e-02 1.740033975409117570e-02 1.906547045283086064e-02 2.077697781890189277e-02 2.220490630693628537e-02 2.375082584554103274e-02 2.564593065674302189e-02 2.832781291985721206e-02 2.855301761838868052e-02 3.074656561870737700e-02
1.593955774944416724e-04 1.321166776992358069e-04 1.119855603638340624e-04 9.481734099681978075e-05 9.486910430255444319e-05 9.481766595255145609e-05 1.039912178109633312e-04 1.816367800964458488e-04 1.815777740107126057e-04 2.225551335910135086e-04 3.306729071175783805e-04 4.639012731570946700e-04 5.527210490948138762e-04 7.470590564050075136e-04 9.362504439314959636e-04 1.152985430067862433e-03 1.458420026391789564e-03 1.782232935251667908e-03 2.164212540515618368e-03 2.610090422036308484e-03 3.161367205132183805e-03 3.796506585079768327e-03 4.603317468992724863e-03 5.365255784560334432e-03 6.351091998841340049e-03 7.400244236627736769e-03 8.638409913460551662e-03 1.008874080202775900e-02 1.149116574637533764e-02 1.314267353951175006e-02 1.471631043786182300e-02 1.646575651621580080e-02 1.840394728058736620e-02 2.042981013114442829e-02 2.223870893272026153e-02 2.423581756398588208e-02 2.655923779768689513e-02 2.855301761838868052e-02 3.513429742601310163e-02 3.492443696098421896e-02
