4.922842044463583082e+07 7.801351759052681737e+05 3.166900646350393654e+05 1.794941302217037592e+05 1.172832949996433163e+05 8.294004684768208244e+04 6.169311357412867801e+04 4.750430558204625413e+04 3.748594662424286798e+04 3.010270460737216490e+04 2.447381000714544643e+04 2.006460944399852815e+04 1.653624481452316104e+04 1.366651314239177373e+04 1.130539038519681890e+04 9.348645304927040343e+03 7.721465120606493656e+03 6.368002442455321216e+03 5.244610090817341188e+03 4.315547951261559319e+03 3.550371655967679999e+03 2.922484593269317884e+03 2.408478072504854026e+03 1.987895572499957552e+03 1.643180058344017652e+03 1.359597157530636878e+03 1.125083773093969057e+03 9.299588617775566490e+02 7.665835290669255073e+02 6.289315682437729720e+02 5.118348689307410950e+02 4.148938931445628668e+02 3.099245475609982918e+02 2.578641526251102505e+02 1.968150628181444688e+02 1.445236699121334993e+02 1.005170199561707705e+02 5.216368031238536673e+01 2.211076631658820801e+01 0.000000000000000000e+00
7.801351759052681737e+05 2.349424512326094919e+04 1.025164508665976973e+04 6.009839290495745445e+03 4.007073482946982494e+03 2.873398317569130995e+03 2.159898423598728186e+03 1.677305564323798535e+03 1.333104624892187530e+03 1.077307093252065442e+03 8.808823577292268965e+02 7.260397940663959844e+02 6.014197323076560906e+02 4.995293412491085405e+02 4.152859241625405957e+02 3.451446063425602802e+02 2.865525618973875339e+02 2.375980355335310605e+02 1.967814242791627635e+02 1.628693266353465958e+02 1.348052899412480201e+02 1.116608232087863399e+02 9.261357675720446991e+01 7.694074023049348909e+01 6.401875084772646574e+01 5.332195759441038518e+01 4.441831299414838696e+01 3.696000936894864708e+01 3.067165761653237865e+01 2.533600466951677888e+01 2.077023626054976191e+01 1.693214860564537005e+01 1.301482595514216456e+01 1.068858137223944027e+01 8.218689235181992458e+00 6.083678772895818376e+00 4.258004552432328005e+00 2.329629863271133416e+00 1.023682153403122186e+00 0.000000000000000000e+00
3.166900646350393654e+05 1.025164508665976973e+04 4.594455107637352739e+03 2.732890515086106461e+03 1.840236582892319120e+03 1.329680769680375306e+03 1.005866957404911091e+03 7.854915483622806960e+02 6.274912940303686355e+02 5.095326263959894959e+02 4.185763855868008250e+02 3.465964371449956047e+02 2.884485384757846305e+02 2.407285989919053293e+02 2.011214501577429985e+02 1.680096549687714571e+02 1.402279719446055424e+02 1.169047188310334064e+02 9.735754886460247803e+01 8.102622538628165216e+01 6.743092444450940093e+01 5.614900757674165277e+01 4.680455650266648604e+01 3.906533596283897225e+01 3.264299645447146503e+01 2.729297009822784759e+01 2.281300648024229005e+01 1.903931164122879238e+01 1.584137895269511809e+01 1.311557253957562352e+01 1.077383397453881742e+01 8.797161615678827928e+00 6.784032840600485059e+00 5.569011461091625925e+00 4.286503949792549228e+00 3.175542874612558908e+00 2.223366333955052454e+00 1.223320447278237522e+00 5.391044535729041520e-01 0.000000000000000000e+00
1.794941302217037592e+05 6.009839290495745445e+03 2.732890515086106461e+03 1.642214438521560396e+03 1.113586962758230129e+03 8.094257337561635950e+02 6.155677227214005143e+02 4.830742971216204182e+02 3.877176989473005619e+02 3.162733815341422883e+02 2.609963405912856160e+02 2.171060884408963148e+02 1.815310181820251501e+02 1.522340654741148285e+02 1.278273277214705246e+02 1.073402853913046897e+02 9.007409606161915860e+01 7.550712788543093268e+01 6.323247558795284817e+01 5.291715418869718235e+01 4.427639459448191417e+01 3.705906231621049329e+01 3.104095590531304438e+01 2.602286751574848722e+01 2.183083736229986016e+01 1.831636336606196380e+01 1.535582795198661721e+01 1.284844613842707517e+01 1.071335125546848310e+01 8.885825622241574351e+00 7.310216415006994595e+00 5.975813569443037210e+00 4.617188286955122400e+00 3.789478218977976987e+00 2.918252694584783313e+00 2.162570165498441277e+00 1.514102867984233658e+00 8.354175661404460440e-01 3.685916484873862919e-01 0.000000000000000000e+00
1.172832949996433163e+05 4.007073482946982494e+03 1.840236582892319120e+03 1.113586962758230129e+03 7.595625084324387899e+02 5.549978121672207863e+02 4.241329510158325320e+02 3.343878667533170983e+02 2.695897417310435458e+02 2.208896883136276301e+02 1.830941502176767983e+02 1.529911694473848058e+02 1.285131961554280053e+02 1.082867823483590399e+02 9.137493575739291884e+01 7.712210353538340257e+01 6.505664622542609266e+01 5.482743465966954943e+01 4.616165609158504424e+01 3.883692294585781468e+01 3.266344430923117415e+01 2.747372706523074726e+01 2.311774278187555609e+01 1.946150821559313826e+01 1.638731761246713958e+01 1.379404715541257609e+01 1.159696158860168325e+01 9.726504356641720861e+00 8.126465069622888393e+00 6.751491873882427441e+00 5.562082743246460126e+00 4.551697676573813744e+00 3.522626058533463667e+00 2.891117120719057798e+00 2.227560264787505684e+00 1.651289296370200166e+00 1.156217799126861179e+00 6.394483329458930942e-01 2.824242137223291760e-01 0.000000000000000000e+00
8.294004684768208244e+04 2.873398317569130995e+03 1.329680769680375306e+03 8.094257337561635950e+02 5.549978121672207863e+02 4.074956990634316298e+02 3.128464738997714676e+02 2.477479274167050391e+02 2.006109741792930663e+02 1.650835968891308028e+02 1.374316237934762341e+02 1.153421816451384814e+02 9.732437744082866971e+01 8.238657303524928466e+01 6.985159129916212351e+01 5.924554152804894613e+01 5.022785471908481014e+01 4.254569924092589162e+01 3.600347498232756749e+01 3.044241201459350066e+01 2.572734972329541847e+01 2.173896508867381883e+01 1.837005023288683248e+01 1.552439294117675317e+01 1.311697245011202106e+01 1.107428399026092336e+01 9.334329469985013006e+00 7.845866917818069552e+00 6.567186255570590880e+00 5.464354931703601537e+00 4.507424720129220574e+00 3.692288450107323872e+00 2.861659852634958590e+00 2.348788262642073299e+00 1.810580168060804906e+00 1.342633110215652126e+00 9.402019812736776005e-01 5.210578107863695907e-01 2.303570155583790080e-01 0.000000000000000000e+00
6.169311357412867801e+04 2.159898423598728186e+03 1.005866957404911091e+03 6.155677227214005143e+02 4.241329510158325320e+02 3.128464738997714676e+02 2.412477342512402458e+02 1.918750448148066710e+02 1.560317136960377695e+02 1.289444955366193426e+02 1.078036730131295258e+02 9.086686902850148329e+01 7.700968675294053867e+01 6.548351245860642678e+01 5.577675348309366399e+01 4.753139062044535734e+01 4.049046420278313718e+01 3.446379889800377327e+01 2.930494449497814458e+01 2.489557889950374303e+01 2.113526836861445446e+01 1.793534572010872097e+01 1.521591920298411971e+01 1.290494647060602418e+01 1.093839371023285878e+01 9.260551572154545497e+00 7.824120711976261688e+00 6.589737273239458126e+00 5.525124793853985139e+00 4.603803588859563867e+00 3.802085307504480927e+00 3.117424393686138995e+00 2.419352398470533849e+00 1.985966972437608113e+00 1.531632866767685730e+00 1.136176759341722020e+00 7.957442817564095439e-01 4.418511068220514204e-01 1.955236992604374169e-01 0.000000000000000000e+00
4.750430558204625413e+04 1.677305564323798535e+03 7.854915483622806960e+02 4.830742971216204182e+02 3.343878667533170983e+02 2.477479274167050391e+02 1.918750448148066710e+02 1.532551507935006896e+02 1.251500271189140108e+02 1.038571162199434639e+02 8.719453981808472065e+01 7.380788606233718951e+01 6.282231008407325845e+01 5.365487505925548817e+01 4.590699014825173663e+01 3.929976626826928765e+01 3.363334518404228390e+01 2.876031376861003963e+01 2.456772468807419330e+01 2.096479779197373361e+01 1.787474313418159610e+01 1.522979069525457341e+01 1.296871365473261051e+01 1.103603598760637894e+01 9.382158163380738713e+00 7.963652890356511804e+00 6.743400397993904782e+00 5.690291349365901752e+00 4.778626831706650258e+00 3.987142011342161840e+00 3.296547422546804107e+00 2.705372576530382212e+00 2.102232904906160993e+00 1.725921074616771689e+00 1.331732400938175909e+00 9.882564017838194603e-01 6.922748110047068915e-01 3.851054187209610458e-01 1.705721879445530886e-01 0.000000000000000000e+00
3.748594662424286798e+04 1.333104624892187530e+03 6.274912940303686355e+02 3.877176989473005619e+02 2.695897417310435458e+02 2.006109741792930663e+02 1.560317136960377695e+02 1.251500271189140108e+02 1.026247896961303923e+02 8.551817634178580363e+01 7.209723393092714616e+01 6.128523058432657677e+01 5.238609532445175176e+01 4.493568040035062694e+01 3.861648011112969670e+01 3.320641671132345607e+01 2.854663005182086977e+01 2.452039215403683770e+01 2.103877150975043975e+01 1.803071451802902558e+01 1.543636742997984079e+01 1.320294951841304965e+01 1.128265552819287976e+01 9.631959813382451330e+00 8.211712042657319799e+00 6.987407934528542697e+00 5.929349522879989287e+00 5.012467726641166799e+00 4.215893752650464066e+00 3.522206871644725457e+00 2.915374662180208798e+00 2.394710404639600387e+00 1.863113220226913835e+00 1.529929607733032881e+00 1.181113946005262205e+00 8.768408757494372541e-01 6.143724720554861740e-01 3.423767175528265039e-01 1.517892728416478931e-01 0.000000000000000000e+00
3.010270460737216490e+04 1.077307093252065442e+03 5.095326263959894959e+02 3.162733815341422883e+02 2.208896883136276301e+02 1.650835968891308028e+02 1.289444955366193426e+02 1.038571162199434639e+02 8.551817634178580363e+01 7.155850515833309089e+01 6.057924879033537024e+01 5.171046525727449961e+01 4.438928666243560173e+01 3.824011683950025287e+01 3.300592512023732894e+01 2.850702027958468676e+01 2.461513003246880871e+01 2.123640737071756490e+01 1.829981177363164235e+01 1.574897581102791122e+01 1.353665868089301938e+01 1.162126105176449364e+01 9.965017366973189183e+00 8.533371918214880836e+00 7.295047257438244337e+00 6.222287671588705216e+00 5.291029690253585827e+00 4.480807939244114912e+00 3.774449023880614096e+00 3.157485431303225010e+00 2.616398329073629014e+00 2.151101845936512102e+00 1.675604736972132747e+00 1.376348314556949282e+00 1.063141934154078427e+00 7.896196378621336276e-01 5.534232281646452867e-01 3.089460721578948244e-01 1.371001261500729984e-01 0.000000000000000000e+00
2.447381000714544643e+04 8.808823577292268965e+02 4.185763855868008250e+02 2.609963405912856160e+02 1.830941502176767983e+02 1.374316237934762341e+02 1.078036730131295258e+02 8.719453981808472065e+01 7.209723393092714616e+01 6.057924879033537024e+01 5.149844486709987024e+01 4.414383378603638874e+01 3.805495595939673592e+01 3.292430389902600751e+01 2.854135573271634740e+01 2.475902116128492025e+01 2.147254821076717590e+01 1.860567047314193090e+01 1.610107870907171801e+01 1.391366950533310920e+01 1.200588067006369997e+01 1.034471015662374249e+01 8.900136916601669057e+00 7.644551851515339003e+00 6.552800695858578273e+00 5.602398814114242676e+00 4.773702283960642667e+00 4.049872507768228935e+00 3.416659611093150861e+00 2.861943068915892674e+00 2.374211026543578740e+00 1.953859577279487336e+00 1.523804970645555867e+00 1.252140411157540933e+00 9.677993858397092586e-01 7.191828899050141111e-01 5.042449439781743203e-01 2.819745938680820463e-01 1.252572047684324952e-01 0.000000000000000000e+00
2.006460944399852815e+04 7.260397940663959844e+02 3.465964371449956047e+02 2.171060884408963148e+02 1.529911694473848058e+02 1.153421816451384814e+02 9.086686902850148329e+01 7.380788606233718951e+01 6.128523058432657677e+01 5.171046525727449961e+01 4.414383378603638874e+01 3.799968953912411962e+01 3.289832469016797489e+01 2.858591502150319386e+01 2.488860328605382932e+01 2.168499239608988205e+01 1.888885327027145422e+01 1.643774568557678251e+01 1.428514080111409434e+01 1.239476909008634919e+01 1.073666243783262075e+01 9.284580681517500267e+00 8.014617936884635085e+00 6.904676333154376344e+00 5.934484293802067434e+00 5.085781382080403645e+00 4.342482890164196085e+00 3.690685503717226812e+00 3.118516888186284586e+00 2.615774901587986978e+00 2.172596311009947989e+00 1.789779755071806644e+00 1.397561701084013785e+00 1.148987563000565260e+00 8.886969412828340520e-01 6.608063858995133488e-01 4.635356189437992436e-01 2.596535344055974082e-01 1.154661730844088602e-01 0.000000000000000000e+00
1.653624481452316104e+04 6.014197323076560906e+02 2.884485384757846305e+02 1.815310181820251501e+02 1.285131961554280053e+02 9.732437744082866971e+01 7.700968675294053867e+01 6.282231008407325845e+01 5.238609532445175176e+01 4.438928666243560173e+01 3.805495595939673592e+01 3.289832469016797489e+01 2.860466745964401269e+01 2.496335047542885732e+01 2.183000346613520648e+01 1.910387647252711929e+01 1.671360261327658492e+01 1.460780830135110264e+01 1.274856870955113841e+01 1.110665091446568020e+01 9.658136873201002004e+00 8.382188622271522505e+00 7.259809448616231897e+00 6.273351848577740419e+00 5.406511557822056169e+00 4.644481140226996096e+00 3.974102395792136644e+00 3.383899463436475852e+00 2.863977320480340705e+00 2.405738525308285247e+00 2.000706448252720371e+00 1.650027761471009491e+00 1.290078435094983433e+00 1.061323322143946868e+00 8.215596145192618494e-01 6.113300885180328326e-01 4.290875230754956915e-01 2.407729702064817789e-01 1.071958017922050449e-01 0.000000000000000000e+00
1.366651314239177373e+04 4.995293412491085405e+02 2.407285989919053293e+02 1.522340654741148285e+02 1.082867823483590399e+02 8.238657303524928466e+01 6.548351245860642678e+01 5.365487505925548817e+01 4.493568040035062694e+01 3.824011683950025287e+01 3.292430389902600751e+01 2.858591502150319386e+01 2.496335047542885732e+01 2.188128115755185732e+01 1.921942663493363312e+01 1.689388232190322370e+01 1.484537593212311712e+01 1.303150430146350480e+01 1.142128485724240505e+01 9.991142741808911154e+00 8.722022265586170775e+00 7.597440666811062115e+00 6.602382261394621921e+00 5.722834774062026675e+00 4.945759267275239068e+00 4.259211254357742504e+00 3.652476124350655606e+00 3.116118699987640905e+00 2.641917341121855056e+00 2.222641773782802144e+00 1.851004146672426742e+00 1.528460380719658174e+00 1.196623697094362226e+00 9.852724840166526832e-01 7.634101610400599869e-01 5.685526599754311405e-01 3.993625805543421503e-01 2.244885510316744492e-01 1.000750721067597271e-01 0.000000000000000000e+00
1.130539038519681890e+04 4.152859241625405957e+02 2.011214501577429985e+02 1.278273277214705246e+02 9.137493575739291884e+01 6.985159129916212351e+01 5.577675348309366399e+01 4.590699014825173663e+01 3.861648011112969670e+01 3.300592512023732894e+01 2.854135573271634740e+01 2.488860328605382932e+01 2.183000346613520648e+01 1.921942663493363312e+01 1.695650426684688128e+01 1.497122992217794923e+01 1.321427324212294785e+01 1.165056279062194378e+01 1.025475143701130420e+01 9.007832051320304956e+00 7.894667779572740685e+00 6.902297231466790528e+00 6.018945978352432391e+00 5.233587594663910991e+00 4.535889866757492506e+00 3.916302588804401630e+00 3.366172021145544146e+00 2.877797840953859598e+00 2.444392295954130212e+00 2.059905816348989394e+00 1.718084853736884465e+00 1.420665388998291867e+00 1.113791907182610119e+00 9.180434602736522454e-01 7.121010513717344059e-01 5.308842978253131006e-01 3.732488298401564486e-01 2.101876452420730346e-01 9.383409991255675653e-02 0.000000000000000000e+00
9.348645304927040343e+03 3.451446063425602802e+02 1.680096549687714571e+02 1.073402853913046897e+02 7.712210353538340257e+01 5.924554152804894613e+01 4.753139062044535734e+01 3.929976626826928765e+01 3.320641671132345607e+01 2.850702027958468676e+01 2.475902116128492025e+01 2.168499239608988205e+01 1.910387647252711929e+01 1.689388232190322370e+01 1.497122992217794923e+01 1.327746572378380741e+01 1.177148480048049883e+01 1.042423572583869529e+01 9.214955231100978139e+00 8.128321316724086643e+00 7.152347952319507485e+00 6.276913266163214544e+00 5.492877110894715642e+00 4.791664966837556605e+00 4.165191455203627768e+00 3.605914725625894768e+00 3.106926955126724010e+00 2.662011285342754885e+00 2.265617550608653108e+00 1.912724650026344175e+00 1.597988135506106744e+00 1.323400130168828071e+00 1.039071917888930496e+00 8.575733214846449348e-01 6.660411601545235261e-01 4.971440857704292338e-01 3.499183086136212761e-01 1.974115583720637557e-01 8.826989905660857783e-02 0.000000000000000000e+00
7.721465120606493656e+03 2.865525618973875339e+02 1.402279719446055424e+02 9.007409606161915860e+01 6.505664622542609266e+01 5.022785471908481014e+01 4.049046420278313718e+01 3.363334518404228390e+01 2.854663005182086977e+01 2.461513003246880871e+01 2.147254821076717590e+01 1.888885327027145422e+01 1.671360261327658492e+01 1.484537593212311712e+01 1.321427324212294785e+01 1.177148480048049883e+01 1.048273425538612003e+01 9.323921545476363093e+00 8.278008068168691835e+00 7.332632344749086428e+00 6.478324648400067609e+00 5.707235303422849348e+00 5.012349912523533568e+00 4.387095748108061244e+00 3.825244563984870005e+00 3.320934593751884822e+00 2.868735351373697728e+00 2.463698779564265529e+00 2.101344807501069223e+00 1.777551259637777603e+00 1.487777114898642505e+00 1.234248874887806657e+00 9.705840537126251277e-01 8.023113669803886294e-01 6.240291497584812275e-01 4.664364599844365022e-01 3.287404048103557130e-01 1.858082299302190876e-01 8.322558372812269289e-02 0.000000000000000000e+00
6.368002442455321216e+03 2.375980355335310605e+02 1.169047188310334064e+02 7.550712788543093268e+01 5.482743465966954943e+01 4.254569924092589162e+01 3.446379889800377327e+01 2.876031376861003963e+01 2.452039215403683770e+01 2.123640737071756490e+01 1.860567047314193090e+01 1.643774568557678251e+01 1.460780830135110264e+01 1.303150430146350480e+01 1.165056279062194378e+01 1.042423572583869529e+01 9.323921545476363093e+00 8.329591446537525812e+00 7.427224599565890095e+00 6.606822441800303203e+00 5.860904884608564736e+00 5.183419025595370933e+00 4.569045317313574550e+00 4.012827192553442224e+00 3.510056291055266176e+00 3.056264442289998051e+00 2.647262510916997602e+00 2.279181682399783249e+00 1.948463671727365343e+00 1.651770511201180902e+00 1.385271682943372662e+00 1.151406228672415599e+00 9.069146893799054920e-01 7.510833921666629776e-01 5.851494393858500676e-01 4.380744493961636898e-01 3.092282852423549611e-01 1.751033519196249222e-01 7.857781133626212666e-02 0.000000000000000000e+00
5.244610090817341188e+03 1.967814242791627635e+02 9.735754886460247803e+01 6.323247558795284817e+01 4.616165609158504424e+01 3.600347498232756749e+01 2.930494449497814458e+01 2.456772468807419330e+01 2.103877150975043975e+01 1.829981177363164235e+01 1.610107870907171801e+01 1.428514080111409434e+01 1.274856870955113841e+01 1.142128485724240505e+01 1.025475143701130420e+01 9.214955231100978139e+00 8.278008068168691835e+00 7.427224599565890095e+00 6.651020705881711237e+00 5.941270040016394027e+00 5.292047193561603358e+00 4.698698725848183599e+00 4.157234325749538328e+00 3.663981141554891519e+00 3.215455596902370594e+00 2.808329121994978639e+00 2.439442353131554775e+00 2.105834220106985288e+00 1.804733110525991391e+00 1.533480343761126852e+00 1.288871241903275955e+00 1.073534085024887119e+00 8.470076224097765616e-01 7.030029283591583411e-01 5.487044482930339973e-01 4.115298549797576366e-01 2.910042239888129822e-01 1.650818016950079958e-01 7.422874928652767323e-02 0.000000000000000000e+00
4.315547951261559319e+03 1.628693266353465958e+02 8.102622538628165216e+01 5.291715418869718235e+01 3.883692294585781468e+01 3.044241201459350066e+01 2.489557889950374303e+01 2.096479779197373361e+01 1.803071451802902558e+01 1.574897581102791122e+01 1.391366950533310920e+01 1.239476909008634919e+01 1.110665091446568020e+01 9.991142741808911154e+00 9.007832051320304956e+00 8.128321316724086643e+00 7.332632344749086428e+00 6.606822441800303203e+00 5.941270040016394027e+00 5.329322791376184476e+00 4.766255467777600785e+00 4.248485896128038064e+00 3.773045294595655630e+00 3.337259070785835835e+00 2.938610170168713953e+00 2.574683501019540799e+00 2.243158242242154099e+00 1.941824061814863889e+00 1.668570944905629849e+00 1.421321582338616052e+00 1.197418059532303181e+00 9.996525084189715749e-01 7.900818103536431103e-01 6.574051431256604516e-01 5.141648417918931457e-01 3.863972233407932388e-01 2.737749498738419884e-01 1.555746399057639506e-01 7.010057325371857329e-02 0.000000000000000000e+00
3.550371655967679999e+03 1.348052899412480201e+02 6.743092444450940093e+01 4.427639459448191417e+01 3.266344430923117415e+01 2.572734972329541847e+01 2.113526836861445446e+01 1.787474313418159610e+01 1.543636742997984079e+01 1.353665868089301938e+01 1.200588067006369997e+01 1.073666243783262075e+01 9.658136873201002004e+00 8.722022265586170775e+00 7.894667779572740685e+00 7.152347952319507485e+00 6.478324648400067609e+00 5.860904884608564736e+00 5.292047193561603358e+00 4.766255467777600785e+00 4.279721326478080456e+00 3.829667887682322469e+00 3.413893222700282060e+00 3.030479246139719862e+00 2.677651842265100779e+00 2.353709671145442606e+00 2.056998453158901619e+00 1.785915093296703615e+00 1.538895157265574687e+00 1.314350775997342513e+00 1.110096096352519490e+00 9.290597106973313979e-01 7.355715195928790306e-01 6.137992945465692296e-01 4.811341029792268187e-01 3.623684583163913620e-01 2.573144575468717665e-01 1.464501608795472642e-01 6.613173596167148949e-02 0.000000000000000000e+00
2.922484593269317884e+03 1.116608232087863399e+02 5.614900757674165277e+01 3.705906231621049329e+01 2.747372706523074726e+01 2.173896508867381883e+01 1.793534572010872097e+01 1.522979069525457341e+01 1.320294951841304965e+01 1.162126105176449364e+01 1.034471015662374249e+01 9.284580681517500267e+00 8.382188622271522505e+00 7.597440666811062115e+00 6.902297231466790528e+00 6.276913266163214544e+00 5.707235303422849348e+00 5.183419025595370933e+00 4.698698725848183599e+00 4.248485896128038064e+00 3.829667887682322469e+00 3.440062896405069903e+00 3.078030102831938564e+00 2.742207766998174812e+00 2.431375137565021660e+00 2.144371495975193387e+00 1.880056921818122451e+00 1.637306193947755784e+00 1.414993974342846794e+00 1.211936105480073911e+00 1.026348315813898404e+00 8.612668741925806337e-01 6.830775640226254275e-01 5.718304123583657361e-01 4.493201960211130053e-01 3.392126981733202262e-01 2.414505349485479291e-01 1.376068805839995857e-01 6.227407384126694423e-02 0.000000000000000000e+00
2.408478072504854026e+03 9.261357675720446991e+01 4.680455650266648604e+01 3.104095590531304438e+01 2.311774278187555609e+01 1.837005023288683248e+01 1.521591920298411971e+01 1.296871365473261051e+01 1.128265552819287976e+01 9.965017366973189183e+00 8.900136916601669057e+00 8.014617936884635085e+00 7.259809448616231897e+00 6.602382261394621921e+00 6.018945978352432391e+00 5.492877110894715642e+00 5.012349912523533568e+00 4.569045317313574550e+00 4.157234325749538328e+00 3.773045294595655630e+00 3.413893222700282060e+00 3.078030102831938564e+00 2.764215011204970374e+00 2.471481736995594147e+00 2.199006761518984554e+00 1.946023992931184887e+00 1.711776628483677287e+00 1.495503374133347219e+00 1.296422204270121004e+00 1.113674031465414549e+00 9.458103830961003267e-01 7.959459443767189502e-01 6.323282217726596821e-01 5.312488032762709977e-01 4.185131347961270620e-01 3.167604845994876905e-01 2.260542396508707919e-01 1.289680513239848114e-01 5.849055064282761979e-02 0.000000000000000000e+00
1.987895572499957552e+03 7.694074023049348909e+01 3.906533596283897225e+01 2.602286751574848722e+01 1.946150821559313826e+01 1.552439294117675317e+01 1.290494647060602418e+01 1.103603598760637894e+01 9.631959813382451330e+00 8.533371918214880836e+00 7.644551851515339003e+00 6.904676333154376344e+00 6.273351848577740419e+00 5.722834774062026675e+00 5.233587594663910991e+00 4.791664966837556605e+00 4.387095748108061244e+00 4.012827192553442224e+00 3.663981141554891519e+00 3.337259070785835835e+00 3.030479246139719862e+00 2.742207766998174812e+00 2.471481736995594147e+00 2.217605889954145315e+00 1.980029869519009278e+00 1.758263261490913276e+00 1.551822818739528209e+00 1.360213781272797462e+00 1.182913566427283181e+00 1.019317640527099833e+00 8.682529328912776956e-01 7.328837715606627556e-01 5.831445088035855928e-01 4.918830629786535846e-01 3.885651755571071786e-01 2.948898754661936628e-01 2.110307825304812979e-01 1.204769049172498135e-01 5.475333620503301801e-02 0.000000000000000000e+00
1.643180058344017652e+03 6.401875084772646574e+01 3.264299645447146503e+01 2.183083736229986016e+01 1.638731761246713958e+01 1.311697245011202106e+01 1.093839371023285878e+01 9.382158163380738713e+00 8.211712042657319799e+00 7.295047257438244337e+00 6.552800695858578273e+00 5.934484293802067434e+00 5.406511557822056169e+00 4.945759267275239068e+00 4.535889866757492506e+00 4.165191455203627768e+00 3.825244563984870005e+00 3.510056291055266176e+00 3.215455596902370594e+00 2.938610170168713953e+00 2.677651842265100779e+00 2.431375137565021660e+00 2.199006761518984554e+00 1.980029869519009278e+00 1.774072717906948427e+00 1.580827499469719122e+00 1.399996524971578005e+00 1.231271282811433831e+00 1.074317553253141044e+00 9.287238343700213727e-01 7.935380812041473719e-01 6.719468167306936746e-01 5.354128010556253869e-01 4.536182998092890273e-01 3.593743759378205116e-01 2.735145266099104910e-01 1.963113898711483785e-01 1.120921054825898822e-01 5.104181709123252475e-02 0.000000000000000000e+00
1.359597157530636878e+03 5.332195759441038518e+01 2.729297009822784759e+01 1.831636336606196380e+01 1.379404715541257609e+01 1.107428399026092336e+01 9.260551572154545497e+00 7.963652890356511804e+00 6.987407934528542697e+00 6.222287671588705216e+00 5.602398814114242676e+00 5.085781382080403645e+00 4.644481140226996096e+00 4.259211254357742504e+00 3.916302588804401630e+00 3.605914725625894768e+00 3.320934593751884822e+00 3.056264442289998051e+00 2.808329121994978639e+00 2.574683501019540799e+00 2.353709671145442606e+00 2.144371495975193387e+00 1.946023992931184887e+00 1.758263261490913276e+00 1.580827499469719122e+00 1.413522026615019467e+00 1.256167168893857600e+00 1.108577263480998498e+00 9.705484915584335903e-01 8.418103593932664275e-01 7.215838921398137762e-01 6.130523416547457582e-01 4.890622253038031109e-01 4.163785135148810324e-01 3.308714137560427315e-01 2.525742507567524386e-01 1.818469624756664793e-01 1.037842587026117647e-01 4.734110835936049255e-02 0.000000000000000000e+00
1.125083773093969057e+03 4.441831299414838696e+01 2.281300648024229005e+01 1.535582795198661721e+01 1.159696158860168325e+01 9.334329469985013006e+00 7.824120711976261688e+00 6.743400397993904782e+00 5.929349522879989287e+00 5.291029690253585827e+00 4.773702283960642667e+00 4.342482890164196085e+00 3.974102395792136644e+00 3.652476124350655606e+00 3.366172021145544146e+00 3.106926955126724010e+00 2.868735351373697728e+00 2.647262510916997602e+00 2.439442353131554775e+00 2.243158242242154099e+00 2.056998453158901619e+00 1.880056921818122451e+00 1.711776628483677287e+00 1.551822818739528209e+00 1.399996524971578005e+00 1.256167168893857600e+00 1.120224043208394082e+00 9.920568411478115634e-01 8.715470240729480400e-01 7.585226313599587877e-01 6.523362426024796878e-01 5.561453270134854021e-01 4.440426988779453965e-01 3.801114661103078829e-01 3.030078702466641460e-01 2.320262477636715059e-01 1.676019431111827884e-01 9.553233037873912203e-02 4.364043346884333846e-02 0.000000000000000000e+00
9.299588617775566490e+02 3.696000936894864708e+01 1.903931164122879238e+01 1.284844613842707517e+01 9.726504356641720861e+00 7.845866917818069552e+00 6.589737273239458126e+00 5.690291349365901752e+00 5.012467726641166799e+00 4.480807939244114912e+00 4.049872507768228935e+00 3.690685503717226812e+00 3.383899463436475852e+00 3.116118699987640905e+00 2.877797840953859598e+00 2.662011285342754885e+00 2.463698779564265529e+00 2.279181682399783249e+00 2.105834220106985288e+00 1.941824061814863889e+00 1.785915093296703615e+00 1.637306193947755784e+00 1.495503374133347219e+00 1.360213781272797462e+00 1.231271282811433831e+00 1.108577263480998498e+00 9.920568411478115634e-01 8.816418304150999141e-01 7.772657990293742047e-01 6.788219086050679696e-01 5.857582620657885153e-01 5.011921842615079115e-01 4.002921015542815764e-01 3.447831595339707067e-01 2.757517827736217231e-01 2.118411578780755034e-01 1.535513702129640556e-01 8.732184198337093750e-02 3.993224664037464677e-02 0.000000000000000000e+00
7.665835290669255073e+02 3.067165761653237865e+01 1.584137895269511809e+01 1.071335125546848310e+01 8.126465069622888393e+00 6.567186255570590880e+00 5.525124793853985139e+00 4.778626831706650258e+00 4.215893752650464066e+00 3.774449023880614096e+00 3.416659611093150861e+00 3.118516888186284586e+00 2.863977320480340705e+00 2.641917341121855056e+00 2.444392295954130212e+00 2.265617550608653108e+00 2.101344807501069223e+00 1.948463671727365343e+00 1.804733110525991391e+00 1.668570944905629849e+00 1.538895157265574687e+00 1.414993974342846794e+00 1.296422204270121004e+00 1.182913566427283181e+00 1.074317553253141044e+00 9.705484915584335903e-01 8.715470240729480400e-01 7.772657990293742047e-01 6.876677367853064604e-01 6.026861899838664716e-01 5.218360066327762947e-01 4.481768135078925130e-01 3.578408664814590190e-01 3.103795531981052847e-01 2.490882731100022285e-01 1.920047231806582266e-01 1.396817388246071878e-01 7.914539216761518059e-02 3.621245995377980059e-02 0.000000000000000000e+00
6.289315682437729720e+02 2.533600466951677888e+01 1.311557253957562352e+01 8.885825622241574351e+00 6.751491873882427441e+00 5.464354931703601537e+00 4.603803588859563867e+00 3.987142011342161840e+00 3.522206871644725457e+00 3.157485431303225010e+00 2.861943068915892674e+00 2.615774901587986978e+00 2.405738525308285247e+00 2.222641773782802144e+00 2.059905816348989394e+00 1.912724650026344175e+00 1.777551259637777603e+00 1.651770511201180902e+00 1.533480343761126852e+00 1.421321582338616052e+00 1.314350775997342513e+00 1.211936105480073911e+00 1.113674031465414549e+00 1.019317640527099833e+00 9.287238343700213727e-01 8.418103593932664275e-01 7.585226313599587877e-01 6.788219086050679696e-01 6.026861899838664716e-01 5.300863020373944856e-01 4.607060154034985922e-01 3.968041222858764705e-01 3.211580524536728487e-01 2.768896760899499654e-01 2.229845925948807372e-01 1.725517080984178830e-01 1.260092880050694975e-01 7.101274523673060945e-02 3.248534155010777275e-02 0.000000000000000000e+00
5.118348689307410950e+02 2.077023626054976191e+01 1.077383397453881742e+01 7.310216415006994595e+00 5.562082743246460126e+00 4.507424720129220574e+00 3.802085307504480927e+00 3.296547422546804107e+00 2.915374662180208798e+00 2.616398329073629014e+00 2.374211026543578740e+00 2.172596311009947989e+00 2.000706448252720371e+00 1.851004146672426742e+00 1.718084853736884465e+00 1.597988135506106744e+00 1.487777114898642505e+00 1.385271682943372662e+00 1.288871241903275955e+00 1.197418059532303181e+00 1.110096096352519490e+00 1.026348315813898404e+00 9.458103830961003267e-01 8.682529328912776956e-01 7.935380812041473719e-01 7.215838921398137762e-01 6.523362426024796878e-01 5.857582620657885153e-01 5.218360066327762947e-01 4.607060154034985922e-01 4.033683238606702859e-01 3.444814779208613675e-01 3.272311078435189979e-01 2.441349369215123355e-01 1.971189956971640400e-01 1.537551844915086563e-01 1.126793765559250815e-01 6.300520983840907085e-02 2.879069458556961919e-02 0.000000000000000000e+00
4.148938931445628668e+02 1.693214860564537005e+01 8.797161615678827928e+00 5.975813569443037210e+00 4.551697676573813744e+00 3.692288450107323872e+00 3.117424393686138995e+00 2.705372576530382212e+00 2.394710404639600387e+00 2.151101845936512102e+00 1.953859577279487336e+00 1.789779755071806644e+00 1.650027761471009491e+00 1.528460380719658174e+00 1.420665388998291867e+00 1.323400130168828071e+00 1.234248874887806657e+00 1.151406228672415599e+00 1.073534085024887119e+00 9.996525084189715749e-01 9.290597106973313979e-01 8.612668741925806337e-01 7.959459443767189502e-01 7.328837715606627556e-01 6.719468167306936746e-01 6.130523416547457582e-01 5.561453270134854021e-01 5.011921842615079115e-01 4.481768135078925130e-01 3.968041222858764705e-01 3.444814779208613675e-01 3.068046118185610571e-01 1.608803271873749940e-01 2.135057842759109925e-01 1.736294949624087314e-01 1.342029270827401755e-01 9.895246221536663223e-02 5.471898202113296972e-02 2.492495049491723000e-02 0.000000000000000000e+00
3.099245475609982918e+02 1.301482595514216456e+01 6.784032840600485059e+00 4.617188286955122400e+00 3.522626058533463667e+00 2.861659852634958590e+00 2.419352398470533849e+00 2.102232904906160993e+00 1.863113220226913835e+00 1.675604736972132747e+00 1.523804970645555867e+00 1.397561701084013785e+00 1.290078435094983433e+00 1.196623697094362226e+00 1.113791907182610119e+00 1.039071917888930496e+00 9.705840537126251277e-01 9.069146893799054920e-01 8.470076224097765616e-01 7.900818103536431103e-01 7.355715195928790306e-01 6.830775640226254275e-01 6.323282217726596821e-01 5.831445088035855928e-01 5.354128010556253869e-01 4.890622253038031109e-01 4.440426988779453965e-01 4.002921015542815764e-01 3.578408664814590190e-01 3.211580524536728487e-01 3.272311078435189979e-01 1.608803271873749940e-01 1.529662393107694918e+00 1.745744400357353288e-01 1.360159989226137900e-01 1.254189796769150655e-01 9.089819040048514875e-02 4.945029482433484919e-02 2.253224780976103084e-02 0.000000000000000000e+00
2.578641526251102505e+02 1.068858137223944027e+01 5.569011461091625925e+00 3.789478218977976987e+00 2.891117120719057798e+00 2.348788262642073299e+00 1.985966972437608113e+00 1.725921074616771689e+00 1.529929607733032881e+00 1.376348314556949282e+00 1.252140411157540933e+00 1.148987563000565260e+00 1.061323322143946868e+00 9.852724840166526832e-01 9.180434602736522454e-01 8.575733214846449348e-01 8.023113669803886294e-01 7.510833921666629776e-01 7.030029283591583411e-01 6.574051431256604516e-01 6.137992945465692296e-01 5.718304123583657361e-01 5.312488032762709977e-01 4.918830629786535846e-01 4.536182998092890273e-01 4.163785135148810324e-01 3.801114661103078829e-01 3.447831595339707067e-01 3.103795531981052847e-01 2.768896760899499654e-01 2.441349369215123355e-01 2.135057842759109925e-01 1.745744400357353288e-01 1.535550040855334086e-01 1.255918464108456145e-01 9.876634940385722872e-02 7.344029415174001263e-02 3.905750672873650048e-02 1.755495851849363936e-02 0.000000000000000000e+00
1.968150628181444688e+02 8.218689235181992458e+00 4.286503949792549228e+00 2.918252694584783313e+00 2.227560264787505684e+00 1.810580168060804906e+00 1.531632866767685730e+00 1.331732400938175909e+00 1.181113946005262205e+00 1.063141934154078427e+00 9.677993858397092586e-01 8.886969412828340520e-01 8.215596145192618494e-01 7.634101610400599869e-01 7.121010513717344059e-01 6.660411601545235261e-01 6.240291497584812275e-01 5.851494393858500676e-01 5.487044482930339973e-01 5.141648417918931457e-01 4.811341029792268187e-01 4.493201960211130053e-01 4.185131347961270620e-01 3.885651755571071786e-01 3.593743759378205116e-01 3.308714137560427315e-01 3.030078702466641460e-01 2.757517827736217231e-01 2.490882731100022285e-01 2.229845925948807372e-01 1.971189956971640400e-01 1.736294949624087314e-01 1.360159989226137900e-01 1.255918464108456145e-01 1.031730450595117476e-01 8.139160808878515008e-02 6.079387573354030211e-02 3.235118183323921343e-02 1.459691634501108365e-02 0.000000000000000000e+00
1.445236699121334993e+02 6.083678772895818376e+00 3.175542874612558908e+00 2.162570165498441277e+00 1.651289296370200166e+00 1.342633110215652126e+00 1.136176759341722020e+00 9.882564017838194603e-01 8.768408757494372541e-01 7.896196378621336276e-01 7.191828899050141111e-01 6.608063858995133488e-01 6.113300885180328326e-01 5.685526599754311405e-01 5.308842978253131006e-01 4.971440857704292338e-01 4.664364599844365022e-01 4.380744493961636898e-01 4.115298549797576366e-01 3.863972233407932388e-01 3.623684583163913620e-01 3.392126981733202262e-01 3.167604845994876905e-01 2.948898754661936628e-01 2.735145266099104910e-01 2.525742507567524386e-01 2.320262477636715059e-01 2.118411578780755034e-01 1.920047231806582266e-01 1.725517080984178830e-01 1.537551844915086563e-01 1.342029270827401755e-01 1.254189796769150655e-01 9.876634940385722872e-02 8.139160808878515008e-02 6.490262776372922315e-02 4.909228696573153528e-02 1.880170229017077976e-02 6.809510177727596050e-03 0.000000000000000000e+00
1.005170199561707705e+02 4.258004552432328005e+00 2.223366333955052454e+00 1.514102867984233658e+00 1.156217799126861179e+00 9.402019812736776005e-01 7.957442817564095439e-01 6.922748110047068915e-01 6.143724720554861740e-01 5.534232281646452867e-01 5.042449439781743203e-01 4.635356189437992436e-01 4.290875230754956915e-01 3.993625805543421503e-01 3.732488298401564486e-01 3.499183086136212761e-01 3.287404048103557130e-01 3.092282852423549611e-01 2.910042239888129822e-01 2.737749498738419884e-01 2.573144575468717665e-01 2.414505349485479291e-01 2.260542396508707919e-01 2.110307825304812979e-01 1.963113898711483785e-01 1.818469624756664793e-01 1.676019431111827884e-01 1.535513702129640556e-01 1.396817388246071878e-01 1.260092880050694975e-01 1.126793765559250815e-01 9.895246221536663223e-02 9.089819040048514875e-02 7.344029415174001263e-02 6.079387573354030211e-02 4.909228696573153528e-02 3.856854150595795394e-02 -6.810939230132236413e-03 -9.422698251416540549e-03 0.000000000000000000e+00
5.216368031238536673e+01 2.329629863271133416e+00 1.223320447278237522e+00 8.354175661404460440e-01 6.394483329458930942e-01 5.210578107863695907e-01 4.418511068220514204e-01 3.851054187209610458e-01 3.423767175528265039e-01 3.089460721578948244e-01 2.819745938680820463e-01 2.596535344055974082e-01 2.407729702064817789e-01 2.244885510316744492e-01 2.101876452420730346e-01 1.974115583720637557e-01 1.858082299302190876e-01 1.751033519196249222e-01 1.650818016950079958e-01 1.555746399057639506e-01 1.464501608795472642e-01 1.376068805839995857e-01 1.289680513239848114e-01 1.204769049172498135e-01 1.120921054825898822e-01 1.037842587026117647e-01 9.553233037873912203e-02 8.732184198337093750e-02 7.914539216761518059e-02 7.101274523673060945e-02 6.300520983840907085e-02 5.471898202113296972e-02 4.945029482433484919e-02 3.905750672873650048e-02 3.235118183323921343e-02 1.880170229017077976e-02 -6.810939230132236413e-03 3.597776349234543813e-01 2.477281346812671980e-01 0.000000000000000000e+00
2.211076631658820801e+01 1.023682153403122186e+00 5.391044535729041520e-01 3.685916484873862919e-01 2.824242137223291760e-01 2.303570155583790080e-01 1.955236992604374169e-01 1.705721879445530886e-01 1.517892728416478931e-01 1.371001261500729984e-01 1.252572047684324952e-01 1.154661730844088602e-01 1.071958017922050449e-01 1.000750721067597271e-01 9.383409991255675653e-02 8.826989905660857783e-02 8.322558372812269289e-02 7.857781133626212666e-02 7.422874928652767323e-02 7.010057325371857329e-02 6.613173596167148949e-02 6.227407384126694423e-02 5.849055064282761979e-02 5.475333620503301801e-02 5.104181709123252475e-02 4.734110835936049255e-02 4.364043346884333846e-02 3.993224664037464677e-02 3.621245995377980059e-02 3.248534155010777275e-02 2.879069458556961919e-02 2.492495049491723000e-02 2.253224780976103084e-02 1.755495851849363936e-02 1.459691634501108365e-02 6.809510177727596050e-03 -9.422698251416540549e-03 2.477281346812671980e-01 1.711671225952543784e-01 0.000000000000000000e+00
