3.149034716260003339e-03 -8.236704145004859973e-05 -5.229675940652801997e-04 -5.962196053579823612e-05 -3.248114156141915991e-04 -1.574541951836957987e-04 6.443943528791016553e-05 4.932145943133578019e-05 7.922036667977358461e-05 3.712654101160358890e-05 1.090500070653688464e-04 1.919578717277975097e-04 2.555544089333353411e-04 3.036821377152894188e-04 2.854794457295907646e-04 3.000240616746332545e-04 3.393314602703387229e-04 3.676043546185041029e-04 3.944014907950612291e-04 4.206296458457140950e-04 4.387651113010990114e-04 4.590212427355868340e-04 4.698341260017010177e-04 4.982385360809504869e-04 5.355684392967100579e-04 5.755901635071703241e-04 6.126747794950227919e-04 6.495539502201356282e-04 6.858797699862013422e-04 7.218020826841844897e-04 7.580733959001780421e-04 7.953729138737131686e-04 8.347159024601136712e-04 8.771966992512368914e-04 9.235437134675952018e-04 9.729577593839051387e-04 1.024371151108466500e-03 1.080666437825961342e-03 1.181600992288564566e-03 1.279903522043710764e-03
-8.236704145004859973e-05 5.419677059397508094e-03 8.275432693136111541e-04 1.280319152175275234e-03 1.013181567282018169e-03 2.799454241842589297e-04 3.558578377026168056e-04 5.586865005962245992e-04 -3.790115189958763659e-05 -1.280945515982489396e-04 -4.462357886261046993e-04 -6.645447623930017967e-04 -8.936229096424499639e-04 -1.141960470619388535e-03 -1.382799922703997720e-03 -1.610264392461705201e-03 -1.822868479126068088e-03 -2.020619083197400332e-03 -2.187222616805651644e-03 -2.326317025806051361e-03 -2.444406788705731030e-03 -2.537489365787639305e-03 -2.599870532593227118e-03 -2.630309827643143635e-03 -2.617850218129286026e-03 -2.586987753262414043e-03 -2.530311640399519370e-03 -2.447544848449146725e-03 -2.341164619536177313e-03 -2.213849168917870949e-03 -2.068330970801040419e-03 -1.907777856302250935e-03 -1.735129170360065433e-03 -1.553253938347990120e-03 -1.365559502119145872e-03 -1.176836830504707004e-03 -9.948020747180773542e-04 -8.317140509152785030e-04 -6.943649237153052493e-04 -6.182644604492201898e-04
-5.229675940652801997e-04 8.275432693136111541e-04 9.002320879411272389e-03 1.148547885947358207e-03 1.278665849821764618e-03 1.702943549103832230e-03 1.177742726683695925e-03 1.040171104421528389e-03 1.385468728698716111e-03 8.208226522773882667e-04 1.392224168755037245e-04 -2.524473507409293461e-04 -6.567620886513784182e-04 -1.099918663578451595e-03 -1.541939159728056936e-03 -1.950060943492142257e-03 -2.330377019090530168e-03 -2.689843195511239932e-03 -2.994417248518757308e-03 -3.253092818573825006e-03 -3.480825201688478310e-03 -3.668517699235982962e-03 -3.801951825937928322e-03 -3.878030728469440778e-03 -3.876747570055148751e-03 -3.836731687845798024e-03 -3.743090499961333750e-03 -3.593214294749486927e-03 -3.389180360652546773e-03 -3.134133552766271875e-03 -2.832363574310227915e-03 -2.490167079122562396e-03 -2.114687617531718980e-03 -1.715598970269838252e-03 -1.306995242429565603e-03 -9.117083833164956299e-04 -5.663374719330485033e-04 -3.203726545204125067e-04 -1.982476933874435191e-04 -2.148503496291906617e-04
-5.962196053579823612e-05 1.280319152175275234e-03 1.148547885947358207e-03 9.898601100708290593e-03 1.643300727806852211e-03 2.317616258553928475e-03 1.528562490768628447e-03 1.860348689806583331e-03 1.750584714767978436e-03 1.118051054995641185e-03 1.087352254087950313e-04 -3.680180969948614825e-04 -8.910754799795966115e-04 -1.497477043160318514e-03 -2.136514259404248463e-03 -2.720853576619180429e-03 -3.267089641820783083e-03 -3.795443552618365905e-03 -4.249029118955433698e-03 -4.642622357747534616e-03 -5.001749536380059938e-03 -5.310227818553668253e-03 -5.545998324759632281e-03 -5.703543845870351348e-03 -5.761817569748126089e-03 -5.768457563838327862e-03 -5.708731715644897384e-03 -5.580645365510450429e-03 -5.389609167208430328e-03 -5.141708043886175118e-03 -4.843572220744957017e-03 -4.502902023185169529e-03 -4.126393026190422995e-03 -3.719160652229126611e-03 -3.283636022537362534e-03 -2.818817411390175335e-03 -2.321827818394396354e-03 -1.794126302599022933e-03 -1.231641893342224963e-03 -7.040223627262054114e-04
-3.248114156141915991e-04 1.013181567282018169e-03 1.278665849821764618e-03 1.643300727806852211e-03 1.414549592274152133e-02 5.476701721528942982e-03 2.949056585479241724e-03 3.731792041232948748e-03 3.382196213979541625e-03 2.693076176292081604e-03 1.169039668668164214e-03 7.148809736060857123e-04 1.818228958144262682e-04 -4.915481471655176911e-04 -1.250687809829880348e-03 -1.930151846706702756e-03 -2.564236740702245318e-03 -3.198218510704280582e-03 -3.750678999175543864e-03 -4.247060455772698646e-03 -4.729669953391597154e-03 -5.175368336713568121e-03 -5.556953134890020053e-03 -5.861949581361697477e-03 -6.073412777733061367e-03 -6.232590769294360511e-03 -6.324224835253619559e-03 -6.338223996751189866e-03 -6.278873092833266167e-03 -6.151378668452671568e-03 -5.962565800417347385e-03 -5.720997141010097931e-03 -5.434945002212484590e-03 -5.111119361265899913e-03 -4.753397357388516702e-03 -4.362890877075973825e-03 -3.941823663140080723e-03 -3.503514535842919188e-03 -3.056391537754670103e-03 -2.693528740936185824e-03
-1.574541951836957987e-04 2.799454241842589297e-04 1.702943549103832230e-03 2.317616258553928475e-03 5.476701721528942982e-03 1.319509180674546291e-02 1.472302969365656957e-03 4.113601958089217921e-03 3.843650553249981089e-03 3.670260342378445749e-03 5.053544657164271876e-04 3.443152006518674486e-04 -2.260560298313325390e-05 -6.828237803201059938e-04 -1.533760131257783620e-03 -2.290212920185347428e-03 -2.999710049128920600e-03 -3.734726500751044207e-03 -4.377784230312964896e-03 -4.959337339922765577e-03 -5.533617087789360206e-03 -6.061037672755870999e-03 -6.503445261927073839e-03 -6.840582936557635697e-03 -7.070426869463870140e-03 -7.234304779211018187e-03 -7.334420914913579274e-03 -7.365594041463115541e-03 -7.339872028492082714e-03 -7.264783189952236583e-03 -7.146396913175348010e-03 -6.990661213582809001e-03 -6.802937852766394178e-03 -6.586730722907772548e-03 -6.342079797440829114e-03 -6.065707926250104437e-03 -5.756035679824221714e-03 -5.426764961638740579e-03 -5.088773031589510949e-03 -4.829336749719208635e-03
6.443943528791016553e-05 3.558578377026168056e-04 1.177742726683695925e-03 1.528562490768628447e-03 2.949056585479241724e-03 1.472302969365656957e-03 1.725723019506513953e-02 1.006792333455652777e-02 6.875064736597421254e-03 3.842375417650257564e-03 5.051633962881354328e-03 4.030671568090860371e-03 3.118639003991285474e-03 2.152949634179623668e-03 9.946107323063940655e-04 1.650697849652895473e-05 -8.806495358303268904e-04 -1.828686315104801566e-03 -2.676058543003293193e-03 -3.469020820765197303e-03 -4.285334152799466674e-03 -5.070350438647969020e-03 -5.782341012397640943e-03 -6.380694266134310892e-03 -6.885267832502377401e-03 -7.307884132690044450e-03 -7.664154955926633268e-03 -7.933804944313426963e-03 -8.128822129862076779e-03 -8.252771970020096257e-03 -8.307742583305648479e-03 -8.295559114205977233e-03 -8.218964714509191874e-03 -8.079107338749160969e-03 -7.872795521292878795e-03 -7.592760673297364524e-03 -7.234165376726231673e-03 -6.812516613008026516e-03 -6.335559226469673899e-03 -5.867343218337195236e-03
4.932145943133578019e-05 5.586865005962245992e-04 1.040171104421528389e-03 1.860348689806583331e-03 3.731792041232948748e-03 4.113601958089217921e-03 1.006792333455652777e-02 1.453000863943682518e-02 7.175954418993414630e-03 4.803502886734082288e-03 3.841835908442126687e-03 3.640093141085475829e-03 3.318959916378321547e-03 2.682371853475041309e-03 1.648237233150379741e-03 8.095948302736052536e-04 4.311701789216575669e-05 -8.397478850343497976e-04 -1.636047915855943016e-03 -2.404741296374910461e-03 -3.248346594666277204e-03 -4.093744996566230435e-03 -4.894024526003683609e-03 -5.590713135827255452e-03 -6.231234262153549294e-03 -6.797975690397486948e-03 -7.324865182345518741e-03 -7.779806176013060251e-03 -8.176621910528878226e-03 -8.516019342738002582e-03 -8.796474594058877050e-03 -9.015623752723616463e-03 -9.172760227288816529e-03 -9.265409638660682123e-03 -9.285660707177388964e-03 -9.220124621878020982e-03 -9.058088673270868474e-03 -8.814872008779983323e-03 -8.502688072019162768e-03 -8.159231396135087702e-03
7.922036667977358461e-05 -3.790115189958763659e-05 1.385468728698716111e-03 1.750584714767978436e-03 3.382196213979541625e-03 3.843650553249981089e-03 6.875064736597421254e-03 7.175954418993414630e-03 1.440641714156926101e-02 9.425586851477471551e-03 6.064600635793140210e-03 6.113608671663677344e-03 6.041221836426406699e-03 5.528748994833033656e-03 4.438261435683622629e-03 3.633117947059174083e-03 2.933958721720949896e-03 2.058745092524290592e-03 1.271739540122614849e-03 4.952555106153540363e-04 -4.054149061828158426e-04 -1.332749241773401256e-03 -2.238385395447439405e-03 -3.030243970195422437e-03 -3.798670529358441281e-03 -4.477391859547591793e-03 -5.133490313015283066e-03 -5.720222285556246684e-03 -6.261979978125260457e-03 -6.762385440187807309e-03 -7.220875221469773807e-03 -7.633370179854445138e-03 -7.997410811078914036e-03 -8.307484778093704447e-03 -8.550202663035211606e-03 -8.704734942361035122e-03 -8.752949679671785319e-03 -8.709339836634837767e-03 -8.583695447692508626e-03 -8.377289157776593442e-03
3.712654101160358890e-05 -1.280945515982489396e-04 8.208226522773882667e-04 1.118051054995641185e-03 2.693076176292081604e-03 3.670260342378445749e-03 3.842375417650257564e-03 4.803502886734082288e-03 9.425586851477471551e-03 1.857969528359687539e-02 1.079120970271582949e-02 1.039002392410979386e-02 1.045049322915434994e-02 1.000466571744111459e-02 8.779422876030370040e-03 8.001631801314204595e-03 7.393367709797074062e-03 6.531141945112167203e-03 5.755111890778331560e-03 4.961101960049831179e-03 3.971546056804299389e-03 2.910648257228022357e-03 1.822275664844100499e-03 8.405115523026293611e-04 -1.831584283885640126e-04 -1.117717588771831045e-03 -2.070529614622377071e-03 -2.969668891881667872e-03 -3.845277600505710505e-03 -4.696219880576410141e-03 -5.515589799529299966e-03 -6.291702849922816733e-03 -7.016682534363608698e-03 -7.680064962827097899e-03 -8.262139096799911778e-03 -8.734335683068961825e-03 -9.071106333424797108e-03 -9.286586265133374776e-03 -9.385716933131067752e-03 -9.327181268939086639e-03
1.090500070653688464e-04 -4.462357886261046993e-04 1.392224168755037245e-04 1.087352254087950313e-04 1.169039668668164214e-03 5.053544657164271876e-04 5.051633962881354328e-03 3.841835908442126687e-03 6.064600635793140210e-03 1.079120970271582949e-02 1.778089445391498394e-02 1.751090595669067482e-02 1.697526946738636341e-02 1.627784102954022913e-02 1.465005923886599989e-02 1.379800517546709605e-02 1.325166334545960049e-02 1.236721308107058097e-02 1.158511345110347160e-02 1.076656548122609594e-02 9.678929467275255993e-03 8.477873023532095029e-03 7.197317542959786457e-03 6.025703545465097878e-03 4.738407583727471777e-03 3.548479405911826503e-03 2.295368607849528845e-03 1.081497068722949697e-03 -1.323689037617683617e-04 -1.340720294922805034e-03 -2.530156719702214910e-03 -3.680711626990427164e-03 -4.778614437381286176e-03 -5.807805410806686497e-03 -6.741144146895685849e-03 -7.540870070019150065e-03 -8.172295263460494300e-03 -8.647199686780876471e-03 -8.958649450426060118e-03 -9.015961945901922181e-03
1.919578717277975097e-04 -6.645447623930017967e-04 -2.524473507409293461e-04 -3.680180969948614825e-04 7.148809736060857123e-04 3.443152006518674486e-04 4.030671568090860371e-03 3.640093141085475829e-03 6.113608671663677344e-03 1.039002392410979386e-02 1.751090595669067482e-02 1.879885021360503533e-02 1.927444788485725008e-02 1.922361044236901503e-02 1.760440908898226395e-02 1.714810542226522308e-02 1.709119622261094998e-02 1.649310348737434082e-02 1.596996655663244363e-02 1.535809241463891896e-02 1.436569442729998536e-02 1.319178768188924294e-02 1.186104396736615239e-02 1.062917909681144156e-02 9.180944128210117780e-03 7.826776712978550030e-03 6.342807837156972002e-03 4.865923103947897461e-03 3.345543352923148472e-03 1.791321157767347379e-03 2.233369375622668951e-04 -1.329713913049914049e-03 -2.847468414592746987e-03 -4.307454673463101749e-03 -5.674242347425147159e-03 -6.900090851043491971e-03 -7.940287142654272809e-03 -8.802744559538467142e-03 -9.466979852088157343e-03 -9.792493037681060733e-03
2.555544089333353411e-04 -8.936229096424499639e-04 -6.567620886513784182e-04 -8.910754799795966115e-04 1.818228958144262682e-04 -2.260560298313325390e-05 3.118639003991285474e-03 3.318959916378321547e-03 6.041221836426406699e-03 1.045049322915434994e-02 1.697526946738636341e-02 1.927444788485725008e-02 2.094469331620732802e-02 2.217868837177684044e-02 2.056706153568270412e-02 2.049149601656263114e-02 2.116755379523946323e-02 2.098070215539702896e-02 2.082939733400724497e-02 2.052821548025237502e-02 1.971218437642000693e-02 1.863502988587418738e-02 1.730708566726560371e-02 1.607125963455162745e-02 1.449730277289080181e-02 1.301682181306098099e-02 1.132603601255824030e-02 9.603850323213251883e-03 7.785055111682635288e-03 5.883919031620306675e-03 3.928325982934422096e-03 1.957223655312315385e-03 -1.179187933542657831e-06 -1.916855818726209736e-03 -3.744886639834060955e-03 -5.426624879976109893e-03 -6.906540593442120173e-03 -8.187319336805757089e-03 -9.228171324561589700e-03 -9.839094297965875549e-03
3.036821377152894188e-04 -1.141960470619388535e-03 -1.099918663578451595e-03 -1.497477043160318514e-03 -4.915481471655176911e-04 -6.828237803201059938e-04 2.152949634179623668e-03 2.682371853475041309e-03 5.528748994833033656e-03 1.000466571744111459e-02 1.627784102954022913e-02 1.922361044236901503e-02 2.217868837177684044e-02 2.680265426394985717e-02 2.414335792210570500e-02 2.339878638786959189e-02 2.538494678795342671e-02 2.579776084273062084e-02 2.614716689911546210e-02 2.626552636128618931e-02 2.570469615407245875e-02 2.479170200565082582e-02 2.351731600555309956e-02 2.233841113855533286e-02 2.067831193028979442e-02 1.911928797211433911e-02 1.725640317424631531e-02 1.531949558728374489e-02 1.322441325310556338e-02 1.099034620806302147e-02 8.654098936200406086e-03 6.266443441301645413e-03 3.864729359475257194e-03 1.487761141904935924e-03 -8.087161587835782050e-04 -2.954040095520339259e-03 -4.880731586716841042e-03 -6.584094344599899368e-03 -7.994571846808748786e-03 -8.873819450399908146e-03
2.854794457295907646e-04 -1.382799922703997720e-03 -1.541939159728056936e-03 -2.136514259404248463e-03 -1.250687809829880348e-03 -1.533760131257783620e-03 9.946107323063940655e-04 1.648237233150379741e-03 4.438261435683622629e-03 8.779422876030370040e-03 1.465005923886599989e-02 1.760440908898226395e-02 2.056706153568270412e-02 2.414335792210570500e-02 2.988850296617314925e-02 3.248105666024937721e-02 3.335985201390710697e-02 3.352249233647618815e-02 3.400697938983948676e-02 3.437575278226131376e-02 3.397148625141113015e-02 3.317274278992663611e-02 3.191938798668998017e-02 3.080780955166996862e-02 2.906317482454868692e-02 2.745370756191090056e-02 2.544035861685429653e-02 2.331350010333510178e-02 2.096194299175588305e-02 1.840844481702220287e-02 1.569867033969819803e-02 1.289597669652156955e-02 1.004732697772588688e-02 7.200846527693557583e-03 4.424031896445831773e-03 1.800325651831459223e-03 -5.900653837567104059e-04 -2.733373656126554876e-03 -4.521000080616498565e-03 -5.670611220699299862e-03
3.000240616746332545e-04 -1.610264392461705201e-03 -1.950060943492142257e-03 -2.720853576619180429e-03 -1.930151846706702756e-03 -2.290212920185347428e-03 1.650697849652895473e-05 8.095948302736052536e-04 3.633117947059174083e-03 8.001631801314204595e-03 1.379800517546709605e-02 1.714810542226522308e-02 2.049149601656263114e-02 2.339878638786959189e-02 3.248105666024937721e-02 3.772986735904296229e-02 3.879545294618828855e-02 3.932938984439678098e-02 4.034740136477268924e-02 4.125632927737686584e-02 4.121508125554831231e-02 4.070165492087594178e-02 3.960331878526038990e-02 3.870769451858977611e-02 3.699030775646111602e-02 3.545385638382822502e-02 3.339190195074660805e-02 3.116846092526183096e-02 2.863894428732746689e-02 2.582954986056583066e-02 2.279543246988431984e-02 1.961322494150028600e-02 1.633984321862161360e-02 1.303269027165924326e-02 9.770480457212829886e-03 6.647964770944198368e-03 3.755867880385855770e-03 1.115230174932251885e-03 -1.126124239334675174e-03 -2.656135526157822613e-03
3.393314602703387229e-04 -1.822868479126068088e-03 -2.330377019090530168e-03 -3.267089641820783083e-03 -2.564236740702245318e-03 -2.999710049128920600e-03 -8.806495358303268904e-04 4.311701789216575669e-05 2.933958721720949896e-03 7.393367709797074062e-03 1.325166334545960049e-02 1.709119622261094998e-02 2.116755379523946323e-02 2.538494678795342671e-02 3.335985201390710697e-02 3.879545294618828855e-02 4.150403266889765574e-02 4.366005457117768523e-02 4.576991166657010807e-02 4.743322163461437257e-02 4.787002742764554647e-02 4.774576512112623655e-02 4.688199149659377785e-02 4.632781535061017419e-02 4.472863532783599716e-02 4.338717840771384726e-02 4.138025384272675522e-02 3.916243887084411290e-02 3.654615871689755741e-02 3.356024059523058517e-02 3.026970487462488785e-02 2.676509417783005246e-02 2.311362548918815055e-02 1.938218716770472028e-02 1.566079665118217876e-02 1.205504709229959087e-02 8.665595078034594306e-03 5.521550768775062776e-03 2.815062898083618877e-03 8.812195918760355219e-04
3.676043546185041029e-04 -2.020619083197400332e-03 -2.689843195511239932e-03 -3.795443552618365905e-03 -3.198218510704280582e-03 -3.734726500751044207e-03 -1.828686315104801566e-03 -8.397478850343497976e-04 2.058745092524290592e-03 6.531141945112167203e-03 1.236721308107058097e-02 1.649310348737434082e-02 2.098070215539702896e-02 2.579776084273062084e-02 3.352249233647618815e-02 3.932938984439678098e-02 4.366005457117768523e-02 4.842735408060450802e-02 5.197314688611949507e-02 5.439860213604439526e-02 5.527099512509135726e-02 5.553330459370897643e-02 5.489040185887651691e-02 5.476098573836991196e-02 5.333066846212477369e-02 5.229592695721077544e-02 5.044021332533484697e-02 4.833142627883488252e-02 4.572383113274042232e-02 4.264655343652843517e-02 3.917390794283110572e-02 3.541029517389317899e-02 3.143289893604225144e-02 2.731787452906501296e-02 2.316668412556488130e-02 1.909580689667912667e-02 1.521638886885897171e-02 1.156853847737348423e-02 8.399935145443196416e-03 6.071899252170049992e-03
3.944014907950612291e-04 -2.187222616805651644e-03 -2.994417248518757308e-03 -4.249029118955433698e-03 -3.750678999175543864e-03 -4.377784230312964896e-03 -2.676058543003293193e-03 -1.636047915855943016e-03 1.271739540122614849e-03 5.755111890778331560e-03 1.158511345110347160e-02 1.596996655663244363e-02 2.082939733400724497e-02 2.614716689911546210e-02 3.400697938983948676e-02 4.034740136477268924e-02 4.576991166657010807e-02 5.197314688611949507e-02 5.668341459789344450e-02 6.007825384455209305e-02 6.160739636558067167e-02 6.247449018730555359e-02 6.213731357639924735e-02 6.262638718363752743e-02 6.148266616309593091e-02 6.094912577074085985e-02 5.940550229958839468e-02 5.757035280771758551e-02 5.512244232238635439e-02 5.209100519097034643e-02 4.856113043949789737e-02 4.465245866466265035e-02 4.045293342755190702e-02 3.604849061891950840e-02 3.155247771909884535e-02 2.709229492611850768e-02 2.278993256624608707e-02 1.869948645680284335e-02 1.513507601554907323e-02 1.249128850179601416e-02
4.206296458457140950e-04 -2.326317025806051361e-03 -3.253092818573825006e-03 -4.642622357747534616e-03 -4.247060455772698646e-03 -4.959337339922765577e-03 -3.469020820765197303e-03 -2.404741296374910461e-03 4.952555106153540363e-04 4.961101960049831179e-03 1.076656548122609594e-02 1.535809241463891896e-02 2.052821548025237502e-02 2.626552636128618931e-02 3.437575278226131376e-02 4.125632927737686584e-02 4.743322163461437257e-02 5.439860213604439526e-02 6.007825384455209305e-02 6.456551664713085226e-02 6.716025676822638679e-02 6.911520319354955144e-02 6.902343861247624279e-02 7.025345894176662775e-02 6.942170565967481499e-02 6.957220151202674063e-02 6.848678532353760784e-02 6.708892679738473475e-02 6.495397029965052638e-02 6.210978913532842760e-02 5.865329033776067735e-02 5.472012751870078406e-02 5.040903961504135389e-02 4.581557475047310507e-02 4.106490320922059900e-02 3.629502333089789506e-02 3.163893573449005209e-02 2.716767805414400938e-02 2.327332755743098669e-02 2.039166594646465644e-02
4.387651113010990114e-04 -2.444406788705731030e-03 -3.480825201688478310e-03 -5.001749536380059938e-03 -4.729669953391597154e-03 -5.533617087789360206e-03 -4.285334152799466674e-03 -3.248346594666277204e-03 -4.054149061828158426e-04 3.971546056804299389e-03 9.678929467275255993e-03 1.436569442729998536e-02 1.971218437642000693e-02 2.570469615407245875e-02 3.397148625141113015e-02 4.121508125554831231e-02 4.787002742764554647e-02 5.527099512509135726e-02 6.160739636558067167e-02 6.716025676822638679e-02 7.229223645771484796e-02 7.710792146211725706e-02 7.680738412316043262e-02 7.864137992651649978e-02 7.786732684247732461e-02 7.881162272730020402e-02 7.825914814682079224e-02 7.742110018822602469e-02 7.572111536655160013e-02 7.318148209787249392e-02 6.991084631706104280e-02 6.606029909379111664e-02 6.173791644577453219e-02 5.704742273395414093e-02 5.212477503808003038e-02 4.711748130565191622e-02 4.216910364535334660e-02 3.736992362424979702e-02 3.320158433090034805e-02 3.014768478567405458e-02
4.590212427355868340e-04 -2.537489365787639305e-03 -3.668517699235982962e-03 -5.310227818553668253e-03 -5.175368336713568121e-03 -6.061037672755870999e-03 -5.070350438647969020e-03 -4.093744996566230435e-03 -1.332749241773401256e-03 2.910648257228022357e-03 8.477873023532095029e-03 1.319178768188924294e-02 1.863502988587418738e-02 2.479170200565082582e-02 3.317274278992663611e-02 4.070165492087594178e-02 4.774576512112623655e-02 5.553330459370897643e-02 6.247449018730555359e-02 6.911520319354955144e-02 7.710792146211725706e-02 8.533573452920396873e-02 8.400663727393097024e-02 8.647458373281827204e-02 8.542954889037188138e-02 8.747735381573984448e-02 8.766215600331410396e-02 8.763847642525168791e-02 8.660374434579738712e-02 8.457570167250996751e-02 8.168072289084671311e-02 7.808838917294014248e-02 7.391669150000487742e-02 6.927721033870595790e-02 6.431634330607077787e-02 5.919045236443366137e-02 5.405344021344275773e-02 4.901709561021097561e-02 4.466337961895265607e-02 4.152916981403895202e-02
4.698341260017010177e-04 -2.599870532593227118e-03 -3.801951825937928322e-03 -5.545998324759632281e-03 -5.556953134890020053e-03 -6.503445261927073839e-03 -5.782341012397640943e-03 -4.894024526003683609e-03 -2.238385395447439405e-03 1.822275664844100499e-03 7.197317542959786457e-03 1.186104396736615239e-02 1.730708566726560371e-02 2.351731600555309956e-02 3.191938798668998017e-02 3.960331878526038990e-02 4.688199149659377785e-02 5.489040185887651691e-02 6.213731357639924735e-02 6.902343861247624279e-02 7.680738412316043262e-02 8.400663727393097024e-02 9.418238076994683849e-02 9.923603787960035005e-02 9.738432395248595996e-02 9.925483224394390791e-02 9.937929405378809200e-02 9.988794093760737514e-02 9.940661898668752550e-02 9.785670089176332076e-02 9.534858524092357235e-02 9.205363151337080108e-02 8.808857816504189753e-02 8.356527144461882439e-02 7.863539654531763456e-02 7.346065202797075200e-02 6.820289881380377228e-02 6.299575786114237907e-02 5.853376074955937008e-02 5.541253771326563188e-02
4.982385360809504869e-04 -2.630309827643143635e-03 -3.878030728469440778e-03 -5.703543845870351348e-03 -5.861949581361697477e-03 -6.840582936557635697e-03 -6.380694266134310892e-03 -5.590713135827255452e-03 -3.030243970195422437e-03 8.405115523026293611e-04 6.025703545465097878e-03 1.062917909681144156e-02 1.607125963455162745e-02 2.233841113855533286e-02 3.080780955166996862e-02 3.870769451858977611e-02 4.632781535061017419e-02 5.476098573836991196e-02 6.262638718363752743e-02 7.025345894176662775e-02 7.864137992651649978e-02 8.647458373281827204e-02 9.923603787960035005e-02 1.059112000161516187e-01 1.046276516912608284e-01 1.075310941574939283e-01 1.080824609836000816e-01 1.097101846371343475e-01 1.102839621432806227e-01 1.096390283637715402e-01 1.078950356816720940e-01 1.052391392840365536e-01 1.017933586879767871e-01 9.767276710365262182e-02 9.303635307482416295e-02 8.805211402603992099e-02 8.289088313383412288e-02 7.771124706338859711e-02 7.333055771906693554e-02 7.040967237516905508e-02
5.355684392967100579e-04 -2.617850218129286026e-03 -3.876747570055148751e-03 -5.761817569748126089e-03 -6.073412777733061367e-03 -7.070426869463870140e-03 -6.885267832502377401e-03 -6.231234262153549294e-03 -3.798670529358441281e-03 -1.831584283885640126e-04 4.738407583727471777e-03 9.180944128210117780e-03 1.449730277289080181e-02 2.067831193028979442e-02 2.906317482454868692e-02 3.699030775646111602e-02 4.472863532783599716e-02 5.333066846212477369e-02 6.148266616309593091e-02 6.942170565967481499e-02 7.786732684247732461e-02 8.542954889037188138e-02 9.738432395248595996e-02 1.046276516912608284e-01 1.163126713821941577e-01 1.200011945066698366e-01 1.202982049607271842e-01 1.222059413645422421e-01 1.233757389830723028e-01 1.234221902603475501e-01 1.223674283220732018e-01 1.203576115720970119e-01 1.174878041777776827e-01 1.138565843749860668e-01 1.096183117620904979e-01 1.049393321068754631e-01 9.999403033415810160e-02 9.496400843947679082e-02 9.080162174414917187e-02 8.823997341617410839e-02
5.755901635071703241e-04 -2.586987753262414043e-03 -3.836731687845798024e-03 -5.768457563838327862e-03 -6.232590769294360511e-03 -7.234304779211018187e-03 -7.307884132690044450e-03 -6.797975690397486948e-03 -4.477391859547591793e-03 -1.117717588771831045e-03 3.548479405911826503e-03 7.826776712978550030e-03 1.301682181306098099e-02 1.911928797211433911e-02 2.745370756191090056e-02 3.545385638382822502e-02 4.338717840771384726e-02 5.229592695721077544e-02 6.094912577074085985e-02 6.957220151202674063e-02 7.881162272730020402e-02 8.747735381573984448e-02 9.925483224394390791e-02 1.075310941574939283e-01 1.200011945066698366e-01 1.253205381915167005e-01 1.274981337746204924e-01 1.308859920293275747e-01 1.334320832664572520e-01 1.347775748944057272e-01 1.349290789039588045e-01 1.340256415050332661e-01 1.321491301758855041e-01 1.293876220211350181e-01 1.258940926685080119e-01 1.218346515919003087e-01 1.173878060358589936e-01 1.127606956145565525e-01 1.090518958252304216e-01 1.070770028834183846e-01
6.126747794950227919e-04 -2.530311640399519370e-03 -3.743090499961333750e-03 -5.708731715644897384e-03 -6.324224835253619559e-03 -7.334420914913579274e-03 -7.664154955926633268e-03 -7.324865182345518741e-03 -5.133490313015283066e-03 -2.070529614622377071e-03 2.295368607849528845e-03 6.342807837156972002e-03 1.132603601255824030e-02 1.725640317424631531e-02 2.544035861685429653e-02 3.339190195074660805e-02 4.138025384272675522e-02 5.044021332533484697e-02 5.940550229958839468e-02 6.848678532353760784e-02 7.825914814682079224e-02 8.766215600331410396e-02 9.937929405378809200e-02 1.080824609836000816e-01 1.202982049607271842e-01 1.274981337746204924e-01 1.362121579676481287e-01 1.410301887108025287e-01 1.446118351996413531e-01 1.471429201208511450e-01 1.485417763170057970e-01 1.488726921336451514e-01 1.481627246244271445e-01 1.464634197374863334e-01 1.439096442728203251e-01 1.406545940541469308e-01 1.368699500040457817e-01 1.327811439463218446e-01 1.296417694636197715e-01 1.283582270832459016e-01
6.495539502201356282e-04 -2.447544848449146725e-03 -3.593214294749486927e-03 -5.580645365510450429e-03 -6.338223996751189866e-03 -7.365594041463115541e-03 -7.933804944313426963e-03 -7.779806176013060251e-03 -5.720222285556246684e-03 -2.969668891881667872e-03 1.081497068722949697e-03 4.865923103947897461e-03 9.603850323213251883e-03 1.531949558728374489e-02 2.331350010333510178e-02 3.116846092526183096e-02 3.916243887084411290e-02 4.833142627883488252e-02 5.757035280771758551e-02 6.708892679738473475e-02 7.742110018822602469e-02 8.763847642525168791e-02 9.988794093760737514e-02 1.097101846371343475e-01 1.222059413645422421e-01 1.308859920293275747e-01 1.410301887108025287e-01 1.475654969548736151e-01 1.528889906348736005e-01 1.571451568734425208e-01 1.602308495181394843e-01 1.621940026737628826e-01 1.630292247940554606e-01 1.627601146497272000e-01 1.615109983746604860e-01 1.594298142330404233e-01 1.566886249559024946e-01 1.535415279142641476e-01 1.514217665268602631e-01 1.513492071552917373e-01
6.858797699862013422e-04 -2.341164619536177313e-03 -3.389180360652546773e-03 -5.389609167208430328e-03 -6.278873092833266167e-03 -7.339872028492082714e-03 -8.128822129862076779e-03 -8.176621910528878226e-03 -6.261979978125260457e-03 -3.845277600505710505e-03 -1.323689037617683617e-04 3.345543352923148472e-03 7.785055111682635288e-03 1.322441325310556338e-02 2.096194299175588305e-02 2.863894428732746689e-02 3.654615871689755741e-02 4.572383113274042232e-02 5.512244232238635439e-02 6.495397029965052638e-02 7.572111536655160013e-02 8.660374434579738712e-02 9.940661898668752550e-02 1.102839621432806227e-01 1.233757389830723028e-01 1.334320832664572520e-01 1.446118351996413531e-01 1.528889906348736005e-01 1.600765503832903280e-01 1.662324012521871897e-01 1.712275538353197069e-01 1.750882338335915944e-01 1.777617061530275822e-01 1.792299408037344166e-01 1.796007504013430456e-01 1.790143151182958248e-01 1.776401842857046887e-01 1.757623465474690005e-01 1.750145101051642782e-01 1.765504689784541115e-01
7.218020826841844897e-04 -2.213849168917870949e-03 -3.134133552766271875e-03 -5.141708043886175118e-03 -6.151378668452671568e-03 -7.264783189952236583e-03 -8.252771970020096257e-03 -8.516019342738002582e-03 -6.762385440187807309e-03 -4.696219880576410141e-03 -1.340720294922805034e-03 1.791321157767347379e-03 5.883919031620306675e-03 1.099034620806302147e-02 1.840844481702220287e-02 2.582954986056583066e-02 3.356024059523058517e-02 4.264655343652843517e-02 5.209100519097034643e-02 6.210978913532842760e-02 7.318148209787249392e-02 8.457570167250996751e-02 9.785670089176332076e-02 1.096390283637715402e-01 1.234221902603475501e-01 1.347775748944057272e-01 1.471429201208511450e-01 1.571451568734425208e-01 1.662324012521871897e-01 1.744011514712619504e-01 1.814894729222225056e-01 1.874932003670786163e-01 1.922928420744867417e-01 1.958110826719242636e-01 1.981314169772762090e-01 1.993824735004780524e-01 1.997261095277887977e-01 1.994757142152113194e-01 2.004888294445884844e-01 2.040764569106447990e-01
7.580733959001780421e-04 -2.068330970801040419e-03 -2.832363574310227915e-03 -4.843572220744957017e-03 -5.962565800417347385e-03 -7.146396913175348010e-03 -8.307742583305648479e-03 -8.796474594058877050e-03 -7.220875221469773807e-03 -5.515589799529299966e-03 -2.530156719702214910e-03 2.233369375622668951e-04 3.928325982934422096e-03 8.654098936200406086e-03 1.569867033969819803e-02 2.279543246988431984e-02 3.026970487462488785e-02 3.917390794283110572e-02 4.856113043949789737e-02 5.865329033776067735e-02 6.991084631706104280e-02 8.168072289084671311e-02 9.534858524092357235e-02 1.078950356816720940e-01 1.223674283220732018e-01 1.349290789039588045e-01 1.485417763170057970e-01 1.602308495181394843e-01 1.712275538353197069e-01 1.814894729222225056e-01 1.908221212985991566e-01 1.991838191102295041e-01 2.063800517886597852e-01 2.122652111469716940e-01 2.168873406567001783e-01 2.203517017081184637e-01 2.228053089807904841e-01 2.245918305318967967e-01 2.278201923239284721e-01 2.339862953918338817e-01
7.953729138737131686e-04 -1.907777856302250935e-03 -2.490167079122562396e-03 -4.502902023185169529e-03 -5.720997141010097931e-03 -6.990661213582809001e-03 -8.295559114205977233e-03 -9.015623752723616463e-03 -7.633370179854445138e-03 -6.291702849922816733e-03 -3.680711626990427164e-03 -1.329713913049914049e-03 1.957223655312315385e-03 6.266443441301645413e-03 1.289597669652156955e-02 1.961322494150028600e-02 2.676509417783005246e-02 3.541029517389317899e-02 4.465245866466265035e-02 5.472012751870078406e-02 6.606029909379111664e-02 7.808838917294014248e-02 9.205363151337080108e-02 1.052391392840365536e-01 1.203576115720970119e-01 1.340256415050332661e-01 1.488726921336451514e-01 1.621940026737628826e-01 1.750882338335915944e-01 1.874932003670786163e-01 1.991838191102295041e-01 2.101992239028632192e-01 2.201430834712336249e-01 2.286655681085630887e-01 2.358364385293618137e-01 2.418579284543910801e-01 2.468562092966133659e-01 2.511531958610597748e-01 2.571381309531357018e-01 2.665208884422785029e-01
8.347159024601136712e-04 -1.735129170360065433e-03 -2.114687617531718980e-03 -4.126393026190422995e-03 -5.434945002212484590e-03 -6.802937852766394178e-03 -8.218964714509191874e-03 -9.172760227288816529e-03 -7.997410811078914036e-03 -7.016682534363608698e-03 -4.778614437381286176e-03 -2.847468414592746987e-03 -1.179187933542657831e-06 3.864729359475257194e-03 1.004732697772588688e-02 1.633984321862161360e-02 2.311362548918815055e-02 3.143289893604225144e-02 4.045293342755190702e-02 5.040903961504135389e-02 6.173791644577453219e-02 7.391669150000487742e-02 8.808857816504189753e-02 1.017933586879767871e-01 1.174878041777776827e-01 1.321491301758855041e-01 1.481627246244271445e-01 1.630292247940554606e-01 1.777617061530275822e-01 1.922928420744867417e-01 2.063800517886597852e-01 2.201430834712336249e-01 2.330109350898766363e-01 2.444501777435942325e-01 2.545403482666167005e-01 2.635556601280275024e-01 2.715928766459542731e-01 2.789502370587777502e-01 2.883339730740840934e-01 3.017070297283757641e-01
8.771966992512368914e-04 -1.553253938347990120e-03 -1.715598970269838252e-03 -3.719160652229126611e-03 -5.111119361265899913e-03 -6.586730722907772548e-03 -8.079107338749160969e-03 -9.265409638660682123e-03 -8.307484778093704447e-03 -7.680064962827097899e-03 -5.807805410806686497e-03 -4.307454673463101749e-03 -1.916855818726209736e-03 1.487761141904935924e-03 7.200846527693557583e-03 1.303269027165924326e-02 1.938218716770472028e-02 2.731787452906501296e-02 3.604849061891950840e-02 4.581557475047310507e-02 5.704742273395414093e-02 6.927721033870595790e-02 8.356527144461882439e-02 9.767276710365262182e-02 1.138565843749860668e-01 1.293876220211350181e-01 1.464634197374863334e-01 1.627601146497272000e-01 1.792299408037344166e-01 1.958110826719242636e-01 2.122652111469716940e-01 2.286655681085630887e-01 2.444501777435942325e-01 2.590860072732066310e-01 2.725852267448063970e-01 2.851289100546474664e-01 2.967815890621233188e-01 3.078617264089368311e-01 3.214310694688879977e-01 3.397548649219299111e-01
9.235437134675952018e-04 -1.365559502119145872e-03 -1.306995242429565603e-03 -3.283636022537362534e-03 -4.753397357388516702e-03 -6.342079797440829114e-03 -7.872795521292878795e-03 -9.285660707177388964e-03 -8.550202663035211606e-03 -8.262139096799911778e-03 -6.741144146895685849e-03 -5.674242347425147159e-03 -3.744886639834060955e-03 -8.087161587835782050e-04 4.424031896445831773e-03 9.770480457212829886e-03 1.566079665118217876e-02 2.316668412556488130e-02 3.155247771909884535e-02 4.106490320922059900e-02 5.212477503808003038e-02 6.431634330607077787e-02 7.863539654531763456e-02 9.303635307482416295e-02 1.096183117620904979e-01 1.258940926685080119e-01 1.439096442728203251e-01 1.615109983746604860e-01 1.796007504013430456e-01 1.981314169772762090e-01 2.168873406567001783e-01 2.358364385293618137e-01 2.545403482666167005e-01 2.725852267448063970e-01 2.898991011057310829e-01 3.065148678264462689e-01 3.224899407139392160e-01 3.381531822663283449e-01 3.569299169046402098e-01 3.814432550568011004e-01
9.729577593839051387e-04 -1.176836830504707004e-03 -9.117083833164956299e-04 -2.818817411390175335e-03 -4.362890877075973825e-03 -6.065707926250104437e-03 -7.592760673297364524e-03 -9.220124621878020982e-03 -8.704734942361035122e-03 -8.734335683068961825e-03 -7.540870070019150065e-03 -6.900090851043491971e-03 -5.426624879976109893e-03 -2.954040095520339259e-03 1.800325651831459223e-03 6.647964770944198368e-03 1.205504709229959087e-02 1.909580689667912667e-02 2.709229492611850768e-02 3.629502333089789506e-02 4.711748130565191622e-02 5.919045236443366137e-02 7.346065202797075200e-02 8.805211402603992099e-02 1.049393321068754631e-01 1.218346515919003087e-01 1.406545940541469308e-01 1.594298142330404233e-01 1.790143151182958248e-01 1.993824735004780524e-01 2.203517017081184637e-01 2.418579284543910801e-01 2.635556601280275024e-01 2.851289100546474664e-01 3.065148678264462689e-01 3.277607496717948599e-01 3.490046339005400400e-01 3.703870453782094896e-01 3.958092566928414491e-01 4.281940771998946627e-01
1.024371151108466500e-03 -9.948020747180773542e-04 -5.663374719330485033e-04 -2.321827818394396354e-03 -3.941823663140080723e-03 -5.756035679824221714e-03 -7.234165376726231673e-03 -9.058088673270868474e-03 -8.752949679671785319e-03 -9.071106333424797108e-03 -8.172295263460494300e-03 -7.940287142654272809e-03 -6.906540593442120173e-03 -4.880731586716841042e-03 -5.900653837567104059e-04 3.755867880385855770e-03 8.665595078034594306e-03 1.521638886885897171e-02 2.278993256624608707e-02 3.163893573449005209e-02 4.216910364535334660e-02 5.405344021344275773e-02 6.820289881380377228e-02 8.289088313383412288e-02 9.999403033415810160e-02 1.173878060358589936e-01 1.368699500040457817e-01 1.566886249559024946e-01 1.776401842857046887e-01 1.997261095277887977e-01 2.228053089807904841e-01 2.468562092966133659e-01 2.715928766459542731e-01 2.967815890621233188e-01 3.224899407139392160e-01 3.490046339005400400e-01 3.767038626579757854e-01 4.052141149196992753e-01 4.392652417642643470e-01 4.818677857792952324e-01
1.080666437825961342e-03 -8.317140509152785030e-04 -3.203726545204125067e-04 -1.794126302599022933e-03 -3.503514535842919188e-03 -5.426764961638740579e-03 -6.812516613008026516e-03 -8.814872008779983323e-03 -8.709339836634837767e-03 -9.286586265133374776e-03 -8.647199686780876471e-03 -8.802744559538467142e-03 -8.187319336805757089e-03 -6.584094344599899368e-03 -2.733373656126554876e-03 1.115230174932251885e-03 5.521550768775062776e-03 1.156853847737348423e-02 1.869948645680284335e-02 2.716767805414400938e-02 3.736992362424979702e-02 4.901709561021097561e-02 6.299575786114237907e-02 7.771124706338859711e-02 9.496400843947679082e-02 1.127606956145565525e-01 1.327811439463218446e-01 1.535415279142641476e-01 1.757623465474690005e-01 1.994757142152113194e-01 2.245918305318967967e-01 2.511531958610597748e-01 2.789502370587777502e-01 3.078617264089368311e-01 3.381531822663283449e-01 3.703870453782094896e-01 4.052141149196992753e-01 4.445479812897107363e-01 4.874160868314634243e-01 5.430973012426709712e-01
1.181600992288564566e-03 -6.943649237153052493e-04 -1.982476933874435191e-04 -1.231641893342224963e-03 -3.056391537754670103e-03 -5.088773031589510949e-03 -6.335559226469673899e-03 -8.502688072019162768e-03 -8.583695447692508626e-03 -9.385716933131067752e-03 -8.958649450426060118e-03 -9.466979852088157343e-03 -9.228171324561589700e-03 -7.994571846808748786e-03 -4.521000080616498565e-03 -1.126124239334675174e-03 2.815062898083618877e-03 8.399935145443196416e-03 1.513507601554907323e-02 2.327332755743098669e-02 3.320158433090034805e-02 4.466337961895265607e-02 5.853376074955937008e-02 7.333055771906693554e-02 9.080162174414917187e-02 1.090518958252304216e-01 1.296417694636197715e-01 1.514217665268602631e-01 1.750145101051642782e-01 2.004888294445884844e-01 2.278201923239284721e-01 2.571381309531357018e-01 2.883339730740840934e-01 3.214310694688879977e-01 3.569299169046402098e-01 3.958092566928414491e-01 4.392652417642643470e-01 4.874160868314634243e-01 5.461450211984074654e-01 6.200129971960367525e-01
