3.402123225932886935e-03 3.292438775579985613e-03 3.188994658517959029e-03 3.088935206059034103e-03 2.990479314631465727e-03 2.893036229776414781e-03 2.795638752562901348e-03 2.697691601811035792e-03 2.598713909875985210e-03 2.498369517885801368e-03 2.396486593227983419e-03 2.293052989218938818e-03 2.188189115757518260e-03 2.082114750525232167e-03 1.975122498601028682e-03 1.867560438943850981e-03 1.759820884003821580e-03 1.652331750249371031e-03 1.545548440703947831e-03 1.439945303915682751e-03 1.336006296589040696e-03 1.234214732766861699e-03 1.135042207022266252e-03 1.038936989630415879e-03 9.463123630942627072e-04 8.575354759767358712e-04 7.729173626953501257e-04 6.927048552763798162e-04 6.170751690412541084e-04 5.461338759097212432e-04 4.799166835365707056e-04 4.183949150068142333e-04 3.614839720282896269e-04 3.090535965610512604e-04 2.609386358114032024e-04 2.169493252041884202e-04 1.768806818656529169e-04 1.405212356932343033e-04 1.076622528396040037e-04 7.811322301018960889e-05 3.402123567781285482e-03 3.292651508886039382e-03 3.189644573649668292e-03 3.090803081441235306e-03 2.990601248740883643e-03 2.895253131721233289e-03 2.791012539822835137e-03 2.693992904577675439e-03 2.588068905922514748e-03 2.471126561882855486e-03 2.382588786623064149e-03 2.272737917727376666e-03 2.155611748842322772e-03 2.042803247647224929e-03 1.942998976377235607e-03 1.837363445780879068e-03 1.731994130760538837e-03 1.632948747172436503e-03 1.536035322435261481e-03 1.443564761936272801e-03 1.364823107754172373e-03 1.271812164075648019e-03 1.203602968537619260e-03 1.114751246704190259e-03 1.048076330748124851e-03 9.642223722097007085e-04 9.378742765714454324e-04 8.612169614972473150e-04 7.733270972317508396e-04 6.780735612287614464e-04 6.292017471731474855e-04 5.617304603777974930e-04 5.036091594136056027e-04 4.263988020393476210e-04 3.730958927103513790e-04 3.100201531544988383e-04 2.804343047586954716e-04 2.127632757615900044e-04 1.506987210209932628e-04 1.023948141667744812e-04 2.888576052694797003e+00 1.186787853892322803e-01 6.441858943802646065e-02 4.257585284735942999e-02 3.052240006401514202e-02 2.273985768008024780e-02 1.730787204521729017e-02 1.326994786083411648e-02 1.012885933595621298e-02 7.606230510449692346e-03 5.536370852032714875e-03 3.815333333148873685e-03 2.375200678158438748e-03 1.170050063279338970e-03 1.677631501017799091e-04 -6.552334770973844598e-04 -1.317232884136687251e-03 -1.833567522162859098e-03 -2.218276945416560939e-03 -2.484967915589105219e-03 -2.647320738228730198e-03 -2.719261097538490900e-03 -2.714748120836341701e-03 -2.647462244871081477e-03 -2.530567296637064364e-03 -2.376422238666566541e-03 -2.196186659330559045e-03 -1.999647646979701814e-03 -1.795057750059020829e-03 -1.589042312666757431e-03 -1.386616203500034986e-03 -1.191127269572039979e-03 -1.002005032467537813e-03 -8.328311911172920452e-04 -8.438724456926058283e-04 -6.063901740771749293e-04 -3.828631474930885943e-04 -2.339764041148641822e-04 -1.176651529480895293e-04 0.000000000000000000e+00
3.292438775579985613e-03 3.500426730942092068e-03 3.664082655943579764e-03 3.799836402552090198e-03 3.912716490887931109e-03 4.005260804704081218e-03 4.077971490519769447e-03 4.130934219024991888e-03 4.164003807252408471e-03 4.177090039260667256e-03 4.170305280870007826e-03 4.144005612504427470e-03 4.098769311336253156e-03 4.035359979414195226e-03 3.954699835550874905e-03 3.857855232138870938e-03 3.746026794849071501e-03 3.620537727090995979e-03 3.482817794658808405e-03 3.334383152392373251e-03 3.176813052238772021e-03 3.011724441516798727e-03 2.840745260941370063e-03 2.665487171072204384e-03 2.487518470058580795e-03 2.308338046035765968e-03 2.129351306720491267e-03 1.951849139528101388e-03 1.776991022566280125e-03 1.605793310787581108e-03 1.439123354620000950e-03 1.277699475915268544e-03 1.122096082303399066e-03 9.727525985608839222e-04 8.299846717610087719e-04 6.939963503575535169e-04 5.648925030518345616e-04 4.426914161697334343e-04 3.273385702958828808e-04 2.187280904942788290e-04 3.292438668301063322e-03 3.503701714164451225e-03 3.673245489110367988e-03 3.816644255395168668e-03 3.934577535359444142e-03 4.035150654817617165e-03 4.106545781832649476e-03 4.161592305967729000e-03 4.190636493827511189e-03 4.187238699940415768e-03 4.193143167736397559e-03 4.158409694961268284e-03 4.097925219354159494e-03 4.027037302629595666e-03 3.951833059476954693e-03 3.856723192658245095e-03 3.747309486142855021e-03 3.635162861530619356e-03 3.513261067891292576e-03 3.388415919287323004e-03 3.266885671606560484e-03 3.122675990143913578e-03 2.999421727879844450e-03 2.849098210052457628e-03 2.714273360513662012e-03 2.558021910400858599e-03 2.450257274148773950e-03 2.285989105436128134e-03 2.116868159252650611e-03 1.928161704235393376e-03 1.775296406976203381e-03 1.605914151441874835e-03 1.434807264385812471e-03 1.238676871419723026e-03 1.065822809630696377e-03 8.777231447905036550e-04 7.160524607567592516e-04 5.038875025347319897e-04 2.979127667656709792e-04 1.066476692526970135e-04 2.464970634467834643e+01 5.852569912540742658e-01 2.733575000787493159e-01 1.737656027843713369e-01 1.253768600984831449e-01 9.667515670230045211e-02 7.755769456278271967e-02 6.375026982237147477e-02 5.318126678979787775e-02 4.473828500616119225e-02 3.777712788451798032e-02 3.190314107808053801e-02 2.686450519840824849e-02 2.249547058869998117e-02 1.868382347173450780e-02 1.535107993053838778e-02 1.244019497637781010e-02 9.907565797622730139e-03 7.717687425155630304e-03 5.839863334737974143e-03 4.246125213885347700e-03 2.910006743364495097e-03 1.806087621928761369e-03 9.098514509369990452e-04 1.976669335966855427e-04 -3.530794442113471886e-04 -7.636710922281757805e-04 -1.053902471443369810e-03 -1.241894429204733500e-03 -1.343956421461900853e-03 -1.374481275751046659e-03 -1.345677118625300973e-03 -1.264312913670498058e-03 -1.156712494906535953e-03 -1.252617672018172803e-03 -9.630939708761161993e-04 -6.590911506257793144e-04 -4.307784227421030299e-04 -2.246149367721835747e-04 0.000000000000000000e+00
3.188994658517959029e-03 3.664082655943579764e-03 4.063880706954983886e-03 4.413921197434373875e-03 4.722655150619506532e-03 4.994027466751979789e-03 5.228948079181752924e-03 5.427462396755016946e-03 5.589242940426496567e-03 5.714065370641870437e-03 5.802044226317151776e-03 5.853689933527715661e-03 5.869869693043841714e-03 5.851750805909218013e-03 5.800764256396783933e-03 5.718588158554942756e-03 5.607136752965171528e-03 5.468544063690920255e-03 5.305138662186685734e-03 5.119410609932512936e-03 4.913973047908015528e-03 4.691520623645964103e-03 4.454786322820964047e-03 4.206497872203642657e-03 3.949334759442510272e-03 3.685886960434944879e-03 3.418616586773628140e-03 3.149823808303763711e-03 2.881618483786735352e-03 2.615898810459991401e-03 2.354337868332339375e-03 2.098378198364733629e-03 1.849233682950104062e-03 1.607897264063523927e-03 1.375152702443067617e-03 1.151588757080251402e-03 9.376147144858065904e-04 7.334769035763641712e-04 5.392770150536810737e-04 3.549993213038763482e-04 3.188996718695860134e-03 3.669780303384716745e-03 4.080282896120029923e-03 4.444256485064801421e-03 4.765041770455445344e-03 5.050784012721354355e-03 5.290193021577740788e-03 5.492242356313892931e-03 5.653023016655202466e-03 5.761526252505460438e-03 5.861704776866889094e-03 5.902947668674049693e-03 5.900837342544106717e-03 5.873965194297493982e-03 5.826330063352166619e-03 5.745297470476105027e-03 5.635971044605818207e-03 5.514962815664837745e-03 5.372768815285381729e-03 5.220413958239123603e-03 5.061172917782181049e-03 4.871307892733769788e-03 4.698373003792686263e-03 4.492176313397715400e-03 4.294863162169377212e-03 4.072245037494877373e-03 3.889104768714245468e-03 3.643318664551112480e-03 3.398660757750173768e-03 3.122492106076069085e-03 2.872130880175168509e-03 2.606958456359026021e-03 2.329142864529060511e-03 2.020519070242015897e-03 1.734292725896185300e-03 1.427484873376972871e-03 1.140261560112896437e-03 7.903407934204048418e-04 4.467367382450817517e-04 1.187358280498693484e-04 4.546553509321201147e+01 1.036857519713414000e+00 4.751959485659441040e-01 3.003639700070289131e-01 2.169203044255409163e-01 1.680911727674828937e-01 1.358322093133229047e-01 1.126548298188129738e-01 9.496535501140443425e-02 8.084649503743623900e-02 6.919287915481184270e-02 5.933009256164016587e-02 5.082977969947140295e-02 4.341162732810716074e-02 3.688726304605464273e-02 3.112632742043315234e-02 2.603540887318551988e-02 2.154452953567419921e-02 1.759824009779644566e-02 1.414998858901411923e-02 1.115852867311157605e-02 8.585688483945645016e-03 6.395287097060061744e-03 4.552567718607999914e-03 3.023948390701414624e-03 1.777014007136205409e-03 7.807629283838424077e-04 5.761567782430366690e-06 -5.756376774264484238e-04 -9.891070656460950340e-04 -1.258111846536526116e-03 -1.403430138918847127e-03 -1.438939669360686643e-03 -1.403233628382873121e-03 -1.592686918320867324e-03 -1.264859197473667315e-03 -8.946780916697400377e-04 -6.005847037662305488e-04 -3.179788694971647086e-04 0.000000000000000000e+00
3.088935206059034103e-03 3.799836402552090198e-03 4.413921197434373875e-03 4.961959161087370167e-03 5.454194784851453676e-03 5.895111516297285928e-03 6.285392940708036530e-03 6.624595168401698451e-03 6.911862855564266522e-03 7.146569249150048000e-03 7.328622190420239386e-03 7.458520871451657965e-03 7.537284689997547811e-03 7.566366199673805852e-03 7.547598986221012822e-03 7.483176438854176327e-03 7.375638675831883845e-03 7.227851088376664908e-03 7.042969350560663450e-03 6.824392785037265534e-03 6.575710061823209114e-03 6.300640702689602399e-03 6.002974781359060250e-03 5.686512453493498299e-03 5.355004649034201397e-03 5.012096256349552435e-03 4.661273265169251639e-03 4.305815506160206793e-03 3.948756712716812098e-03 3.592853483280045342e-03 3.240564222695990586e-03 2.894038304677033855e-03 2.555114704397975535e-03 2.225328490339637325e-03 1.905923123699075411e-03 1.597866620556875287e-03 1.301870162740707522e-03 1.018408477665421917e-03 7.477425982522993954e-04 4.899525890666966673e-04 3.088939191592352407e-03 3.807504187979364463e-03 4.436643031129243811e-03 5.004731359418925288e-03 5.516096839293872962e-03 5.978006553499222268e-03 6.378798930231747294e-03 6.723298544401826518e-03 7.012751443287441704e-03 7.231426974792930402e-03 7.425391267698986178e-03 7.543000194592677267e-03 7.600424808077292302e-03 7.619021086398006064e-03 7.601160316399103133e-03 7.536917744095083908e-03 7.430928457330047802e-03 7.304366718812732064e-03 7.145627386863787414e-03 6.969649175312604347e-03 6.776777602601073529e-03 6.545744004320216101e-03 6.327398971606670690e-03 6.069788601026982963e-03 5.814488192060435733e-03 5.530294169713988357e-03 5.276571247179478140e-03 4.954075088464202602e-03 4.638244647120257254e-03 4.279239890820294920e-03 3.936468067323750999e-03 3.580182177628515525e-03 3.200407881012179608e-03 2.784144121951852378e-03 2.389075134259688923e-03 1.968133975670619765e-03 1.560012010574116613e-03 1.077114109308436977e-03 6.000405864032814368e-04 1.392593702823887380e-04 6.539144046642951480e+01 1.476293973206835641e+00 6.715691187793716432e-01 4.235075277341840971e-01 3.060128541084207732e-01 2.376620031378320341e-01 1.926787846410979443e-01 1.604398453725359719e-01 1.358688017823410088e-01 1.162650911016586824e-01 1.000749236556421479e-01 8.635213911527842012e-02 7.449724905011302634e-02 6.411927963350512460e-02 5.495667295348333897e-02 4.682953451532952116e-02 3.960996572912736657e-02 3.320313875663138264e-02 2.753490923156432998e-02 2.254390418851550879e-02 1.817646314982946515e-02 1.438343805619895013e-02 1.111851089251528896e-02 8.337225370955166082e-03 5.996524818781801512e-03 4.054615065028710844e-03 2.471156596102775174e-03 1.207421218962583497e-03 2.265507701903742368e-04 -5.061983747834979857e-04 -1.023094403020898989e-03 -1.353239524411954404e-03 -1.517439319721533954e-03 -1.566132493969290629e-03 -1.859442684450673218e-03 -1.508458082388478916e-03 -1.087494353518026965e-03 -7.420906345099734713e-04 -3.971310503160023985e-04 0.000000000000000000e+00
2.990479314631465727e-03 3.912716490887931109e-03 4.722655150619506532e-03 5.454194784851453676e-03 6.118549120300301875e-03 6.720040699688762699e-03 7.258807609976559647e-03 7.733610462599059023e-03 8.142818701827498479e-03 8.485196428558775678e-03 8.760270923756351483e-03 8.968382033923879768e-03 9.110571594179895857e-03 9.188460143670987290e-03 9.204175851567759220e-03 9.160327483493099082e-03 9.059989113388183454e-03 8.906673547392468526e-03 8.704287353589136925e-03 8.457070184494199991e-03 8.169523983551960078e-03 7.846336938701401961e-03 7.492305467373022547e-03 7.112256367944300856e-03 6.710970766972090135e-03 6.293111426666738069e-03 5.863155123231288124e-03 5.425332001986647550e-03 4.983573911199737014e-03 4.541473545136002175e-03 4.102255665183737916e-03 3.668760735928619770e-03 3.243440202183805066e-03 2.828361649647876883e-03 2.425221543426037650e-03 2.035363274512358260e-03 1.659798751180294055e-03 1.299232528446598754e-03 9.540888543899042748e-04 6.245496061982868394e-04 2.990484837158591432e-03 3.922007335798362998e-03 4.750921094998436164e-03 5.508392134296606797e-03 6.198870033100902649e-03 6.828130068757004394e-03 7.383602120660028370e-03 7.865810336979091322e-03 8.280612895750986968e-03 8.607449533016977433e-03 8.894382678806548453e-03 9.088436629306707523e-03 9.206274704633339925e-03 9.271556101559974214e-03 9.285417026429697643e-03 9.240420131074431748e-03 9.140769577934113738e-03 9.011703334625436115e-03 8.839914468724582516e-03 8.643945251611493893e-03 8.421282050959872159e-03 8.153298960939515255e-03 7.893548519286948742e-03 7.588700891709530306e-03 7.279645615824681566e-03 6.938347431704108316e-03 6.618534910271468147e-03 6.223833480695837965e-03 5.840868196845310813e-03 5.403323326869300530e-03 4.972871560147582200e-03 4.529791618356144960e-03 4.052410564864481791e-03 3.532951073515282290e-03 3.033128191682209988e-03 2.502150985276859526e-03 1.977237066411903499e-03 1.365591295537213392e-03 7.585945376995759668e-04 1.683096044157936233e-04 8.444792555984039950e+01 1.904239649702309300e+00 8.629155426769022919e-01 5.434777944098871938e-01 3.928100804374448085e-01 3.055046617267613840e-01 2.481897523270802375e-01 2.071821108385252519e-01 1.759582473702775984e-01 1.510537211405149904e-01 1.304778381473635784e-01 1.130199938835604739e-01 9.791452737770396653e-02 8.466341137518436366e-02 7.293467117978393033e-02 6.250107654897445186e-02 5.320202802558768318e-02 4.491931566070551940e-02 3.756132027764044756e-02 3.105287406432318334e-02 2.532877369112790725e-02 2.032964314129243402e-02 1.599967712237215442e-02 1.228529189988816599e-02 9.134464883977231817e-03 6.496478466772225881e-03 4.322066327693685830e-03 2.563577325727479320e-03 1.175279971048984271e-03 1.136652262206205546e-04 -6.620617875466691844e-04 -1.189082820433143240e-03 -1.494958528009386221e-03 -1.641555398434712577e-03 -2.049785655491807249e-03 -1.691572606563564478e-03 -1.235902465961297853e-03 -8.542312459147309621e-04 -4.615401625321137740e-04 0.000000000000000000e+00
2.893036229776414781e-03 4.005260804704081218e-03 4.994027466751979789e-03 5.895111516297285928e-03 6.720040699688762699e-03 7.472752456720037698e-03 8.152557130966674517e-03 8.757240703118956623e-03 9.284231712171851433e-03 9.731526514647365414e-03 1.009811975222608960e-02 1.038404776198200222e-02 1.059023914136632792e-02 1.071835505024091272e-02 1.077069906694555317e-02 1.075018453110914915e-02 1.066031728689390522e-02 1.050516403762042326e-02 1.028929717126509172e-02 1.001771960033852153e-02 9.695776926317805147e-03 9.329063270681331801e-03 8.923325004838842181e-03 8.484365039671936531e-03 8.017949607505649862e-03 7.529719333057328066e-03 7.025106539226600583e-03 6.509260950055890081e-03 5.986986056279573580e-03 5.462688214454110118e-03 4.940339930197663876e-03 4.423457752798632889e-03 3.915093984123850686e-03 3.417840301388311124e-03 2.933840738197367008e-03 2.464811430689095410e-03 2.012065013335695776e-03 1.576538320114623335e-03 1.158823513814053602e-03 7.592109045747929630e-04 2.893042939237780616e-03 4.015885123890789409e-03 5.027116103961041041e-03 5.959644264178248774e-03 6.817467884938881520e-03 7.604740566256963652e-03 8.307568367983957092e-03 8.922151264188035724e-03 9.458441580666381021e-03 9.890967574276269408e-03 1.026963014098222077e-02 1.053988655401107491e-02 1.071878366032215021e-02 1.083183674688024609e-02 1.087926149230682323e-02 1.085589609426996886e-02 1.076554794350415879e-02 1.063700334645006386e-02 1.045565795238326268e-02 1.024333683796525667e-02 9.994757729298647461e-03 9.694065053152466777e-03 9.396957264381361474e-03 9.049084525242077903e-03 8.690569929114110720e-03 8.296664232633109426e-03 7.915309454813945766e-03 7.452982345645981811e-03 7.006969626799364192e-03 6.495246817454556829e-03 5.981896563489553197e-03 5.456390526808732253e-03 4.885806085745307038e-03 4.267628339168586318e-03 3.667171824191806703e-03 3.030268239836418544e-03 2.392638070020331863e-03 1.656477581993909829e-03 9.230961489091315392e-04 2.065295101182000148e-04 1.026458567071834409e+02 2.320270136082447365e+00 1.049033980895529350e+00 6.601569523223014269e-01 4.772668070712391963e-01 3.715695535608720679e-01 3.023181507009642943e-01 2.528406510858765555e-01 2.151999510136338722e-01 1.851859535557430492e-01 1.603820575846735541e-01 1.393203334852031738e-01 1.210738560442895656e-01 1.050411377823756709e-01 9.082255363030261597e-02 7.814574343350920438e-02 6.681921120048968377e-02 5.670286309820343762e-02 4.768886789888619748e-02 3.968934106282071689e-02 3.262846701257551135e-02 2.643745430742398470e-02 2.105172680378473646e-02 1.640921245655011310e-02 1.244949712888646261e-02 9.113457788704622600e-03 6.343370099287265126e-03 4.083082507083567875e-03 2.278370330512480280e-03 8.772984797763059119e-04 -1.691539355730148505e-04 -9.059893673521711996e-04 -1.367345585302997537e-03 -1.626087203968066847e-03 -2.160810007135813195e-03 -1.811988037171685705e-03 -1.338327454822242852e-03 -9.359763844094908230e-04 -5.106909753787050544e-04 0.000000000000000000e+00
2.795638752562901348e-03 4.077971490519769447e-03 5.228948079181752924e-03 6.285392940708036530e-03 7.258807609976559647e-03 8.152557130966674517e-03 8.965030523448580188e-03 9.692958459949968519e-03 1.033273817927865892e-02 1.088148578180777801e-02 1.133753047449846500e-02 1.170046072372357519e-02 1.197094518169686955e-02 1.215054312806058967e-02 1.224159886284913526e-02 1.224720499321336510e-02 1.217118363928030959e-02 1.201804958162699423e-02 1.179294447828004716e-02 1.150154671048355011e-02 1.114996597143041307e-02 1.074463046152578788e-02 1.029217188744412613e-02 9.799311454984801356e-03 9.272749089878119105e-03 8.719057910433161696e-03 8.144586126360639500e-03 7.555368773923010553e-03 6.957051807144104712e-03 6.354830848732798999e-03 5.753406228290529681e-03 5.156954824967354030e-03 4.569117898211533940e-03 3.993002870076770017e-03 3.431196261337279146e-03 2.885784869663199272e-03 2.358382720713066930e-03 1.850162101289875823e-03 1.361888518490623600e-03 8.939680400598427890e-04 2.795646347341840775e-03 4.089672115747745515e-03 5.266147664477248934e-03 6.359075583742020490e-03 7.371752603719339790e-03 8.306716585613865139e-03 9.148585219633655757e-03 9.889319838940452412e-03 1.054246010181142217e-02 1.107757128181521833e-02 1.154618321034091115e-02 1.189201480565837965e-02 1.213236540668368411e-02 1.229416984236215114e-02 1.237695436496212380e-02 1.237762463169131584e-02 1.229961457522178378e-02 1.217472731347752669e-02 1.198746157596832299e-02 1.176259340887476218e-02 1.149218301683968546e-02 1.116322425651646022e-02 1.083304660212019467e-02 1.044659651292765591e-02 1.004319118422799736e-02 9.601414330105724829e-03 9.163338301598888264e-03 8.638268446668493153e-03 8.133573416742437279e-03 7.552338219205595102e-03 6.961157766347303259e-03 6.357882170567946516e-03 5.698798857491224439e-03 4.986668609231356859e-03 4.289987784227564278e-03 3.551545433885412110e-03 2.805520667824739234e-03 1.949372629516785485e-03 1.093435479650771598e-03 2.540636305240997388e-04 1.199898967669100927e+02 2.723745365690540154e+00 1.229610701442864329e+00 7.733087194962430244e-01 5.591611754264179668e-01 4.356674556480120697e-01 3.549004985849056881e-01 2.972747471357210514e-01 2.534735838977399403e-01 2.185595880427841642e-01 1.897014230612619479e-01 1.651812007392934045e-01 1.439158715084759288e-01 1.252042541442985879e-01 1.085819592902537711e-01 9.373378994128447883e-02 8.043923173674615013e-02 6.853787685684939457e-02 5.790702015249404172e-02 4.844721853545973234e-02 4.007305908170288172e-02 3.270723473435453721e-02 2.627720310618848407e-02 2.071313055052164884e-02 1.594687092101756618e-02 1.191149514703217227e-02 8.541365433255773687e-03 5.772321345486792349e-03 3.542085395497087275e-03 1.790686960206121529e-03 4.612213332376885770e-04 -4.988441127379985391e-04 -1.130024299911656146e-03 -1.515724953246198967e-03 -2.188974848989494373e-03 -1.866867201583309209e-03 -1.392654122095586360e-03 -9.858990331153884030e-04 -5.438565213908573602e-04 0.000000000000000000e+00
2.697691601811035792e-03 4.130934219024991888e-03 5.427462396755016946e-03 6.624595168401698451e-03 7.733610462599059023e-03 8.757240703118956623e-03 9.692958459949968519e-03 1.053645007383025543e-02 1.128306397931849725e-02 1.192897206113616333e-02 1.247172870426575299e-02 1.291033355802362163e-02 1.324504002609462779e-02 1.347714932245537740e-02 1.360889706332061612e-02 1.364341562985128126e-02 1.358471450457558044e-02 1.343763790199727776e-02 1.320778782970119351e-02 1.290141842172813462e-02 1.252531251531396710e-02 1.208664983804164789e-02 1.159287293831944531e-02 1.105155455685330641e-02 1.047026896290224537e-02 9.856469501150301460e-03 9.217374748572182072e-03 8.559865935471352993e-03 7.890398400740954166e-03 7.214929615119266421e-03 6.538865577607719075e-03 5.867026196684786525e-03 5.203628829312237879e-03 4.552287816752194870e-03 3.916026989221658983e-03 3.297301917351954693e-03 2.698029088903807719e-03 2.119619965744808012e-03 1.563019464230614797e-03 1.028757417122719764e-03 2.697699821307058404e-03 4.143475398066348743e-03 5.468060365500257078e-03 6.706138631375159996e-03 7.860224670817542864e-03 8.931423219847731132e-03 9.902865346988073969e-03 1.076247885946472402e-02 1.152690367569590701e-02 1.216073505043696427e-02 1.271686591024167798e-02 1.313717544151062760e-02 1.343905633654987782e-02 1.365043826931012887e-02 1.377030440068129427e-02 1.379741999892933682e-02 1.373485400212535491e-02 1.361688498608781134e-02 1.342750189534844783e-02 1.319409010490053998e-02 1.290618673647171699e-02 1.255366192348262785e-02 1.219500763211821270e-02 1.177473643704318035e-02 1.133136390749557923e-02 1.084678178507817760e-02 1.035717623676323321e-02 9.774661505210566551e-03 9.216038042827539439e-03 8.570384443865314630e-03 7.906857731098481876e-03 7.230887406789821524e-03 6.488464517028526106e-03 5.687587562746720775e-03 4.899544276668065662e-03 4.064400309769298017e-03 3.214733370269313908e-03 2.243623089076189712e-03 1.269471523485699548e-03 3.112565729352373281e-04 1.364803398394868452e+02 3.113682651833291182e+00 1.404151071190262279e+00 8.825908889871921792e-01 6.382207462940890919e-01 4.975660057280181792e-01 4.057342998422801550e-01 3.403071877277027424e-01 2.906244201250093306e-01 2.510401288859110402e-01 2.183196848983058047e-01 1.905028464006869038e-01 1.663557749199463254e-01 1.450814909150409948e-01 1.261538010183242131e-01 1.092170104983996581e-01 9.402350487818143809e-02 8.039417906551406257e-02 6.819285100146169065e-02 5.730974818227197592e-02 4.765095627925109573e-02 3.913164096435730460e-02 3.167219104148155662e-02 2.519583262602886203e-02 1.962744102530444845e-02 1.489297166147598647e-02 1.091950407673933712e-02 7.635439939012761586e-03 4.970960101762419633e-03 2.858510119868882919e-03 1.233694867109163575e-03 3.678291097444306431e-05 -7.788877683919903606e-04 -1.306770032885683176e-03 -2.130902024373766950e-03 -1.853463779702461522e-03 -1.396816098569893727e-03 -1.002594113696419998e-03 -5.603164579818308922e-04 0.000000000000000000e+00
2.598713909875985210e-03 4.164003807252408471e-03 5.589242940426496567e-03 6.911862855564266522e-03 8.142818701827498479e-03 9.284231712171851433e-03 1.033273817927865892e-02 1.128306397931849725e-02 1.212955593220443190e-02 1.286742742556144098e-02 1.349337955951967344e-02 1.400569598891218161e-02 1.440406136558564781e-02 1.468935786746299911e-02 1.486355517732134736e-02 1.492967664901794812e-02 1.489177994287501326e-02 1.475490898411176491e-02 1.452500549283165451e-02 1.420878755642586075e-02 1.381360808487245087e-02 1.334730394187939352e-02 1.281804275019222082e-02 1.223417153654373681e-02 1.160407001531123597e-02 1.093601097842637586e-02 1.023803042048368125e-02 9.517810301740878623e-03 8.782576973219137495e-03 8.039018032553692586e-03 7.293219600760791899e-03 6.550624737004037343e-03 5.816012168396859569e-03 5.093493066765113556e-03 4.386522631304175072e-03 3.697922957459241419e-03 3.029914022566857108e-03 2.384150383503261510e-03 1.761762807831280652e-03 1.163413410701676304e-03 2.598722527226380967e-03 4.177167172115328793e-03 5.632533096933252555e-03 6.999911864822371856e-03 8.281062005891485708e-03 9.475944831716617486e-03 1.056633631537543146e-02 1.153645281086058266e-02 1.240557886570838736e-02 1.313340489283619864e-02 1.377386725048302188e-02 1.426698025952489318e-02 1.463004275487786443e-02 1.489157085128351918e-02 1.505007063464075014e-02 1.510596027181615973e-02 1.506193675466074335e-02 1.495421017559661440e-02 1.476662637394988639e-02 1.452883041072073125e-02 1.422799593459339422e-02 1.385684238115714000e-02 1.347460445796582092e-02 1.302557996474137947e-02 1.254753235482258637e-02 1.202556368732737857e-02 1.149002342962350369e-02 1.085582198606479393e-02 1.024846171413687154e-02 9.543974781686613215e-03 8.814068728256340204e-03 8.070968479314974409e-03 7.250909177562361342e-03 6.367024769056394730e-03 5.493033411115566533e-03 4.566582617703526803e-03 3.618576918124056033e-03 2.538164367269886684e-03 1.450796942075460901e-03 3.783422774270469831e-04 1.521110022787457865e+02 3.488869824002435394e+00 1.572059422841567855e+00 9.876028239238083817e-01 7.141322621175315577e-01 5.570004229589569089e-01 4.545874849366697279e-01 3.817317649738364849e-01 3.264687667063015386e-01 2.824643350726825375e-01 2.460924837624117734e-01 2.151584645142385066e-01 1.882831084122014442e-01 1.645775697408186911e-01 1.434567956304660941e-01 1.245269000758558731e-01 1.075150621912702026e-01 9.222509300356951378e-02 7.850875213535736530e-02 6.624721147973483548e-02 5.533921485481767266e-02 4.569346705846129980e-02 3.722427329188032763e-02 2.984883450898323173e-02 2.348589695449217890e-02 1.805508660414604713e-02 1.347692336175560293e-02 9.673028504463453831e-03 6.566630982538332328e-03 4.083113742696231965e-03 2.151044276657089558e-03 7.038731757765022282e-04 -3.109403602912973945e-04 -9.963571880977233931e-04 -1.983818773006490021e-03 -1.769455954516067605e-03 -1.349027817667292637e-03 -9.848233510801793732e-04 -5.594255085255839515e-04 0.000000000000000000e+00
2.498369517885801368e-03 4.177090039260667256e-03 5.714065370641870437e-03 7.146569249150048000e-03 8.485196428558775678e-03 9.731526514647365414e-03 1.088148578180777801e-02 1.192897206113616333e-02 1.286742742556144098e-02 1.369113860103677791e-02 1.439591265483722640e-02 1.497921720940182701e-02 1.544003201497703634e-02 1.577866893024703829e-02 1.599667839710809669e-02 1.609682539649104349e-02 1.608307236935064763e-02 1.596052603214118126e-02 1.573533769446154584e-02 1.541456652779038365e-02 1.500602045694063649e-02 1.451808676937849790e-02 1.395956021317896166e-02 1.333947317506927431e-02 1.266693100843459090e-02 1.195095521454886227e-02 1.120033735435528414e-02 1.042350685920003135e-02 9.628416033729197271e-03 8.822445268931642520e-03 8.012330656633792278e-03 7.204114846982435753e-03 6.403120352139713214e-03 5.613942945325646992e-03 4.840461724479517940e-03 4.085862041169252903e-03 3.352667785823097279e-03 2.642780261692340496e-03 1.957522528044132893e-03 1.297697712470721959e-03 2.498378335200837456e-03 4.190674208736110996e-03 5.759363527108171329e-03 7.239755026278209271e-03 8.632934090120281123e-03 9.938054581860681150e-03 1.113574784518936434e-02 1.220694218475466136e-02 1.317314996927413523e-02 1.398932729955657504e-02 1.471008996841798727e-02 1.527364524316669400e-02 1.569698670424170273e-02 1.600883209839202431e-02 1.620720585069380243e-02 1.629397782856825683e-02 1.627145305094665484e-02 1.617723505484517862e-02 1.599536740283447056e-02 1.575739961948558268e-02 1.544832825554420114e-02 1.506364127408001824e-02 1.466294572154622396e-02 1.419049183739340934e-02 1.368338539795121642e-02 1.312976880735444891e-02 1.255426949596837038e-02 1.187459020798630090e-02 1.122412003454164621e-02 1.046688733899691325e-02 9.677070324333580248e-03 8.872919836033549626e-03 7.981512036217094930e-03 7.020941579369982706e-03 6.067023243677471811e-03 5.055281181672952734e-03 4.014866862791960887e-03 2.831538452324909496e-03 1.636708080381791457e-03 4.553675078837319569e-04 1.668672130613664422e+02 3.847860521417878044e+00 1.732643991899926350e+00 1.087892444324679575e+00 7.865503221740162143e-01 6.136820401351622545e-01 5.012065645140774128e-01 4.213206138147390090e-01 3.608001569423772703e-01 3.126451516419810894e-01 2.728510742361350272e-01 2.389968432125411379e-01 2.095634886587065815e-01 1.835741697125767569e-01 1.603877990802794751e-01 1.395744791709060961e-01 1.208379721893982350e-01 1.039665509997560466e-01 8.880130664753600744e-02 7.521563568314273973e-02 6.310213516263306344e-02 5.236417359100890845e-02 4.291103235181432246e-02 3.465488805321929183e-02 2.750929948918197712e-02 2.138844410929245307e-02 1.620709917658048546e-02 1.188085316870224860e-02 8.326656469536578009e-03 5.463426122091398149e-03 3.213211500307123526e-03 1.503082654920185343e-03 2.749336930113882842e-04 -5.831131702395732103e-04 -1.746111861530027284e-03 -1.613385703140926943e-03 -1.248109424113981198e-03 -9.317292723901050020e-04 -5.407193455975016234e-04 0.000000000000000000e+00
2.396486593227983419e-03 4.170305280870007826e-03 5.802044226317151776e-03 7.328622190420239386e-03 8.760270923756351483e-03 1.009811975222608960e-02 1.133753047449846500e-02 1.247172870426575299e-02 1.349337955951967344e-02 1.439591265483722640e-02 1.517424082196485759e-02 1.582495412455068098e-02 1.634622405268012016e-02 1.673766610294411331e-02 1.700027550342602181e-02 1.713641945993541957e-02 1.714982530682912856e-02 1.704552386349923385e-02 1.682974005652748684e-02 1.650974247635200731e-02 1.609366826443747733e-02 1.559033657266267400e-02 1.500905904219865944e-02 1.435945229191172567e-02 1.365125577401107848e-02 1.289415797179549808e-02 1.209763410321267572e-02 1.127079879752062620e-02 1.042227733546372860e-02 9.560098746291972177e-03 8.691613180581142864e-03 7.823434553375729558e-03 6.961407718107209298e-03 6.110597770259466183e-03 5.275297891379030456e-03 4.459051678714584868e-03 3.664686125458233544e-03 2.894352121426350954e-03 2.149570996510394554e-03 1.431295450573751883e-03 2.396495438536786968e-03 4.184126628249083650e-03 5.848703906104127728e-03 7.425612405421229412e-03 8.915368447397355178e-03 1.031665228867419647e-02 1.160918995141531351e-02 1.277112010652534796e-02 1.382580132291787514e-02 1.472375939914208343e-02 1.551989490324604676e-02 1.615075516824406032e-02 1.663279959968206462e-02 1.699459473050687897e-02 1.723362103551188962e-02 1.735301013682126817e-02 1.735464567258491325e-02 1.727700091354125722e-02 1.710462791091399773e-02 1.687062256929779819e-02 1.655801858083082514e-02 1.616493956470639592e-02 1.575104266936331460e-02 1.526064803195549026e-02 1.473034101266819038e-02 1.415106451239625529e-02 1.354190269464826749e-02 1.282335592322125274e-02 1.213579830486041615e-02 1.133238272496739883e-02 1.048960625698158039e-02 9.630989173765912639e-03 8.675108874355850694e-03 7.644769491629176648e-03 6.617569822560676919e-03 5.527200153993359205e-03 4.400974128090504554e-03 3.121897792217057360e-03 1.826169970312732389e-03 5.421182604926013011e-04 1.807243059242830441e+02 4.188963203486065545e+00 1.885112813536319987e+00 1.182953654464260929e+00 8.550962561452399857e-01 6.672987105350017822e-01 5.453184760155007638e-01 4.588270203771100397e-01 3.933925433751352396e-01 3.413748347315614939e-01 2.984051079273821738e-01 2.618446693817694793e-01 2.300403834896996014e-01 2.019311790708842036e-01 1.768225682779774599e-01 1.542506189762137825e-01 1.338972908569812381e-01 1.155367344926656881e-01 9.900068070451718827e-02 8.415599443009838532e-02 7.089032245831476675e-02 5.910285332588215840e-02 4.869895925058387309e-02 3.958686489700628114e-02 3.167596585163171691e-02 2.487596117153494449e-02 1.909679387246252663e-02 1.424885721436244465e-02 1.024358186702413985e-02 6.994094671985056320e-03 4.416516985148027929e-03 2.432037928876695787e-03 9.773515604411487853e-04 -6.768845068132628992e-05 -1.417776032505571517e-03 -1.385015374635985286e-03 -1.093751402411652189e-03 -8.430101587669061374e-04 -5.040015234085220511e-04 0.000000000000000000e+00
2.293052989218938818e-03 4.144005612504427470e-03 5.853689933527715661e-03 7.458520871451657965e-03 8.968382033923879768e-03 1.038404776198200222e-02 1.170046072372357519e-02 1.291033355802362163e-02 1.400569598891218161e-02 1.497921720940182701e-02 1.582495412455068098e-02 1.653860178163617245e-02 1.711746301754615146e-02 1.756036780807121445e-02 1.786764853226748689e-02 1.804115458491841947e-02 1.808424947453321843e-02 1.800175370659331045e-02 1.779982865801319619e-02 1.748581536904445996e-02 1.706804617564761442e-02 1.655564338728387347e-02 1.595831404341785734e-02 1.528614613035264407e-02 1.454940994530410162e-02 1.375836791263045089e-02 1.292309635935857265e-02 1.205332306502649234e-02 1.115828451495597812e-02 1.024660646351661757e-02 9.326210491548253198e-03 8.404247744490491931e-03 7.487059210035214817e-03 6.580160126377943529e-03 5.688244812893285089e-03 4.815207645230987731e-03 3.964176033141884881e-03 3.137551912923227174e-03 2.337059904515030855e-03 1.563810240221069061e-03 2.293061714269552676e-03 4.157898848973481075e-03 5.901113436025978709e-03 7.558055635015904598e-03 9.128776995061425523e-03 1.061178525466745064e-02 1.198613191243339850e-02 1.322771101892162085e-02 1.436136688938197299e-02 1.533364668602659776e-02 1.619932366781394115e-02 1.689352613329601210e-02 1.743194152141968462e-02 1.784267202719536788e-02 1.812254780739907742e-02 1.827578823955908899e-02 1.830382005698808628e-02 1.824548421280881155e-02 1.808611820413195265e-02 1.786000601810869975e-02 1.754846088343234994e-02 1.715206045256270628e-02 1.673023517330753801e-02 1.622744832699863499e-02 1.567994111742733454e-02 1.508115187871646515e-02 1.444486305859586997e-02 1.369438589646060182e-02 1.297609430169414761e-02 1.213347898065074600e-02 1.124513247972589933e-02 1.033909814716313554e-02 9.326183556882569614e-03 8.233573276174918978e-03 7.140350813702807560e-03 5.978663122465178136e-03 4.773899095655429609e-03 3.407047325647542205e-03 2.017825262951066304e-03 6.380946038506936976e-04 1.936472953873790459e+02 4.510248423156507869e+00 2.028574952328748626e+00 1.272225379862404360e+00 9.193569213780059535e-01 7.175144983760417539e-01 5.866316834652421930e-01 4.939878788500945417e-01 4.240037314793420054e-01 3.684289002797676016e-01 3.225466971657494630e-01 2.835104150120957844e-01 2.495386330333455582e-01 2.194897485114103153e-01 1.926183074410841856e-01 1.684280855498139495e-01 1.465806363630984266e-01 1.268372277990552910e-01 1.090214120405145759e-01 9.299468795358029061e-02 7.864091350045826490e-02 6.585625447277888844e-02 5.454331828719968106e-02 4.460750170868540282e-02 3.595512883036167118e-02 2.849246870288801511e-02 2.212562251814210665e-02 1.676071162095788339e-02 1.230448969106590767e-02 8.665048577531401022e-03 5.753244707486132418e-03 3.484951592109766186e-03 1.792084059339721066e-03 5.469367742123508415e-04 -1.000677074012912065e-03 -1.085540515932528977e-03 -8.866749444688858594e-04 -7.190274264033114354e-04 -4.493974083401593546e-04 0.000000000000000000e+00
2.188189115757518260e-03 4.098769311336253156e-03 5.869869693043841714e-03 7.537284689997547811e-03 9.110571594179895857e-03 1.059023914136632792e-02 1.197094518169686955e-02 1.324504002609462779e-02 1.440406136558564781e-02 1.544003201497703634e-02 1.634622405268012016e-02 1.711746301754615146e-02 1.775016834991164499e-02 1.824233727872504734e-02 1.859356618848013315e-02 1.880509242046449897e-02 1.887980433843256325e-02 1.882218776376539532e-02 1.863820732567177813e-02 1.833513869954252543e-02 1.792137088121301125e-02 1.740619344786437789e-02 1.679957833285949248e-02 1.611196189223584527e-02 1.535403133503372534e-02 1.453651922468617713e-02 1.367000997089425421e-02 1.276476253394197638e-02 1.183055366053632936e-02 1.087654561868548440e-02 9.911181428712277294e-03 8.942109018520003408e-03 7.976133812144606608e-03 7.019197387733328540e-03 6.076378428097836161e-03 5.151911503667596683e-03 4.249219266318601113e-03 3.370954218206423207e-03 2.519047823338845839e-03 1.694774755991708490e-03 2.188197594199467640e-03 4.112587469702852147e-03 5.917513685578671204e-03 7.638196709667379423e-03 9.274317323657507717e-03 1.082446525736180040e-02 1.226721967347656726e-02 1.357679833400120620e-02 1.477917359372269215e-02 1.581751020351252965e-02 1.674603400674213455e-02 1.749878938806732551e-02 1.809045511787455568e-02 1.854840198459092870e-02 1.886867240030986118e-02 1.905641792418763178e-02 1.911256871310483205e-02 1.907585846667720839e-02 1.893264959822127738e-02 1.871805799148925156e-02 1.841194602118921553e-02 1.801711985705941807e-02 1.759254768643157829e-02 1.708287363576722548e-02 1.652420458501740325e-02 1.591211105155483641e-02 1.525537643575133710e-02 1.448014198284186885e-02 1.373772005074132795e-02 1.286323278411374837e-02 1.193707810254238458e-02 1.099108164461837581e-02 9.929083584011911753e-03 8.782242480699758644e-03 7.630831984393183533e-03 6.405754195868179797e-03 5.130386314577628504e-03 3.684529534416374191e-03 2.210049814527294525e-03 7.425348972890598830e-04 2.055916107606341257e+02 4.809579572590934049e+00 2.162052113890076122e+00 1.355096936316872114e+00 9.788876947917666271e-01 7.639721681676798770e-01 6.248391783082097861e-01 5.265276074330885736e-01 4.523801757122936085e-01 3.935715173948681200e-01 3.450560479162280703e-01 3.037898877104454609e-01 2.678696775191519719e-01 2.360770425636997960e-01 2.076178628798047432e-01 1.819651534239713209e-01 1.587612354375627921e-01 1.377555355540001081e-01 1.187644503698101206e-01 1.016451642875884215e-01 8.627883708189558465e-02 7.255973653679975710e-02 6.038884973129265282e-02 4.966989586428863235e-02 4.030726585045906613e-02 3.220490877859517875e-02 2.526614785505709032e-02 1.939383254988687535e-02 1.449096036975469799e-02 1.046141985314581919e-02 7.211537761857141245e-03 4.652504020346850955e-03 2.711933229423152056e-03 1.255333765881458700e-03 -4.986618729457127468e-04 -7.176840048329860165e-04 -6.287060426532830671e-04 -5.608569540962107672e-04 -3.773806451301535306e-04 0.000000000000000000e+00
