6.904105078951441876e-02 6.557950551548763496e-02 6.340573693967373192e-02 6.167294526336791760e-02 5.989428038332465787e-02 5.816287067750791628e-02 5.644976202210191807e-02 5.466278499472019409e-02 5.286173972576790892e-02 5.096639494084479610e-02 4.894557887151450987e-02 4.680044696630147188e-02 4.456795898374428522e-02 4.221198838014076499e-02 3.972933584993235123e-02 3.721707202128991115e-02 3.467742029240731411e-02 3.214237911656186997e-02 2.964367574412473533e-02 2.720539046882351764e-02 2.485052564876134504e-02 2.258626794954316994e-02 2.044783651571197361e-02 1.843855354949392247e-02 1.651696837237928359e-02 1.478935585200430620e-02 1.313759438292335865e-02 1.163197711771453424e-02 1.025432625559851568e-02 9.003141463513841120e-03 7.800899152508254317e-03 6.827510144155260821e-03 5.896872686888428999e-03 5.078539320922772701e-03 4.326833329586210301e-03 3.671204390635324395e-03 3.094946232221989797e-03 2.593382386675121155e-03 2.230243846273990797e-03 2.123060742515131376e-03 7.438126917011844697e-02 7.100581304239014790e-02 6.963941113289381923e-02 6.886251228427789361e-02 6.778195382073569364e-02 6.666581341456760679e-02 6.542363510705370699e-02 6.399392027148531614e-02 6.246658781928568493e-02 6.070131776981879668e-02 5.867523698317905767e-02 5.631675645786587275e-02 5.375303478691555170e-02 5.090706714749646672e-02 4.781415912389905265e-02 4.456873707831596199e-02 4.125349389367752306e-02 3.790826055741496753e-02 3.459478401247521873e-02 3.135932940598305102e-02 2.824758921194097175e-02 2.525575721083771555e-02 2.246682280398736367e-02 1.986431592318646175e-02 1.748205861699046737e-02 1.531336775942457318e-02 1.328722037680883129e-02 1.143824467809530405e-02 9.798557292954816061e-03 8.344968720347730601e-03 7.011771822087384254e-03 5.924333888493268051e-03 4.943120891546498585e-03 4.090027267615791925e-03 3.372462823120077856e-03 2.742825521377624184e-03 2.144833074612776530e-03 1.658278963667058487e-03 1.281931718389548629e-03 1.089986779061779534e-03 -1.784032598536346992e+00 -1.339234760272635383e-01 -9.280003959696618565e-02 -7.624932836046457996e-02 -6.625372768278445235e-02 -5.886488240850023396e-02 -5.317492650755895056e-02 -4.883855713545093291e-02 -4.522153076287785400e-02 -4.195215958029758357e-02 -3.889057170564154398e-02 -3.593939209518079436e-02 -3.303275457785173619e-02 -3.014201231179762519e-02 -2.726737101341223171e-02 -2.442820426071300177e-02 -2.165483437617529011e-02 -1.898203702149837274e-02 -1.644550020389564174e-02 -1.407780166854031602e-02 -1.190539511176824314e-02 -9.946931759848112384e-03 -8.212783656405922214e-03 -6.704753400545912338e-03 -5.416320315591587227e-03 -4.334034206542199640e-03 -3.439290606917293994e-03 -2.710196492520378433e-03 -2.122729911479699725e-03 -1.652762690443032503e-03 -1.278192823867091345e-03 -9.799048342819208657e-04 -7.424916297681161993e-04 -5.538825269327729214e-04 -4.048172421473465775e-04 -2.875597029987219549e-04 -1.953963159537802532e-04 -1.218895493318087990e-04 -6.023724860826561259e-05 0.000000000000000000e+00
6.557950551548763496e-02 6.291303857672776723e-02 6.136127093397504562e-02 6.011115115234667849e-02 5.879423264212023381e-02 5.748224680649797330e-02 5.615253426827365724e-02 5.471891736157259017e-02 5.323938058750253555e-02 5.163895187458621833e-02 4.988671525668836315e-02 4.798405037200900031e-02 4.596759999779662098e-02 4.380032056350168651e-02 4.147830339029635882e-02 3.909865043953870273e-02 3.666358198692320353e-02 3.420591340649670881e-02 3.175838415118368424e-02 2.934673718769114162e-02 2.699611222948278266e-02 2.471517361084721309e-02 2.254168018942113993e-02 2.048047720766444160e-02 1.849348195751654780e-02 1.668384566334446886e-02 1.494263125045540083e-02 1.333614579241633111e-02 1.184948674658233003e-02 1.048261623451995569e-02 9.165622423080924466e-03 8.061633057095849222e-03 7.002790216024028583e-03 6.053824740207804089e-03 5.170839282707440782e-03 4.383634994047226445e-03 3.675704965817161180e-03 3.043046227665502541e-03 2.545735718450354255e-03 2.301962781558471866e-03 7.060114913286680283e-02 6.796928943485835983e-02 6.723776601751860205e-02 6.692452881609298188e-02 6.634120495613771151e-02 6.569333639561630855e-02 6.489301541978576005e-02 6.388353927525099174e-02 6.274800150708267910e-02 6.135280807427948013e-02 5.967118556083769731e-02 5.762871788011194457e-02 5.534950409711295732e-02 5.275328040583371347e-02 4.987272145827667535e-02 4.680149731293004045e-02 4.362113638398247562e-02 4.037252895584741985e-02 3.711898286456009194e-02 3.390983711502006809e-02 3.079507883802494461e-02 2.777269824255540129e-02 2.493154768539289010e-02 2.225697435308060523e-02 1.978713937342206977e-02 1.751319931840338712e-02 1.537069635717089842e-02 1.339539708514914107e-02 1.161829298450199090e-02 1.001826957293200544e-02 8.535548042686346218e-03 7.283052782982648264e-03 6.134564134504163352e-03 5.109434329440307003e-03 4.216416690537551359e-03 3.409939660804293081e-03 2.631255048093905473e-03 1.962767578693885590e-03 1.398337696551427796e-03 1.009742363922096122e-03 5.947967473319576426e-01 -2.214496160891541235e-02 -2.705449236557575313e-02 -2.764086063656943232e-02 -2.726537153805841732e-02 -2.641372357771954241e-02 -2.564219085208332971e-02 -2.519901340610446530e-02 -2.471660955155252637e-02 -2.402640437660027647e-02 -2.314876845046435691e-02 -2.208915430289946913e-02 -2.084680770566516017e-02 -1.943628415355542344e-02 -1.788760947493364326e-02 -1.624136743167026858e-02 -1.454333801902424339e-02 -1.283987387601197988e-02 -1.117547831483951988e-02 -9.589659973227899689e-03 -8.114621909449145146e-03 -6.774132546324564130e-03 -5.583460963493712056e-03 -4.549368487059217425e-03 -3.670561450245204971e-03 -2.939068438095546795e-03 -2.341921341653707342e-03 -1.862801514968302026e-03 -1.483035278883169548e-03 -1.183452102359091457e-03 -9.465194149429528771e-04 -7.572250230487748450e-04 -6.038797381108204935e-04 -4.777380166681806828e-04 -3.725603332098969818e-04 -2.833758654042545949e-04 -2.060388823951275284e-04 -1.365429169382983152e-04 -7.050893233350445004e-05 0.000000000000000000e+00
6.340573693967373192e-02 6.136127093397504562e-02 6.059978453176555202e-02 5.950989047775033514e-02 5.861750978304351711e-02 5.769524799868167714e-02 5.672506669811151758e-02 5.562316074400583399e-02 5.444603328963235761e-02 5.312095225853710745e-02 5.161586753579062992e-02 4.993391477112273796e-02 4.810792498339203083e-02 4.610127614495627274e-02 4.390835304556248153e-02 4.162826066412222276e-02 3.926170296436083673e-02 3.684366937676304687e-02 3.440852054445725505e-02 3.198421544135101463e-02 2.959850061865217097e-02 2.726203749695369632e-02 2.501578307209711624e-02 2.286677315672317606e-02 2.077961221351934742e-02 1.885660985218400726e-02 1.699494700826088139e-02 1.525951992757097926e-02 1.363819778232748872e-02 1.213239983919515291e-02 1.067820212762797885e-02 9.426806295020059845e-03 8.223768862037232619e-03 7.130843094391595659e-03 6.105252921815420251e-03 5.177667679168198624e-03 4.331514332650903201e-03 3.563322838552519366e-03 2.931194435636525798e-03 2.557461460929355036e-03 6.826644161017116075e-02 6.620443023265561167e-02 6.654232746847246749e-02 6.609696468972479921e-02 6.598427164677622692e-02 6.578504100523505094e-02 6.541235430624164904e-02 6.481056943507622348e-02 6.405732804301339511e-02 6.302091515825943013e-02 6.166870268391588805e-02 5.992470803718870365e-02 5.790483188454107616e-02 5.552778082311947416e-02 5.282217048947886184e-02 4.988393094618470691e-02 4.679073414467914416e-02 4.358730060707830672e-02 4.033974021468927224e-02 3.710170628027749384e-02 3.392852295285059272e-02 3.082100176575163636e-02 2.787522550305922969e-02 2.507894361555880469e-02 2.247531871494513889e-02 2.005283053728164691e-02 1.775443974408263612e-02 1.561585129765038354e-02 1.366875251365050337e-02 1.189390488852534560e-02 1.023613517307391148e-02 8.799578704882271216e-03 7.467762536385771054e-03 6.258273667000131303e-03 5.181224002221590866e-03 4.192576679861987829e-03 3.228880143900718109e-03 2.377252991705356994e-03 1.626554692287035314e-03 1.047818746454812948e-03 2.332648703081158903e+00 6.131086199642201556e-02 2.267142605949886563e-02 9.452914934794120344e-03 2.652721226333672969e-03 -1.453113844066902544e-03 -4.505085400226333664e-03 -7.170591928229256944e-03 -9.219711487087825161e-03 -1.061742853826424388e-02 -1.151184345148185094e-02 -1.198967994931023073e-02 -1.209953693837356042e-02 -1.188796726786734044e-02 -1.140702252540950860e-02 -1.071311407763548586e-02 -9.863877777334129418e-03 -8.915004333302617087e-03 -7.918655020045269402e-03 -6.920815973784610539e-03 -5.959579841789333123e-03 -5.064214016093751373e-03 -4.255316835219171041e-03 -3.544949708572101097e-03 -2.937190811895213499e-03 -2.429492764676517962e-03 -2.014207220509997044e-03 -1.680091271807037691e-03 -1.413191962348820914e-03 -1.198569579422891851e-03 -1.022594186387249535e-03 -8.735169894805776226e-04 -7.427687448565058886e-04 -6.242655954968360198e-04 -5.141850606549129609e-04 -4.097438166700186762e-04 -3.087979360767568299e-04 -2.091657610595806793e-04 -1.082856795509283841e-04 0.000000000000000000e+00
6.167294526336791760e-02 6.011115115234667849e-02 5.950989047775033514e-02 5.911560382626075694e-02 5.860001510922088069e-02 5.803581669263179615e-02 5.740267505519361380e-02 5.661594245260848091e-02 5.572939962823450499e-02 5.467096852233878368e-02 5.340657275803702836e-02 5.194033331817052984e-02 5.030086026815494549e-02 4.845137348451766801e-02 4.638409400995006926e-02 4.420008181979447059e-02 4.189811718687935088e-02 3.951532904363530552e-02 3.708772849835938884e-02 3.464561614513463061e-02 3.221950125881575810e-02 2.982233927564660256e-02 2.749836109796510372e-02 2.525702174287989057e-02 2.306591387017830133e-02 2.102634281543779363e-02 1.904196280001274957e-02 1.717612443896828281e-02 1.541946078921126000e-02 1.377475011032032112e-02 1.218370801048789843e-02 1.078613687428166962e-02 9.440221774313707279e-03 8.204661626235639979e-03 7.037633878235993214e-03 5.970473219152977462e-03 4.986220197961587636e-03 4.081716587677342543e-03 3.312978468729248401e-03 2.805941079090557618e-03 6.645078102239163065e-02 6.478840274528528675e-02 6.497719258135919995e-02 6.554405278220412634e-02 6.583985523606426804e-02 6.605076365594972354e-02 6.607933406205213078e-02 6.586568475210406726e-02 6.548131707766194354e-02 6.479441906402576279e-02 6.376506464430474475e-02 6.231421604577692258e-02 6.054915178083527388e-02 5.838665071680101265e-02 5.585073640633506781e-02 5.303944879964826720e-02 5.002612538706540518e-02 4.685935934615056281e-02 4.360826807891023116e-02 4.033120860876896613e-02 3.708923259468852734e-02 3.388675998086765340e-02 3.082710895224786279e-02 2.790104387766575988e-02 2.515665963065487690e-02 2.258038174301871606e-02 2.012294636067057940e-02 1.781894392365956231e-02 1.570126863917280929e-02 1.375220147277763164e-02 1.192069521948275687e-02 1.030227852272684423e-02 8.789405793350314397e-03 7.397621549091271641e-03 6.138047103812853920e-03 4.967677200750945585e-03 3.817708457704567775e-03 2.779801564824798624e-03 1.837133039784934370e-03 1.058575447211442325e-03 3.778442959274718405e+00 1.326564602433267237e-01 6.580723564716615959e-02 4.208394025027736157e-02 2.933696134770496372e-02 2.111277389367397991e-02 1.483228564918694960e-02 9.481583390641173947e-03 5.228750275469253202e-03 2.013227127368103289e-03 -4.285492096054558417e-04 -2.256630742818052648e-03 -3.562533532456077165e-03 -4.420131568550808750e-03 -4.900102226461398175e-03 -5.072243269354693648e-03 -5.004182829334735683e-03 -4.759372506149647797e-03 -4.396158311728576816e-03 -3.965574286785920020e-03 -3.509942448495661886e-03 -3.062272868162841093e-03 -2.646641089743773535e-03 -2.278515445157612649e-03 -1.965466501612976331e-03 -1.708530690093062977e-03 -1.503778631119852228e-03 -1.343636471750569430e-03 -1.217724293321248473e-03 -1.114449944830132313e-03 -1.023266801394285674e-03 -9.354920020522430402e-04 -8.452271849878033316e-04 -7.489683272328316816e-04 -6.452959334295283811e-04 -5.336540296365764472e-04 -4.139973080435334850e-04 -2.861660886474948055e-04 -1.495595590171534047e-04 0.000000000000000000e+00
5.989428038332465787e-02 5.879423264212023381e-02 5.861750978304351711e-02 5.860001510922088069e-02 5.846033769139995229e-02 5.825777022217268342e-02 5.797007669297086357e-02 5.751013154171642078e-02 5.692884626284483440e-02 5.615318524820127333e-02 5.514644149968925269e-02 5.391303512979766371e-02 5.247720616823092071e-02 5.080128243951280431e-02 4.887479855948299173e-02 4.680061577402170464e-02 4.457514491838203419e-02 4.223749325222294487e-02 3.982530886528556913e-02 3.737134494005410479e-02 3.490904287844275034e-02 3.245393405319303703e-02 3.005364680407799499e-02 2.772028054686132004e-02 2.542496976378431223e-02 2.326775521691504950e-02 2.115940095602720714e-02 1.916149515337611103e-02 1.726763376201049735e-02 1.548195660221473799e-02 1.375155231873877865e-02 1.220552142983739700e-02 1.071399606752621893e-02 9.332732948504439754e-03 8.020823692857214152e-03 6.810268976587542135e-03 5.683587632239442584e-03 4.637937665787999347e-03 3.727382081869840338e-03 3.081165038416050148e-03 6.456258757021754446e-02 6.330360283769159713e-02 6.390670401881749785e-02 6.484390892843945597e-02 6.554949754985366084e-02 6.617564023209322743e-02 6.661728087135494747e-02 6.680704646912910549e-02 6.681177406099883531e-02 6.649734683496572041e-02 6.581542901489827180e-02 6.468230504903411948e-02 6.319658068955011365e-02 6.127181605313907625e-02 5.892672897963818768e-02 5.626093407850520783e-02 5.334291638247373041e-02 5.022484331004607033e-02 4.697893713173235258e-02 4.366861830716755460e-02 4.036110591650488022e-02 3.706517942076541228e-02 3.389154886446502091e-02 3.083473887370732913e-02 2.794746695491711133e-02 2.521560085606910917e-02 2.259829845713234517e-02 2.012719909317176731e-02 1.783772595783661777e-02 1.571338543463358245e-02 1.370692950578124639e-02 1.190568883695582690e-02 1.021041656656588616e-02 8.634560254296942336e-03 7.190122742268047554e-03 5.834767603193628978e-03 4.493977427635856975e-03 3.264009570392393048e-03 2.122088068274805353e-03 1.134369285130991389e-03 5.223574699788399833e+00 2.016702999848352662e-01 1.070587035948481480e-01 7.314378531444050424e-02 5.472456408879620982e-02 4.262628553323084130e-02 3.329064336287039516e-02 2.534722361349335193e-02 1.894912917715320735e-02 1.396329836461683571e-02 1.001212042396959316e-02 6.863635467306354945e-03 4.386185486293060418e-03 2.481338075530979074e-03 1.061971468886999202e-03 4.650494766546385691e-05 -6.416373559034604804e-04 -1.073115771126636640e-03 -1.312344694851093774e-03 -1.415633136183272684e-03 -1.430083393312578648e-03 -1.393182446685435356e-03 -1.333296140880019763e-03 -1.270128406767265196e-03 -1.215511190893440660e-03 -1.174768808229597261e-03 -1.148230410486453072e-03 -1.132411994684321939e-03 -1.120801175378136321e-03 -1.105326512502721910e-03 -1.078686768730534448e-03 -1.035131342996913756e-03 -9.714466870041670379e-04 -8.865512896007783248e-04 -7.812533774055872328e-04 -6.570347453658563009e-04 -5.157379155642379757e-04 -3.589708875718061049e-04 -1.878693242746854862e-04 0.000000000000000000e+00
5.816287067750791628e-02 5.748224680649797330e-02 5.769524799868167714e-02 5.803581669263179615e-02 5.825777022217268342e-02 5.841070185554556038e-02 5.846828657240524252e-02 5.834019401732932347e-02 5.807460589169487902e-02 5.759428244567788707e-02 5.685921524614600403e-02 5.587332118447180945e-02 5.465620275076487483e-02 5.316846705670801726e-02 5.139638330643575559e-02 4.944416755044658135e-02 4.730545690272394688e-02 4.502111423554335662e-02 4.263041448625179419e-02 4.016870841577150492e-02 3.767257695693894404e-02 3.516045220511813951e-02 3.268345964080204141e-02 3.025616445052990017e-02 2.785628349635455026e-02 2.557859681795386295e-02 2.334397426065462980e-02 2.121123362034737364e-02 1.917743406318887095e-02 1.724801732717228323e-02 1.537520911807548248e-02 1.367790520573253059e-02 1.203765961285284750e-02 1.050731090424115131e-02 9.046827535635390549e-03 7.688775328240678684e-03 6.414970976981052356e-03 5.222739740258947570e-03 4.163968302825189066e-03 3.369811068744878613e-03 6.272379435538683046e-02 6.183016018940201003e-02 6.280548001497121557e-02 6.409281140615985528e-02 6.518929208452627078e-02 6.622074320516513346e-02 6.707915507052503168e-02 6.767857035912032415e-02 6.808768741463418206e-02 6.816448418612112981e-02 6.785099031119920521e-02 6.705702009432443211e-02 6.587229029451123485e-02 6.420576989095130860e-02 6.207004759626015555e-02 5.956545713640581247e-02 5.675512247663581922e-02 5.369445456079312978e-02 5.045893780167482606e-02 4.711752971271188778e-02 4.374417582290951456e-02 4.035293539520918432e-02 3.706219054263728413e-02 3.387224485198509633e-02 3.083336844228874371e-02 2.794215783316290891e-02 2.516361626808455085e-02 2.252158025034732211e-02 2.005751191580507076e-02 1.775554126374953579e-02 1.557188118773278687e-02 1.358587944769656247e-02 1.170604509413278142e-02 9.943601305277643271e-03 8.311202851112692649e-03 6.766790824902894214e-03 5.229807010538115898e-03 3.800676163231388269e-03 2.450034525433636510e-03 1.239358917981955074e-03 6.624924430365015660e+00 2.675994506421500163e-01 1.462695405858597253e-01 1.026733218839695067e-01 7.895672728126755524e-02 6.329095912670119894e-02 5.111763366009103304e-02 4.070934581711060929e-02 3.225692413556309479e-02 2.557884600278540962e-02 2.018360480606444518e-02 1.576762576297164459e-02 1.216115179773562954e-02 9.243439574077800050e-03 6.912818723187481515e-03 5.077386005472292463e-03 3.652686337099479447e-03 2.561615625207753783e-03 1.734214978351476420e-03 1.109250822022331056e-03 6.350782804607655804e-04 2.698955535442864478e-04 -1.882088296779722511e-05 -2.548924681268967284e-04 -4.542878105646750006e-04 -6.264868110754116858e-04 -7.759389687275477197e-04 -9.031121368661182338e-04 -1.005235029217869166e-03 -1.077642383119310331e-03 -1.116174255132833205e-03 -1.117922840541139004e-03 -1.082275978970099594e-03 -1.010499589915331200e-03 -9.055627780360926389e-04 -7.709264312416667366e-04 -6.102685987162390947e-04 -4.269236830267857975e-04 -2.237322324716954907e-04 0.000000000000000000e+00
5.644976202210191807e-02 5.615253426827365724e-02 5.672506669811151758e-02 5.740267505519361380e-02 5.797007669297086357e-02 5.846828657240524252e-02 5.887213337545327274e-02 5.907663141548119556e-02 5.914070802337571819e-02 5.897099869381963039e-02 5.852463599062521227e-02 5.780427433830680195e-02 5.682457017575523461e-02 5.554343535700632245e-02 5.394318141862270571e-02 5.212864898152602677e-02 5.009022181688558423e-02 4.787017794424259370e-02 4.550938205397262598e-02 4.304594788369129482e-02 4.051985308724392193e-02 3.795283299669295618e-02 3.539982669855779723e-02 3.287969746103944213e-02 3.036868319394652599e-02 2.796868849793919878e-02 2.560692078522936593e-02 2.333591624502508524e-02 2.115895623216941870e-02 1.908248671344832045e-02 1.706363168613649756e-02 1.521152663199219768e-02 1.341869114721618711e-02 1.173504852813578477e-02 1.012141662491335484e-02 8.610797750134640063e-03 7.184126956429505786e-03 5.838688350823010263e-03 4.623808704049020557e-03 3.670602254638044831e-03 6.090450516995333380e-02 6.034430565031239507e-02 6.165690983238156925e-02 6.326918585539716144e-02 6.473507259895754096e-02 6.616305397109994990e-02 6.742854421861323166e-02 6.843821677971803630e-02 6.927403940290426110e-02 6.976522614177715909e-02 6.984562302258115474e-02 6.941697249014032456e-02 6.856005838321274637e-02 6.717766880642220273e-02 6.527523964068471241e-02 6.295250672850638551e-02 6.026656757287564281e-02 5.727553818608717429e-02 5.405828317707814246e-02 5.068980514918068614e-02 4.725138193571200296e-02 4.376322372599692617e-02 4.035124853600741829e-02 3.701814230213579943e-02 3.383519293480129198e-02 3.077327666590991620e-02 2.783966322175860514e-02 2.501875783571756717e-02 2.237579984114059992e-02 1.989274828715283799e-02 1.752868947053031964e-02 1.535505918580007574e-02 1.328758374363777153e-02 1.133509336400318965e-02 9.510617529381159424e-03 7.771917997356655311e-03 6.032267910775718743e-03 4.395423434134120878e-03 2.824699318239953880e-03 1.374279282421821775e-03 7.978314809248042039e+00 3.305352577365396893e-01 1.835805743156622150e-01 1.308108700694816384e-01 1.021439033737908259e-01 8.317415852371480567e-02 6.835021722566822500e-02 5.559916729596124652e-02 4.518468677160938224e-02 3.689198739990230680e-02 3.011644142946173081e-02 2.448385739594154467e-02 1.978851360548784105e-02 1.588960463742677964e-02 1.267285314160639456e-02 1.003757393809717909e-02 7.892595795700880698e-03 6.155232697350472570e-03 4.750602806897263886e-03 3.612991991242155924e-03 2.686532705701732450e-03 1.925337931129329078e-03 1.292907188123059055e-03 7.614469998727003020e-04 3.109826839531475476e-04 -7.200049809631725898e-05 -3.959586278447059320e-04 -6.652058210970156682e-04 -8.806212815792609358e-04 -1.040867387717257612e-03 -1.144855466672758124e-03 -1.192459863012915785e-03 -1.185613294723010178e-03 -1.127874869199872732e-03 -1.024325822466532355e-03 -8.803631081003798851e-04 -7.014626334701510365e-04 -4.926588090806154237e-04 -2.584837262234985990e-04 0.000000000000000000e+00
5.466278499472019409e-02 5.471891736157259017e-02 5.562316074400583399e-02 5.661594245260848091e-02 5.751013154171642078e-02 5.834019401732932347e-02 5.907663141548119556e-02 5.965927496233952576e-02 6.004326532715519721e-02 6.019848819832034764e-02 6.005992100306958154e-02 5.962671437729230584e-02 5.890778457692493614e-02 5.785692214200564842e-02 5.645153682359140002e-02 5.479604067874795092e-02 5.287683688647900476e-02 5.073706963548086507e-02 4.841906356546926693e-02 4.596382253964825110e-02 4.341496232536522920e-02 4.079786668364257518e-02 3.817143635469410351e-02 3.555815493178310360e-02 3.293996975785147552e-02 3.041975171203605693e-02 2.791401256271196230e-02 2.550651341636453115e-02 2.318378909321060222e-02 2.095671912194207662e-02 1.878746485235847918e-02 1.677605431194843441e-02 1.482558292246962187e-02 1.298315949282662085e-02 1.121049734922183010e-02 9.541012828029786855e-03 7.954678333473460400e-03 6.448622826956031638e-03 5.069329027166096652e-03 3.945995274157010346e-03 5.900059456817633580e-02 5.874860311515994749e-02 6.036618394418193090e-02 6.227569517136202076e-02 6.408365170397570254e-02 6.588207481268509857e-02 6.753870871372621987e-02 6.904216937185533864e-02 7.028098328351660429e-02 7.120618590181540530e-02 7.170777771158295955e-02 7.167482411283560007e-02 7.117871293115059228e-02 7.011356611806084105e-02 6.847621354434298147e-02 6.636380880076465927e-02 6.382641462464735960e-02 6.092396211127192041e-02 5.773874694778292210e-02 5.435240540554445166e-02 5.085436449260899439e-02 4.727217562371389264e-02 4.374021753298206611e-02 4.026819468953486691e-02 3.693406420404701795e-02 3.373245228950033647e-02 3.053953227662007525e-02 2.756942935344807930e-02 2.474986569825763510e-02 2.208401263039184298e-02 1.953617523590354260e-02 1.717082422591625565e-02 1.491073598391755642e-02 1.276243562482112272e-02 1.073927249003252087e-02 8.798450919150439115e-03 6.847496353230853212e-03 4.992517305831334351e-03 3.189158604707241843e-03 1.481938020521374666e-03 9.414253779197830241e+00 3.956529088802389627e-01 2.217161866357109101e-01 1.594109206673781920e-01 1.256726465377442092e-01 1.033668503008672718e-01 8.591118269595128532e-02 7.086361799047931342e-02 5.852399846863146071e-02 4.863427694764884540e-02 4.048266001294121424e-02 3.362903437724742983e-02 2.783436523768387932e-02 2.293959823725932531e-02 1.881924488857438654e-02 1.536490849936739816e-02 1.247948837730214304e-02 1.007527798501156244e-02 8.072860234694133330e-03 6.402294855222066122e-03 5.003655251119943498e-03 3.827060548586123760e-03 2.832090648579174523e-03 1.987008712575458452e-03 1.267852031362044773e-03 6.570830260941830587e-04 1.422502518037125805e-04 -2.847989683424949001e-04 -6.285913554775897057e-04 -8.911237520723845791e-04 -1.074384640222078536e-03 -1.181045467208626529e-03 -1.215599610421067792e-03 -1.183914532993182245e-03 -1.093204691881381578e-03 -9.508279008064025699e-04 -7.640866841252141363e-04 -5.397517444949777006e-04 -2.840930710801601688e-04 0.000000000000000000e+00
5.286173972576790892e-02 5.323938058750253555e-02 5.444603328963235761e-02 5.572939962823450499e-02 5.692884626284483440e-02 5.807460589169487902e-02 5.914070802337571819e-02 6.004326532715519721e-02 6.078002477622708455e-02 6.127579030130934218e-02 6.146391338170122121e-02 6.134014608003365843e-02 6.090678763573274118e-02 6.011173415028706057e-02 5.892656592740837945e-02 5.745398860165505661e-02 5.567547621988364059e-02 5.363434643402786861e-02 5.137422114771460213e-02 4.893914368694303463e-02 4.637665845258168856e-02 4.371619617904742156e-02 4.102086590965094842e-02 3.831718191575142485e-02 3.559230075287844741e-02 3.294686754012413760e-02 3.031692789124893969e-02 2.776728769046701156e-02 2.529811161603585934e-02 2.292048223155041323e-02 2.060076438477407082e-02 1.843019955532883281e-02 1.632194851353369058e-02 1.432019427278365988e-02 1.238742681667446416e-02 1.055727211332597656e-02 8.808454036239388510e-03 7.137586819611373146e-03 5.587651827962829276e-03 4.283442990666452670e-03 5.708346420659478337e-02 5.711198900170991188e-02 5.900217185728119651e-02 6.117952662335836289e-02 6.330096293340393976e-02 6.544761721457292847e-02 6.749380168308034833e-02 6.938184577405934195e-02 7.108435219645800607e-02 7.246734984735213325e-02 7.341879202422661732e-02 7.381341618079573230e-02 7.371395089163573777e-02 7.300241863516032659e-02 7.166559477117410981e-02 6.979554222409531383e-02 6.743389385137363301e-02 6.464120069668570501e-02 6.150316705324055527e-02 5.810866283530173593e-02 5.455608605773419606e-02 5.088135245999561573e-02 4.722751309261477570e-02 4.361115476251978262e-02 4.011614578062884517e-02 3.673024291078617887e-02 3.340803844523036747e-02 3.024429495202453702e-02 2.724037495632898945e-02 2.438996838565983885e-02 2.165894487966913556e-02 1.910393400843217807e-02 1.665384320362504542e-02 1.431242403827746694e-02 1.209285466292052066e-02 9.950831951709268944e-03 7.788539788669617166e-03 5.712492800434595779e-03 3.669799717825143574e-03 1.691852600941794790e-03 1.075029686803238960e+01 4.559523316782138624e-01 2.570037090855026851e-01 1.859112174734901812e-01 1.475256813866862304e-01 1.221843817166245183e-01 1.023783697404656995e-01 8.531619744147522777e-02 7.127031125899813135e-02 5.993045441657893907e-02 5.050374306488647491e-02 4.250178533543103043e-02 3.566149806329446670e-02 2.981112113041935185e-02 2.481771773687883181e-02 2.056785621285754997e-02 1.696042342053235077e-02 1.390407048061479897e-02 1.131583568854948978e-02 9.122264915189092632e-03 7.259884862697085078e-03 5.675183476474181601e-03 4.324084273103838763e-03 3.171092257581859843e-03 2.188388604879729950e-03 1.354506479399894244e-03 6.530638877189381313e-04 7.211636503587591496e-05 -3.964872002294497744e-04 -7.580634316201967328e-04 -1.017672070445251042e-03 -1.180775699757047889e-03 -1.254418867144304912e-03 -1.246762510318456547e-03 -1.167137447319697941e-03 -1.024846074807363693e-03 -8.290031326839310396e-04 -5.881116820980063263e-04 -3.101903336646872527e-04 0.000000000000000000e+00
5.096639494084479610e-02 5.163895187458621833e-02 5.312095225853710745e-02 5.467096852233878368e-02 5.615318524820127333e-02 5.759428244567788707e-02 5.897099869381963039e-02 6.019848819832034764e-02 6.127579030130934218e-02 6.211893854691406813e-02 6.264732895527366785e-02 6.285680542545160621e-02 6.273767425852060098e-02 6.222852958348466801e-02 6.129414919329396333e-02 6.003409373009820776e-02 5.842338019939484484e-02 5.650450391924247140e-02 5.432205717581277404e-02 5.192318895232228559e-02 4.935963705780542499e-02 4.666525632052785644e-02 4.390768928360896245e-02 4.111796882598438285e-02 3.828918915158077002e-02 3.552094900198661531e-02 3.276168102020253492e-02 3.007133679581196206e-02 2.745499969548413632e-02 2.492572089687427814e-02 2.245346688744849148e-02 2.012164046365720951e-02 1.785298220404438890e-02 1.568879570324139411e-02 1.359230899277980888e-02 1.159738350288442785e-02 9.681302916321578647e-03 7.839994151120377799e-03 6.112529731296491471e-03 4.617332957076541317e-03 5.506032092930344263e-02 5.534782823011494962e-02 5.748040682488572001e-02 5.989646163797212458e-02 6.230068118722608544e-02 6.476522920476640577e-02 6.717029686606118544e-02 6.945546330882293451e-02 7.159705138636913990e-02 7.344442707677928395e-02 7.486852081800733638e-02 7.572280639618779452e-02 7.606274190505181443e-02 7.574962056653897213e-02 7.475857170444281941e-02 7.317328354507182664e-02 7.102477308750181073e-02 6.837236541885649554e-02 6.530489971915523495e-02 6.191903044627728586e-02 5.832307423052628809e-02 5.456250799515285216e-02 5.078987313527792008e-02 4.702997295950817058e-02 4.337482166277829149e-02 3.981565539230628309e-02 3.632127040835442244e-02 3.297477960440752670e-02 2.978683936252489103e-02 2.675096046964713439e-02 2.383531170690171563e-02 2.108918863270354757e-02 1.844724060160007895e-02 1.591036507890960378e-02 1.349149344976247229e-02 1.114383555023753039e-02 8.765464090050046134e-03 6.461295890412794424e-03 4.169632625429660691e-03 1.906061946073129903e-03 1.211901756016645315e+01 5.166007945676229784e-01 2.921232792140408541e-01 2.121096088528483525e-01 1.690333166805928211e-01 1.406733460045517248e-01 1.186470103488169864e-01 9.979125765872889908e-02 8.421247832383960130e-02 7.151508386049344745e-02 6.085828447825046561e-02 5.172776497613026242e-02 4.384657910133274439e-02 3.703552880438763795e-02 3.115752526463490962e-02 2.609636859174764220e-02 2.174853524657152301e-02 1.802017785839577294e-02 1.482561444585677422e-02 1.208846041784881163e-02 9.742104747549700655e-03 7.729675136051037711e-03 6.003619159217540163e-03 4.524787698283344942e-03 3.261560873056546048e-03 2.188561653236256645e-03 1.285475322122498930e-03 5.365486639557736888e-04 -7.002309183260272372e-05 -5.429163846400066442e-04 -8.903003799357634166e-04 -1.120472536067856299e-03 -1.243063351641744132e-03 -1.268559270433976044e-03 -1.208438877405894948e-03 -1.073979525910851406e-03 -8.761358078943769397e-04 -6.251756468269019937e-04 -3.309025193520119686e-04 0.000000000000000000e+00
4.894557887151450987e-02 4.988671525668836315e-02 5.161586753579062992e-02 5.340657275803702836e-02 5.514644149968925269e-02 5.685921524614600403e-02 5.852463599062521227e-02 6.005992100306958154e-02 6.146391338170122121e-02 6.264732895527366785e-02 6.359383847734353945e-02 6.409539054362274613e-02 6.431926460530211498e-02 6.412655470742512076e-02 6.347541773021204980e-02 6.246093849203099291e-02 6.104923260691387521e-02 5.928061420852294428e-02 5.720005609415843711e-02 5.485768981808843842e-02 5.230958716213187504e-02 4.959428759569747130e-02 4.678426024209644818e-02 4.391548587508808249e-02 4.098784185178388356e-02 3.809727278788264254e-02 3.521243847009126321e-02 3.238265539915188840e-02 2.961925280725512602e-02 2.694023584122584233e-02 2.431375423981158024e-02 2.181959581901994627e-02 1.938890632613302425e-02 1.706011357364397088e-02 1.479702800196500828e-02 1.263393690732311260e-02 1.054634208234880681e-02 8.529316666909944264e-03 6.617743926680108232e-03 4.922189528197698678e-03 5.289752623932909154e-02 5.342292047680836931e-02 5.576668531998306422e-02 5.839027063048837091e-02 6.104389893405034323e-02 6.379242769311911643e-02 6.652367568957477661e-02 6.918020752005862861e-02 7.173836677666126094e-02 7.404157117183289560e-02 7.599458125376049034e-02 7.728250356956213596e-02 7.811031463717624246e-02 7.824403349137722119e-02 7.764957403331043673e-02 7.639874226948258074e-02 7.450876522548326164e-02 7.203509542227583273e-02 6.906897668352747488e-02 6.571510016817755373e-02 6.209250443411887255e-02 5.825725757929185039e-02 5.437220010599663755e-02 5.047152251052685473e-02 4.665657892173181998e-02 4.292767588761535469e-02 3.925438279889387899e-02 3.572508484499871406e-02 3.235235717413578738e-02 2.913066164688550216e-02 2.602974955821147143e-02 2.309226494497563370e-02 2.025799405978959827e-02 1.752482928226722220e-02 1.490554254308888715e-02 1.234926381817597237e-02 9.751807144417215523e-03 7.214056247024036583e-03 4.665478714663741193e-03 2.103735833323134696e-03 1.359072877757056474e+01 5.803852829961256843e-01 3.285435730597348059e-01 2.390060724217783206e-01 1.909484795969182691e-01 1.594344894474016006e-01 1.352226074007417678e-01 1.147358114610369934e-01 9.775528528261226424e-02 8.375819764322833816e-02 7.188723413397307693e-02 6.162318251906657302e-02 5.268411620875625839e-02 4.488768032268917324e-02 3.809527607855205805e-02 3.218980916947656451e-02 2.706674012690617886e-02 2.263078012773750078e-02 1.879433555206943413e-02 1.547869080271317005e-02 1.261452736061097722e-02 1.014189829149890823e-02 8.009953874846714381e-03 6.175977169984880367e-03 4.604568469075928129e-03 3.266413423252460552e-03 2.137206003307592483e-03 1.197306628352798157e-03 4.311624519762845406e-04 -1.733678398900545677e-04 -6.276674373306045029e-04 -9.429771315345943138e-04 -1.131611520513109643e-03 -1.206477643407897994e-03 -1.181294221127100405e-03 -1.069402443979418880e-03 -8.836820384201015191e-04 -6.362535220022162274e-04 -3.387932069327848116e-04 0.000000000000000000e+00
4.680044696630147188e-02 4.798405037200900031e-02 4.993391477112273796e-02 5.194033331817052984e-02 5.391303512979766371e-02 5.587332118447180945e-02 5.780427433830680195e-02 5.962671437729230584e-02 6.134014608003365843e-02 6.285680542545160621e-02 6.409539054362274613e-02 6.507284965641287056e-02 6.561793319313830031e-02 6.576542253705097707e-02 6.542741831078356662e-02 6.469220754618705549e-02 6.351251302553734268e-02 6.192470047164919111e-02 5.997318295617931616e-02 5.771068701594039146e-02 5.519757884446908902e-02 5.247717893075888596e-02 4.962697587680174605e-02 4.668803942315036259e-02 4.366640896058343602e-02 4.068902535504493462e-02 3.766221589971020800e-02 3.469624515657548230e-02 3.179083534049304688e-02 2.895727371502122838e-02 2.618340558104262708e-02 2.353084729861791569e-02 2.094146713541062549e-02 1.845113612871419548e-02 1.602396706553720768e-02 1.369537204991149067e-02 1.143842153286723541e-02 9.247375379099826570e-03 7.152573166089398922e-03 5.255286771676525269e-03 5.060213395346309373e-02 5.134265312698618050e-02 5.386901246077457905e-02 5.667092751293897196e-02 5.954187116845331001e-02 6.254049487014300135e-02 6.556339756603896118e-02 6.855828515740287898e-02 7.150097040541610049e-02 7.423419071330780716e-02 7.660607933863190777e-02 7.856889371797023958e-02 7.983143152168277468e-02 8.044671768498633246e-02 8.029556827871897617e-02 7.942974576540967613e-02 7.784677293650318908e-02 7.559425976986766660e-02 7.276435776094158925e-02 6.946953607588811364e-02 6.584011271406420285e-02 6.194363458096022179e-02 5.795422386565941136e-02 5.391705901426593894e-02 4.994600869739139470e-02 4.601453526563452356e-02 4.218411327094783586e-02 3.847397057290488642e-02 3.491793684147664195e-02 3.151136182955113774e-02 2.822818829716342362e-02 2.510305612004895201e-02 2.208069402504573425e-02 1.915587393390614374e-02 1.634186962305623353e-02 1.358091490767619411e-02 1.076960650775099157e-02 8.002114335570860437e-03 5.199069251661215044e-03 2.337966509932039218e-03 1.518624893847275992e+01 6.483651532041504462e-01 3.668971683316705756e-01 2.670889360991240413e-01 2.136952408496809452e-01 1.788486820129228105e-01 1.524122875338110583e-01 1.303515155026567229e-01 1.120232916135749518e-01 9.674772125705584369e-02 8.366387804329109001e-02 7.225627125096874270e-02 6.224120498399684370e-02 5.343483712883280445e-02 4.569842932879160380e-02 3.891526705112894474e-02 3.298096529469556754e-02 2.779984442942108960e-02 2.328331623529809533e-02 1.935108776065985400e-02 1.593172268301797784e-02 1.296263080592444279e-02 1.038996271723143308e-02 8.167613942919449768e-03 6.256496606530844058e-03 4.623381843858610785e-03 3.239948399908974298e-03 2.082616515963634906e-03 1.132005783011247801e-03 3.724146532747753691e-04 -2.108533949638355853e-04 -6.320904345559297342e-04 -9.063961767678378485e-04 -1.049200257074968000e-03 -1.076561701544046781e-03 -1.003990944384987706e-03 -8.464010037797273884e-04 -6.178854881468537601e-04 -3.321285629796402305e-04 0.000000000000000000e+00
4.456795898374428522e-02 4.596759999779662098e-02 4.810792498339203083e-02 5.030086026815494549e-02 5.247720616823092071e-02 5.465620275076487483e-02 5.682457017575523461e-02 5.890778457692493614e-02 6.090678763573274118e-02 6.273767425852060098e-02 6.431926460530211498e-02 6.561793319313830031e-02 6.655208089531268467e-02 6.706734077613694944e-02 6.706937594911618894e-02 6.664844843916452322e-02 6.573607716864787731e-02 6.436333190913899605e-02 6.257277023945087557e-02 6.041890175082056946e-02 5.796599222611924923e-02 5.526197293771719504e-02 5.238952264583486562e-02 4.939533783894615310e-02 4.629453658116403775e-02 4.319835139807304963e-02 4.006616574290940841e-02 3.697221430888292248e-02 3.392956726563884501e-02 3.095396079788159324e-02 2.803377778345142804e-02 2.522652487284382516e-02 2.248177179056306402e-02 1.983274090576132506e-02 1.724277141259650953e-02 1.475051296815550229e-02 1.232465162876385419e-02 9.958816408811504289e-03 7.678389047882434003e-03 5.573976652339497975e-03 4.820796658231875365e-02 4.914484761318473061e-02 5.182197255925852925e-02 5.476872648168944202e-02 5.782031092118553733e-02 6.103017159426865623e-02 6.430469740154744207e-02 6.759846320974693956e-02 7.088840423768877352e-02 7.402303796146167403e-02 7.685786007357962857e-02 7.924455358122457771e-02 8.106985186808585153e-02 8.221397754682886749e-02 8.255391877022612290e-02 8.212864190076848980e-02 8.090865069390486275e-02 7.892938957866789396e-02 7.628161996119850463e-02 7.308441624000500125e-02 6.947916418975925990e-02 6.554510045284049624e-02 6.146802666379160701e-02 5.730483961836746465e-02 5.318108936083013050e-02 4.909808420517683403e-02 4.508181190346852857e-02 4.119195009984998046e-02 3.745504552368161127e-02 3.386771839956054242e-02 3.040558596937708788e-02 2.709706664502123732e-02 2.389092620951198745e-02 2.077847187279216121e-02 1.777582054357772223e-02 1.481131511534093843e-02 1.178848780205837485e-02 8.791067860214196381e-03 5.730575881289630587e-03 2.562208657944687294e-03 1.671823190644442647e+01 7.132658964755163034e-01 4.034214955062588870e-01 2.938146296227195364e-01 2.353627064813502423e-01 1.973873796341041598e-01 1.689011950094973791e-01 1.454260351113281224e-01 1.258871948762748105e-01 1.094468715378446588e-01 9.524427612761511563e-02 8.276974287325727930e-02 7.173929030621691016e-02 6.196932875167228405e-02 5.332293415380292417e-02 4.568576050983463865e-02 3.895548076973794072e-02 3.303778436521068174e-02 2.784466460727941586e-02 2.329559682597815914e-02 1.931813373593295122e-02 1.584792041886726524e-02 1.282878508801242774e-02 1.021174271369026249e-02 7.954388556306072125e-03 6.019845559804073987e-03 4.375965757243346042e-03 2.995362328422327206e-03 1.854913495115972661e-03 9.354103156380690846e-04 2.188758879251062378e-04 -3.120185136148685245e-04 -6.751472111232864615e-04 -8.884606095424360441e-04 -9.703578111829773770e-04 -9.385235233197368552e-04 -8.099110251849976063e-04 -6.005968797223991016e-04 -3.262808881162859438e-04 0.000000000000000000e+00
