6.904105078951441876e-02 6.557950551548763496e-02 6.340573693967373192e-02 6.167294526336791760e-02 5.989428038332465787e-02 5.816287067750791628e-02 5.644976202210191807e-02 5.466278499472019409e-02 5.286173972576790892e-02 5.096639494084479610e-02 4.894557887151450987e-02 4.680044696630147188e-02 4.456795898374428522e-02 4.221198838014076499e-02 3.972933584993235123e-02 3.721707202128991115e-02 3.467742029240731411e-02 3.214237911656186997e-02 2.964367574412473533e-02 2.720539046882351764e-02 2.485052564876134504e-02 2.258626794954316994e-02 2.044783651571197361e-02 1.843855354949392247e-02 1.651696837237928359e-02 1.478935585200430620e-02 1.313759438292335865e-02 1.163197711771453424e-02 1.025432625559851568e-02 9.003141463513841120e-03 7.800899152508254317e-03 6.827510144155260821e-03 5.896872686888428999e-03 5.078539320922772701e-03 4.326833329586210301e-03 3.671204390635324395e-03 3.094946232221989797e-03 2.593382386675121155e-03 2.230243846273990797e-03 2.123060742515131376e-03 7.438126917011844697e-02 7.100581304239014790e-02 6.963941113289381923e-02 6.886251228427789361e-02 6.778195382073569364e-02 6.666581341456760679e-02 6.542363510705370699e-02 6.399392027148531614e-02 6.246658781928568493e-02 6.070131776981879668e-02 5.867523698317905767e-02 5.631675645786587275e-02 5.375303478691555170e-02 5.090706714749646672e-02 4.781415912389905265e-02 4.456873707831596199e-02 4.125349389367752306e-02 3.790826055741496753e-02 3.459478401247521873e-02 3.135932940598305102e-02 2.824758921194097175e-02 2.525575721083771555e-02 2.246682280398736367e-02 1.986431592318646175e-02 1.748205861699046737e-02 1.531336775942457318e-02 1.328722037680883129e-02 1.143824467809530405e-02 9.798557292954816061e-03 8.344968720347730601e-03 7.011771822087384254e-03 5.924333888493268051e-03 4.943120891546498585e-03 4.090027267615791925e-03 3.372462823120077856e-03 2.742825521377624184e-03 2.144833074612776530e-03 1.658278963667058487e-03 1.281931718389548629e-03 1.089986779061779534e-03 1.586008785514914641e-04 1.681272688744462381e-04 2.048403516732294342e-04 5.232760271675929728e-04 5.079708111300260511e-04 4.917202855022910404e-04 4.085737472050023186e-04 6.299289377379454309e-04 1.712153587111059914e-04 1.074580619776260750e-04 -5.385100625285338838e-05 -2.337870539080240981e-04 -2.327706714290294905e-04 -2.937990438253453951e-04 -4.106258348801387838e-04 -5.410908502298558513e-04 -6.988129467631179264e-04 -8.897932211877232446e-04 -1.100154982634626551e-03 -1.279471651736314563e-03 -1.390393992249901785e-03 -1.428894142319079045e-03 -1.390140226141098681e-03 -1.260052135486060742e-03 -1.105069701879543825e-03 -1.028441972223571779e-03 -1.433474072203223988e-03 -1.328074653416358832e-03 -1.256111550816527448e-03 -1.288140778643253508e-03 -1.327970510355043965e-03 -1.313593960097510878e-03 -1.292661999571665526e-03 -1.290821346395633904e-03 -1.280083605352458050e-03 -1.227000692962198266e-03 -1.136855625253789482e-03 -1.040162094288259566e-03 -9.426972807452768969e-04 -8.617138283170987841e-04
6.557950551548763496e-02 6.291303857672776723e-02 6.136127093397504562e-02 6.011115115234667849e-02 5.879423264212023381e-02 5.748224680649797330e-02 5.615253426827365724e-02 5.471891736157259017e-02 5.323938058750253555e-02 5.163895187458621833e-02 4.988671525668836315e-02 4.798405037200900031e-02 4.596759999779662098e-02 4.380032056350168651e-02 4.147830339029635882e-02 3.909865043953870273e-02 3.666358198692320353e-02 3.420591340649670881e-02 3.175838415118368424e-02 2.934673718769114162e-02 2.699611222948278266e-02 2.471517361084721309e-02 2.254168018942113993e-02 2.048047720766444160e-02 1.849348195751654780e-02 1.668384566334446886e-02 1.494263125045540083e-02 1.333614579241633111e-02 1.184948674658233003e-02 1.048261623451995569e-02 9.165622423080924466e-03 8.061633057095849222e-03 7.002790216024028583e-03 6.053824740207804089e-03 5.170839282707440782e-03 4.383634994047226445e-03 3.675704965817161180e-03 3.043046227665502541e-03 2.545735718450354255e-03 2.301962781558471866e-03 7.060114913286680283e-02 6.796928943485835983e-02 6.723776601751860205e-02 6.692452881609298188e-02 6.634120495613771151e-02 6.569333639561630855e-02 6.489301541978576005e-02 6.388353927525099174e-02 6.274800150708267910e-02 6.135280807427948013e-02 5.967118556083769731e-02 5.762871788011194457e-02 5.534950409711295732e-02 5.275328040583371347e-02 4.987272145827667535e-02 4.680149731293004045e-02 4.362113638398247562e-02 4.037252895584741985e-02 3.711898286456009194e-02 3.390983711502006809e-02 3.079507883802494461e-02 2.777269824255540129e-02 2.493154768539289010e-02 2.225697435308060523e-02 1.978713937342206977e-02 1.751319931840338712e-02 1.537069635717089842e-02 1.339539708514914107e-02 1.161829298450199090e-02 1.001826957293200544e-02 8.535548042686346218e-03 7.283052782982648264e-03 6.134564134504163352e-03 5.109434329440307003e-03 4.216416690537551359e-03 3.409939660804293081e-03 2.631255048093905473e-03 1.962767578693885590e-03 1.398337696551427796e-03 1.009742363922096122e-03 1.540046521781524773e-04 5.214492432777620586e-05 2.890321243906924961e-05 3.166921671849334688e-04 2.981926758033040178e-04 3.090255593551617880e-04 2.824467192995782868e-04 5.932762110024052214e-04 2.422707063577680356e-04 3.032477351525655917e-04 2.854983062270550760e-04 2.501340958876482998e-04 3.826850760265213002e-04 4.363141838684575524e-04 4.273272028976228803e-04 3.901788354496254184e-04 3.112359285468921919e-04 1.838207792181857289e-04 2.100550196290839288e-05 -1.278132546054715029e-04 -2.255563023786937460e-04 -2.676037052990812835e-04 -2.488261476696562941e-04 -1.554821138259009344e-04 -4.985248044480661571e-05 -2.901503211040836966e-05 -4.731146216983693367e-04 -4.470976479013341782e-04 -4.634838540046533925e-04 -5.876996352101856785e-04 -7.238786274861275759e-04 -8.087741752483130998e-04 -8.857634372811561867e-04 -9.776850896219069567e-04 -1.056619850954491294e-03 -1.089692031283246137e-03 -1.082331851822313602e-03 -1.065548386624367650e-03 -1.043603534212384767e-03 -1.022084995253498465e-03
6.340573693967373192e-02 6.136127093397504562e-02 6.059978453176555202e-02 5.950989047775033514e-02 5.861750978304351711e-02 5.769524799868167714e-02 5.672506669811151758e-02 5.562316074400583399e-02 5.444603328963235761e-02 5.312095225853710745e-02 5.161586753579062992e-02 4.993391477112273796e-02 4.810792498339203083e-02 4.610127614495627274e-02 4.390835304556248153e-02 4.162826066412222276e-02 3.926170296436083673e-02 3.684366937676304687e-02 3.440852054445725505e-02 3.198421544135101463e-02 2.959850061865217097e-02 2.726203749695369632e-02 2.501578307209711624e-02 2.286677315672317606e-02 2.077961221351934742e-02 1.885660985218400726e-02 1.699494700826088139e-02 1.525951992757097926e-02 1.363819778232748872e-02 1.213239983919515291e-02 1.067820212762797885e-02 9.426806295020059845e-03 8.223768862037232619e-03 7.130843094391595659e-03 6.105252921815420251e-03 5.177667679168198624e-03 4.331514332650903201e-03 3.563322838552519366e-03 2.931194435636525798e-03 2.557461460929355036e-03 6.826644161017116075e-02 6.620443023265561167e-02 6.654232746847246749e-02 6.609696468972479921e-02 6.598427164677622692e-02 6.578504100523505094e-02 6.541235430624164904e-02 6.481056943507622348e-02 6.405732804301339511e-02 6.302091515825943013e-02 6.166870268391588805e-02 5.992470803718870365e-02 5.790483188454107616e-02 5.552778082311947416e-02 5.282217048947886184e-02 4.988393094618470691e-02 4.679073414467914416e-02 4.358730060707830672e-02 4.033974021468927224e-02 3.710170628027749384e-02 3.392852295285059272e-02 3.082100176575163636e-02 2.787522550305922969e-02 2.507894361555880469e-02 2.247531871494513889e-02 2.005283053728164691e-02 1.775443974408263612e-02 1.561585129765038354e-02 1.366875251365050337e-02 1.189390488852534560e-02 1.023613517307391148e-02 8.799578704882271216e-03 7.467762536385771054e-03 6.258273667000131303e-03 5.181224002221590866e-03 4.192576679861987829e-03 3.228880143900718109e-03 2.377252991705356994e-03 1.626554692287035314e-03 1.047818746454812948e-03 1.561897001927974244e-04 -5.669038869195393608e-05 -1.317732990117169033e-04 1.241493572229778082e-04 1.001267653941491527e-04 1.335107070616394496e-04 1.568163619822643645e-04 5.577978178225036872e-04 3.154188678017280818e-04 4.955223402883171405e-04 6.179387161527247468e-04 7.214553665036209330e-04 9.870534352021554519e-04 1.155043111437792066e-03 1.242434826290207640e-03 1.285885771088116384e-03 1.271192468454446656e-03 1.191244444274204388e-03 1.058841601503395305e-03 9.227385429741763500e-04 8.201097291416851445e-04 7.566497904440562094e-04 7.383954039746880998e-04 7.794724061209933009e-04 8.211058200839934772e-04 7.709896010696847208e-04 2.655235141388957764e-04 1.993838545764186341e-04 8.254554182367978459e-05 -1.466422361011784534e-04 -3.915087318874021301e-04 -5.864776918464645198e-04 -7.708749555223477204e-04 -9.646586956090283512e-04 -1.138907496213700538e-03 -1.260543434541148543e-03 -1.336957940942937661e-03 -1.403477364181723820e-03 -1.466236254052436091e-03 -1.525187569219990918e-03
6.167294526336791760e-02 6.011115115234667849e-02 5.950989047775033514e-02 5.911560382626075694e-02 5.860001510922088069e-02 5.803581669263179615e-02 5.740267505519361380e-02 5.661594245260848091e-02 5.572939962823450499e-02 5.467096852233878368e-02 5.340657275803702836e-02 5.194033331817052984e-02 5.030086026815494549e-02 4.845137348451766801e-02 4.638409400995006926e-02 4.420008181979447059e-02 4.189811718687935088e-02 3.951532904363530552e-02 3.708772849835938884e-02 3.464561614513463061e-02 3.221950125881575810e-02 2.982233927564660256e-02 2.749836109796510372e-02 2.525702174287989057e-02 2.306591387017830133e-02 2.102634281543779363e-02 1.904196280001274957e-02 1.717612443896828281e-02 1.541946078921126000e-02 1.377475011032032112e-02 1.218370801048789843e-02 1.078613687428166962e-02 9.440221774313707279e-03 8.204661626235639979e-03 7.037633878235993214e-03 5.970473219152977462e-03 4.986220197961587636e-03 4.081716587677342543e-03 3.312978468729248401e-03 2.805941079090557618e-03 6.645078102239163065e-02 6.478840274528528675e-02 6.497719258135919995e-02 6.554405278220412634e-02 6.583985523606426804e-02 6.605076365594972354e-02 6.607933406205213078e-02 6.586568475210406726e-02 6.548131707766194354e-02 6.479441906402576279e-02 6.376506464430474475e-02 6.231421604577692258e-02 6.054915178083527388e-02 5.838665071680101265e-02 5.585073640633506781e-02 5.303944879964826720e-02 5.002612538706540518e-02 4.685935934615056281e-02 4.360826807891023116e-02 4.033120860876896613e-02 3.708923259468852734e-02 3.388675998086765340e-02 3.082710895224786279e-02 2.790104387766575988e-02 2.515665963065487690e-02 2.258038174301871606e-02 2.012294636067057940e-02 1.781894392365956231e-02 1.570126863917280929e-02 1.375220147277763164e-02 1.192069521948275687e-02 1.030227852272684423e-02 8.789405793350314397e-03 7.397621549091271641e-03 6.138047103812853920e-03 4.967677200750945585e-03 3.817708457704567775e-03 2.779801564824798624e-03 1.837133039784934370e-03 1.058575447211442325e-03 1.463785678967095437e-04 -1.651690137819783564e-04 -3.026132994195293428e-04 -9.177998593822424105e-05 -1.348561302484665373e-04 -9.244076680975980246e-05 -3.105377813122951741e-05 4.512323457459815196e-04 3.077163863363465736e-04 5.995909666250596147e-04 8.571893651396982712e-04 1.098335247618043237e-03 1.499941939456344393e-03 1.788711547888034324e-03 1.980633638578098259e-03 2.115967445860128613e-03 2.179847370935140190e-03 2.164643936833590254e-03 2.082680093619734742e-03 1.981584734426537157e-03 1.898075037907262117e-03 1.838420370184313439e-03 1.809028457622154648e-03 1.823829002370753452e-03 1.826998790993420319e-03 1.730442045528014089e-03 1.186681056719715707e-03 1.048688243298376331e-03 8.484438107866400236e-04 5.271522340554381410e-04 1.810149106056682742e-04 -1.233817966665321040e-04 -4.225721644949129900e-04 -7.346741146731229329e-04 -1.030338106426390704e-03 -1.276201195543845033e-03 -1.480867010961053757e-03 -1.682489943588874473e-03 -1.887301021153048796e-03 -2.089702888923442806e-03
5.989428038332465787e-02 5.879423264212023381e-02 5.861750978304351711e-02 5.860001510922088069e-02 5.846033769139995229e-02 5.825777022217268342e-02 5.797007669297086357e-02 5.751013154171642078e-02 5.692884626284483440e-02 5.615318524820127333e-02 5.514644149968925269e-02 5.391303512979766371e-02 5.247720616823092071e-02 5.080128243951280431e-02 4.887479855948299173e-02 4.680061577402170464e-02 4.457514491838203419e-02 4.223749325222294487e-02 3.982530886528556913e-02 3.737134494005410479e-02 3.490904287844275034e-02 3.245393405319303703e-02 3.005364680407799499e-02 2.772028054686132004e-02 2.542496976378431223e-02 2.326775521691504950e-02 2.115940095602720714e-02 1.916149515337611103e-02 1.726763376201049735e-02 1.548195660221473799e-02 1.375155231873877865e-02 1.220552142983739700e-02 1.071399606752621893e-02 9.332732948504439754e-03 8.020823692857214152e-03 6.810268976587542135e-03 5.683587632239442584e-03 4.637937665787999347e-03 3.727382081869840338e-03 3.081165038416050148e-03 6.456258757021754446e-02 6.330360283769159713e-02 6.390670401881749785e-02 6.484390892843945597e-02 6.554949754985366084e-02 6.617564023209322743e-02 6.661728087135494747e-02 6.680704646912910549e-02 6.681177406099883531e-02 6.649734683496572041e-02 6.581542901489827180e-02 6.468230504903411948e-02 6.319658068955011365e-02 6.127181605313907625e-02 5.892672897963818768e-02 5.626093407850520783e-02 5.334291638247373041e-02 5.022484331004607033e-02 4.697893713173235258e-02 4.366861830716755460e-02 4.036110591650488022e-02 3.706517942076541228e-02 3.389154886446502091e-02 3.083473887370732913e-02 2.794746695491711133e-02 2.521560085606910917e-02 2.259829845713234517e-02 2.012719909317176731e-02 1.783772595783661777e-02 1.571338543463358245e-02 1.370692950578124639e-02 1.190568883695582690e-02 1.021041656656588616e-02 8.634560254296942336e-03 7.190122742268047554e-03 5.834767603193628978e-03 4.493977427635856975e-03 3.264009570392393048e-03 2.122088068274805353e-03 1.134369285130991389e-03 1.428523979685216154e-04 -2.634957341168148474e-04 -4.592298932541204280e-04 -2.916835345473950554e-04 -3.521923870878701447e-04 -3.000128844119904744e-04 -1.989762287947078570e-04 3.670916714616485974e-04 3.215021636495468075e-04 7.242015690112497397e-04 1.114939223528242694e-03 1.492075886648473650e-03 2.028482523442856622e-03 2.436980878934084417e-03 2.731007589053544363e-03 2.955075956287166791e-03 3.093513937922863933e-03 3.138120911016048942e-03 3.100718737329193932e-03 3.027719815381980147e-03 2.955351508694415309e-03 2.890564901476099045e-03 2.840333054744241699e-03 2.818665057844227384e-03 2.773032471368833650e-03 2.619969412588774114e-03 2.028548767082770810e-03 1.810833069304098675e-03 1.521337632769186867e-03 1.104710693315858567e-03 6.571121877135731532e-04 2.464418835479787254e-04 -1.607630905373521029e-04 -5.806471634213448150e-04 -9.834857651508754732e-04 -1.335922130147886846e-03 -1.648230893800889515e-03 -1.961861760719996184e-03 -2.283916701740942683e-03 -2.605310312356963649e-03
5.816287067750791628e-02 5.748224680649797330e-02 5.769524799868167714e-02 5.803581669263179615e-02 5.825777022217268342e-02 5.841070185554556038e-02 5.846828657240524252e-02 5.834019401732932347e-02 5.807460589169487902e-02 5.759428244567788707e-02 5.685921524614600403e-02 5.587332118447180945e-02 5.465620275076487483e-02 5.316846705670801726e-02 5.139638330643575559e-02 4.944416755044658135e-02 4.730545690272394688e-02 4.502111423554335662e-02 4.263041448625179419e-02 4.016870841577150492e-02 3.767257695693894404e-02 3.516045220511813951e-02 3.268345964080204141e-02 3.025616445052990017e-02 2.785628349635455026e-02 2.557859681795386295e-02 2.334397426065462980e-02 2.121123362034737364e-02 1.917743406318887095e-02 1.724801732717228323e-02 1.537520911807548248e-02 1.367790520573253059e-02 1.203765961285284750e-02 1.050731090424115131e-02 9.046827535635390549e-03 7.688775328240678684e-03 6.414970976981052356e-03 5.222739740258947570e-03 4.163968302825189066e-03 3.369811068744878613e-03 6.272379435538683046e-02 6.183016018940201003e-02 6.280548001497121557e-02 6.409281140615985528e-02 6.518929208452627078e-02 6.622074320516513346e-02 6.707915507052503168e-02 6.767857035912032415e-02 6.808768741463418206e-02 6.816448418612112981e-02 6.785099031119920521e-02 6.705702009432443211e-02 6.587229029451123485e-02 6.420576989095130860e-02 6.207004759626015555e-02 5.956545713640581247e-02 5.675512247663581922e-02 5.369445456079312978e-02 5.045893780167482606e-02 4.711752971271188778e-02 4.374417582290951456e-02 4.035293539520918432e-02 3.706219054263728413e-02 3.387224485198509633e-02 3.083336844228874371e-02 2.794215783316290891e-02 2.516361626808455085e-02 2.252158025034732211e-02 2.005751191580507076e-02 1.775554126374953579e-02 1.557188118773278687e-02 1.358587944769656247e-02 1.170604509413278142e-02 9.943601305277643271e-03 8.311202851112692649e-03 6.766790824902894214e-03 5.229807010538115898e-03 3.800676163231388269e-03 2.450034525433636510e-03 1.239358917981955074e-03 1.399991549345683749e-04 -3.579023344647329309e-04 -6.129813467031288441e-04 -4.917209412439003816e-04 -5.731733795503887946e-04 -5.151802145809068192e-04 -3.770545196381772535e-04 2.723972538347431156e-04 3.216650742896158587e-04 8.332620499064852812e-04 1.355664094172863649e-03 1.868921502234439100e-03 2.542061437489748828e-03 3.073584041594848524e-03 3.472802073047660028e-03 3.789355644517669163e-03 4.006645273372198661e-03 4.115818647798387235e-03 4.128077717913559291e-03 4.088343223593802686e-03 4.032085361333661265e-03 3.966780151634039138e-03 3.899854574000079146e-03 3.845328579585385181e-03 3.753977099691519284e-03 3.547039950767771899e-03 2.910335422905647139e-03 2.614885489672084517e-03 2.237986379973269831e-03 1.727790280208017261e-03 1.180227518210471985e-03 6.643060227903580667e-04 1.495491085236131789e-04 -3.783134844195087053e-04 -8.892915303704884743e-04 -1.350088638710912657e-03 -1.772582599309290323e-03 -2.201236435784011385e-03 -2.643815264781437541e-03 -3.088634159318129260e-03
5.644976202210191807e-02 5.615253426827365724e-02 5.672506669811151758e-02 5.740267505519361380e-02 5.797007669297086357e-02 5.846828657240524252e-02 5.887213337545327274e-02 5.907663141548119556e-02 5.914070802337571819e-02 5.897099869381963039e-02 5.852463599062521227e-02 5.780427433830680195e-02 5.682457017575523461e-02 5.554343535700632245e-02 5.394318141862270571e-02 5.212864898152602677e-02 5.009022181688558423e-02 4.787017794424259370e-02 4.550938205397262598e-02 4.304594788369129482e-02 4.051985308724392193e-02 3.795283299669295618e-02 3.539982669855779723e-02 3.287969746103944213e-02 3.036868319394652599e-02 2.796868849793919878e-02 2.560692078522936593e-02 2.333591624502508524e-02 2.115895623216941870e-02 1.908248671344832045e-02 1.706363168613649756e-02 1.521152663199219768e-02 1.341869114721618711e-02 1.173504852813578477e-02 1.012141662491335484e-02 8.610797750134640063e-03 7.184126956429505786e-03 5.838688350823010263e-03 4.623808704049020557e-03 3.670602254638044831e-03 6.090450516995333380e-02 6.034430565031239507e-02 6.165690983238156925e-02 6.326918585539716144e-02 6.473507259895754096e-02 6.616305397109994990e-02 6.742854421861323166e-02 6.843821677971803630e-02 6.927403940290426110e-02 6.976522614177715909e-02 6.984562302258115474e-02 6.941697249014032456e-02 6.856005838321274637e-02 6.717766880642220273e-02 6.527523964068471241e-02 6.295250672850638551e-02 6.026656757287564281e-02 5.727553818608717429e-02 5.405828317707814246e-02 5.068980514918068614e-02 4.725138193571200296e-02 4.376322372599692617e-02 4.035124853600741829e-02 3.701814230213579943e-02 3.383519293480129198e-02 3.077327666590991620e-02 2.783966322175860514e-02 2.501875783571756717e-02 2.237579984114059992e-02 1.989274828715283799e-02 1.752868947053031964e-02 1.535505918580007574e-02 1.328758374363777153e-02 1.133509336400318965e-02 9.510617529381159424e-03 7.771917997356655311e-03 6.032267910775718743e-03 4.395423434134120878e-03 2.824699318239953880e-03 1.374279282421821775e-03 1.378771988700713521e-04 -4.497865952577871597e-04 -7.662015996199487370e-04 -6.948574617558728010e-04 -8.015065479831998390e-04 -7.425960581769325535e-04 -5.716095619220597137e-04 1.588063767761112299e-04 2.979753618367383255e-04 9.160712838600965253e-04 1.568923606000606312e-03 2.218909939225217377e-03 3.031348022612391242e-03 3.689898785704389186e-03 4.198151011706517492e-03 4.611674176812364731e-03 4.912770627598246273e-03 5.091799638033974763e-03 5.159166027387782766e-03 5.157968931363713337e-03 5.122618336650568323e-03 5.060951348463708574e-03 4.980751005252084633e-03 4.896010683697648094e-03 4.760875166642751163e-03 4.501442642014122884e-03 3.820597409557911685e-03 3.448129474856712843e-03 2.984483780785447595e-03 2.381418646255008438e-03 1.734431265340346303e-03 1.113423509110347516e-03 4.908544302586546459e-04 -1.457427157064371780e-04 -7.662197734786853473e-04 -1.337401208147836421e-03 -1.872691071340166309e-03 -2.419260329530450136e-03 -2.985278258576308432e-03 -3.557175270168256350e-03
5.466278499472019409e-02 5.471891736157259017e-02 5.562316074400583399e-02 5.661594245260848091e-02 5.751013154171642078e-02 5.834019401732932347e-02 5.907663141548119556e-02 5.965927496233952576e-02 6.004326532715519721e-02 6.019848819832034764e-02 6.005992100306958154e-02 5.962671437729230584e-02 5.890778457692493614e-02 5.785692214200564842e-02 5.645153682359140002e-02 5.479604067874795092e-02 5.287683688647900476e-02 5.073706963548086507e-02 4.841906356546926693e-02 4.596382253964825110e-02 4.341496232536522920e-02 4.079786668364257518e-02 3.817143635469410351e-02 3.555815493178310360e-02 3.293996975785147552e-02 3.041975171203605693e-02 2.791401256271196230e-02 2.550651341636453115e-02 2.318378909321060222e-02 2.095671912194207662e-02 1.878746485235847918e-02 1.677605431194843441e-02 1.482558292246962187e-02 1.298315949282662085e-02 1.121049734922183010e-02 9.541012828029786855e-03 7.954678333473460400e-03 6.448622826956031638e-03 5.069329027166096652e-03 3.945995274157010346e-03 5.900059456817633580e-02 5.874860311515994749e-02 6.036618394418193090e-02 6.227569517136202076e-02 6.408365170397570254e-02 6.588207481268509857e-02 6.753870871372621987e-02 6.904216937185533864e-02 7.028098328351660429e-02 7.120618590181540530e-02 7.170777771158295955e-02 7.167482411283560007e-02 7.117871293115059228e-02 7.011356611806084105e-02 6.847621354434298147e-02 6.636380880076465927e-02 6.382641462464735960e-02 6.092396211127192041e-02 5.773874694778292210e-02 5.435240540554445166e-02 5.085436449260899439e-02 4.727217562371389264e-02 4.374021753298206611e-02 4.026819468953486691e-02 3.693406420404701795e-02 3.373245228950033647e-02 3.053953227662007525e-02 2.756942935344807930e-02 2.474986569825763510e-02 2.208401263039184298e-02 1.953617523590354260e-02 1.717082422591625565e-02 1.491073598391755642e-02 1.276243562482112272e-02 1.073927249003252087e-02 8.798450919150439115e-03 6.847496353230853212e-03 4.992517305831334351e-03 3.189158604707241843e-03 1.481938020521374666e-03 1.337963327358182998e-04 -5.400240187061890011e-04 -9.199496732324541435e-04 -9.013948509512949119e-04 -1.035832290753824648e-03 -9.790216342015999312e-04 -7.781029271279019284e-04 3.242106184812280792e-05 2.600479009967537804e-04 9.901455761266919273e-04 1.781483751581806494e-03 2.578252137979326810e-03 3.541486495018785017e-03 4.339163867329457434e-03 4.967432745905068538e-03 5.488389707235866860e-03 5.883213527004538951e-03 6.141536592769089413e-03 6.272994875989997172e-03 6.318718224764428501e-03 6.311889345335042027e-03 6.260609320469212244e-03 6.172934754904500602e-03 6.062765829230599458e-03 5.887615299309464922e-03 5.578515022088033695e-03 4.855635309373363372e-03 4.407516763838935023e-03 3.858088548285790436e-03 3.162881577266004728e-03 2.416825842115520595e-03 1.690568619837029942e-03 9.595473165064209459e-04 2.131451250468295328e-04 -5.183419696107222953e-04 -1.201847606382288377e-03 -1.852097865742966930e-03 -2.518461823494404662e-03 -3.209016487949213452e-03 -3.908625662857218540e-03
5.286173972576790892e-02 5.323938058750253555e-02 5.444603328963235761e-02 5.572939962823450499e-02 5.692884626284483440e-02 5.807460589169487902e-02 5.914070802337571819e-02 6.004326532715519721e-02 6.078002477622708455e-02 6.127579030130934218e-02 6.146391338170122121e-02 6.134014608003365843e-02 6.090678763573274118e-02 6.011173415028706057e-02 5.892656592740837945e-02 5.745398860165505661e-02 5.567547621988364059e-02 5.363434643402786861e-02 5.137422114771460213e-02 4.893914368694303463e-02 4.637665845258168856e-02 4.371619617904742156e-02 4.102086590965094842e-02 3.831718191575142485e-02 3.559230075287844741e-02 3.294686754012413760e-02 3.031692789124893969e-02 2.776728769046701156e-02 2.529811161603585934e-02 2.292048223155041323e-02 2.060076438477407082e-02 1.843019955532883281e-02 1.632194851353369058e-02 1.432019427278365988e-02 1.238742681667446416e-02 1.055727211332597656e-02 8.808454036239388510e-03 7.137586819611373146e-03 5.587651827962829276e-03 4.283442990666452670e-03 5.708346420659478337e-02 5.711198900170991188e-02 5.900217185728119651e-02 6.117952662335836289e-02 6.330096293340393976e-02 6.544761721457292847e-02 6.749380168308034833e-02 6.938184577405934195e-02 7.108435219645800607e-02 7.246734984735213325e-02 7.341879202422661732e-02 7.381341618079573230e-02 7.371395089163573777e-02 7.300241863516032659e-02 7.166559477117410981e-02 6.979554222409531383e-02 6.743389385137363301e-02 6.464120069668570501e-02 6.150316705324055527e-02 5.810866283530173593e-02 5.455608605773419606e-02 5.088135245999561573e-02 4.722751309261477570e-02 4.361115476251978262e-02 4.011614578062884517e-02 3.673024291078617887e-02 3.340803844523036747e-02 3.024429495202453702e-02 2.724037495632898945e-02 2.438996838565983885e-02 2.165894487966913556e-02 1.910393400843217807e-02 1.665384320362504542e-02 1.431242403827746694e-02 1.209285466292052066e-02 9.950831951709268944e-03 7.788539788669617166e-03 5.712492800434595779e-03 3.669799717825143574e-03 1.691852600941794790e-03 1.336264229990027116e-04 -6.245871172221821718e-04 -1.067638384522597884e-03 -1.102119506608765283e-03 -1.266793392425971275e-03 -1.218742482144190113e-03 -9.998228200857966173e-04 -1.232029654334647979e-04 1.734707674464278906e-04 1.005274560232321266e-03 1.926593431706591364e-03 2.863952207357431910e-03 3.974633434729643762e-03 4.910279131718862412e-03 5.657906901194804418e-03 6.286807490282306232e-03 6.776934727464090785e-03 7.117141585888478797e-03 7.316176650121609948e-03 7.412907211216840722e-03 7.439003480775119824e-03 7.402667972640719629e-03 7.312094615461875793e-03 7.180975620681080349e-03 6.970165132855110982e-03 6.615683588568272051e-03 5.855294474601690016e-03 5.335792571161496363e-03 4.705020604978162914e-03 3.922338814980361882e-03 3.081751926878894144e-03 2.254303902379076446e-03 1.418327114325017161e-03 5.649749151958906312e-04 -2.754635772230521677e-04 -1.070155560405188118e-03 -1.835044891999457672e-03 -2.621251984196581661e-03 -3.436337309266789940e-03 -4.264160478124340813e-03
5.096639494084479610e-02 5.163895187458621833e-02 5.312095225853710745e-02 5.467096852233878368e-02 5.615318524820127333e-02 5.759428244567788707e-02 5.897099869381963039e-02 6.019848819832034764e-02 6.127579030130934218e-02 6.211893854691406813e-02 6.264732895527366785e-02 6.285680542545160621e-02 6.273767425852060098e-02 6.222852958348466801e-02 6.129414919329396333e-02 6.003409373009820776e-02 5.842338019939484484e-02 5.650450391924247140e-02 5.432205717581277404e-02 5.192318895232228559e-02 4.935963705780542499e-02 4.666525632052785644e-02 4.390768928360896245e-02 4.111796882598438285e-02 3.828918915158077002e-02 3.552094900198661531e-02 3.276168102020253492e-02 3.007133679581196206e-02 2.745499969548413632e-02 2.492572089687427814e-02 2.245346688744849148e-02 2.012164046365720951e-02 1.785298220404438890e-02 1.568879570324139411e-02 1.359230899277980888e-02 1.159738350288442785e-02 9.681302916321578647e-03 7.839994151120377799e-03 6.112529731296491471e-03 4.617332957076541317e-03 5.506032092930344263e-02 5.534782823011494962e-02 5.748040682488572001e-02 5.989646163797212458e-02 6.230068118722608544e-02 6.476522920476640577e-02 6.717029686606118544e-02 6.945546330882293451e-02 7.159705138636913990e-02 7.344442707677928395e-02 7.486852081800733638e-02 7.572280639618779452e-02 7.606274190505181443e-02 7.574962056653897213e-02 7.475857170444281941e-02 7.317328354507182664e-02 7.102477308750181073e-02 6.837236541885649554e-02 6.530489971915523495e-02 6.191903044627728586e-02 5.832307423052628809e-02 5.456250799515285216e-02 5.078987313527792008e-02 4.702997295950817058e-02 4.337482166277829149e-02 3.981565539230628309e-02 3.632127040835442244e-02 3.297477960440752670e-02 2.978683936252489103e-02 2.675096046964713439e-02 2.383531170690171563e-02 2.108918863270354757e-02 1.844724060160007895e-02 1.591036507890960378e-02 1.349149344976247229e-02 1.114383555023753039e-02 8.765464090050046134e-03 6.461295890412794424e-03 4.169632625429660691e-03 1.906061946073129903e-03 1.343126479113887224e-04 -7.050342719003388318e-04 -1.214878667616889471e-03 -1.302750595019339444e-03 -1.499670946962525144e-03 -1.465997028010731888e-03 -1.239256544620420154e-03 -3.062462202483250931e-04 3.809383134025620037e-05 9.733107986145666385e-04 2.028171091259472255e-03 3.112288538526291216e-03 4.379176148407353496e-03 5.463002621919990989e-03 6.339648599530608997e-03 7.085853293425203869e-03 7.680292537992542030e-03 8.111104692557590326e-03 8.386176527584873752e-03 8.541968415984755800e-03 8.608483342792806400e-03 8.593945876328707920e-03 8.506605924438850538e-03 8.359854739227236611e-03 8.117839060332230489e-03 7.721587460182308300e-03 6.926692187550616449e-03 6.338042447817713795e-03 5.627827719379750390e-03 4.759415754925594606e-03 3.825642320541148070e-03 2.897680098696879362e-03 1.956760473363917171e-03 9.958351615692194111e-04 4.510532975056947685e-05 -8.629232297115619786e-04 -1.745187877618744861e-03 -2.653873435950184975e-03 -3.595359976424733397e-03 -4.552774553413196229e-03
4.894557887151450987e-02 4.988671525668836315e-02 5.161586753579062992e-02 5.340657275803702836e-02 5.514644149968925269e-02 5.685921524614600403e-02 5.852463599062521227e-02 6.005992100306958154e-02 6.146391338170122121e-02 6.264732895527366785e-02 6.359383847734353945e-02 6.409539054362274613e-02 6.431926460530211498e-02 6.412655470742512076e-02 6.347541773021204980e-02 6.246093849203099291e-02 6.104923260691387521e-02 5.928061420852294428e-02 5.720005609415843711e-02 5.485768981808843842e-02 5.230958716213187504e-02 4.959428759569747130e-02 4.678426024209644818e-02 4.391548587508808249e-02 4.098784185178388356e-02 3.809727278788264254e-02 3.521243847009126321e-02 3.238265539915188840e-02 2.961925280725512602e-02 2.694023584122584233e-02 2.431375423981158024e-02 2.181959581901994627e-02 1.938890632613302425e-02 1.706011357364397088e-02 1.479702800196500828e-02 1.263393690732311260e-02 1.054634208234880681e-02 8.529316666909944264e-03 6.617743926680108232e-03 4.922189528197698678e-03 5.289752623932909154e-02 5.342292047680836931e-02 5.576668531998306422e-02 5.839027063048837091e-02 6.104389893405034323e-02 6.379242769311911643e-02 6.652367568957477661e-02 6.918020752005862861e-02 7.173836677666126094e-02 7.404157117183289560e-02 7.599458125376049034e-02 7.728250356956213596e-02 7.811031463717624246e-02 7.824403349137722119e-02 7.764957403331043673e-02 7.639874226948258074e-02 7.450876522548326164e-02 7.203509542227583273e-02 6.906897668352747488e-02 6.571510016817755373e-02 6.209250443411887255e-02 5.825725757929185039e-02 5.437220010599663755e-02 5.047152251052685473e-02 4.665657892173181998e-02 4.292767588761535469e-02 3.925438279889387899e-02 3.572508484499871406e-02 3.235235717413578738e-02 2.913066164688550216e-02 2.602974955821147143e-02 2.309226494497563370e-02 2.025799405978959827e-02 1.752482928226722220e-02 1.490554254308888715e-02 1.234926381817597237e-02 9.751807144417215523e-03 7.214056247024036583e-03 4.665478714663741193e-03 2.103735833323134696e-03 1.227755860877152141e-04 -7.785335471151212010e-04 -1.370146409173258898e-03 -1.489906481833190794e-03 -1.699790754322448756e-03 -1.665518539164142532e-03 -1.422466988999739144e-03 -4.198259375215655613e-04 -9.744228446160937149e-05 9.568807086401745488e-04 2.150186862615722453e-03 3.385265406512378596e-03 4.814095847040678056e-03 6.053199682509212767e-03 7.065798841576721376e-03 7.936356983251076358e-03 8.642339545768519538e-03 9.171267938827573282e-03 9.530173760261802587e-03 9.752946127437255378e-03 9.867735391521265803e-03 9.882662164509078626e-03 9.805890711865005577e-03 9.650343764094879845e-03 9.383310730001988287e-03 8.950753346040113759e-03 8.126244922417395419e-03 7.472778255467752220e-03 6.687299818576396618e-03 5.737388751393714126e-03 4.714449985768480629e-03 3.689481199759781730e-03 2.646601559419056379e-03 1.580596002246218703e-03 5.214785559873130706e-04 -4.987037872525765768e-04 -1.497592905454487710e-03 -2.527564757256078529e-03 -3.592991290694623127e-03 -4.676431283991152633e-03
4.680044696630147188e-02 4.798405037200900031e-02 4.993391477112273796e-02 5.194033331817052984e-02 5.391303512979766371e-02 5.587332118447180945e-02 5.780427433830680195e-02 5.962671437729230584e-02 6.134014608003365843e-02 6.285680542545160621e-02 6.409539054362274613e-02 6.507284965641287056e-02 6.561793319313830031e-02 6.576542253705097707e-02 6.542741831078356662e-02 6.469220754618705549e-02 6.351251302553734268e-02 6.192470047164919111e-02 5.997318295617931616e-02 5.771068701594039146e-02 5.519757884446908902e-02 5.247717893075888596e-02 4.962697587680174605e-02 4.668803942315036259e-02 4.366640896058343602e-02 4.068902535504493462e-02 3.766221589971020800e-02 3.469624515657548230e-02 3.179083534049304688e-02 2.895727371502122838e-02 2.618340558104262708e-02 2.353084729861791569e-02 2.094146713541062549e-02 1.845113612871419548e-02 1.602396706553720768e-02 1.369537204991149067e-02 1.143842153286723541e-02 9.247375379099826570e-03 7.152573166089398922e-03 5.255286771676525269e-03 5.060213395346309373e-02 5.134265312698618050e-02 5.386901246077457905e-02 5.667092751293897196e-02 5.954187116845331001e-02 6.254049487014300135e-02 6.556339756603896118e-02 6.855828515740287898e-02 7.150097040541610049e-02 7.423419071330780716e-02 7.660607933863190777e-02 7.856889371797023958e-02 7.983143152168277468e-02 8.044671768498633246e-02 8.029556827871897617e-02 7.942974576540967613e-02 7.784677293650318908e-02 7.559425976986766660e-02 7.276435776094158925e-02 6.946953607588811364e-02 6.584011271406420285e-02 6.194363458096022179e-02 5.795422386565941136e-02 5.391705901426593894e-02 4.994600869739139470e-02 4.601453526563452356e-02 4.218411327094783586e-02 3.847397057290488642e-02 3.491793684147664195e-02 3.151136182955113774e-02 2.822818829716342362e-02 2.510305612004895201e-02 2.208069402504573425e-02 1.915587393390614374e-02 1.634186962305623353e-02 1.358091490767619411e-02 1.076960650775099157e-02 8.002114335570860437e-03 5.199069251661215044e-03 2.337966509932039218e-03 1.165054051094551065e-04 -9.017123946577175735e-04 -1.347906652560155495e-03 -1.654544602488149628e-03 -1.932992927675806528e-03 -1.960758196132635685e-03 -1.801597571027892340e-03 -9.645799660631680693e-04 1.531548757603186790e-05 9.895283185458341770e-04 2.264847216622407466e-03 3.627118483913542839e-03 5.209186013410413603e-03 6.603813146768233028e-03 7.757445368614961437e-03 8.760826672787901115e-03 9.589208686671181828e-03 1.022877888675054539e-02 1.068511580403413118e-02 1.098895121931042079e-02 1.116611346151845721e-02 1.122429456765390056e-02 1.117128786180227561e-02 1.101926215432099537e-02 1.073839007979047154e-02 1.027941845052915068e-02 9.434050411559414401e-03 8.723604574424739799e-03 7.870255506432060830e-03 6.846071829064498057e-03 5.740795215966148536e-03 4.624965610266497038e-03 3.485637297231028615e-03 2.319548351321507745e-03 1.156503241739281719e-03 2.803200825258758013e-05 -1.083717593712126221e-03 -2.230096207505218725e-03 -3.412307883694174100e-03 -4.612248685604298376e-03
4.456795898374428522e-02 4.596759999779662098e-02 4.810792498339203083e-02 5.030086026815494549e-02 5.247720616823092071e-02 5.465620275076487483e-02 5.682457017575523461e-02 5.890778457692493614e-02 6.090678763573274118e-02 6.273767425852060098e-02 6.431926460530211498e-02 6.561793319313830031e-02 6.655208089531268467e-02 6.706734077613694944e-02 6.706937594911618894e-02 6.664844843916452322e-02 6.573607716864787731e-02 6.436333190913899605e-02 6.257277023945087557e-02 6.041890175082056946e-02 5.796599222611924923e-02 5.526197293771719504e-02 5.238952264583486562e-02 4.939533783894615310e-02 4.629453658116403775e-02 4.319835139807304963e-02 4.006616574290940841e-02 3.697221430888292248e-02 3.392956726563884501e-02 3.095396079788159324e-02 2.803377778345142804e-02 2.522652487284382516e-02 2.248177179056306402e-02 1.983274090576132506e-02 1.724277141259650953e-02 1.475051296815550229e-02 1.232465162876385419e-02 9.958816408811504289e-03 7.678389047882434003e-03 5.573976652339497975e-03 4.820796658231875365e-02 4.914484761318473061e-02 5.182197255925852925e-02 5.476872648168944202e-02 5.782031092118553733e-02 6.103017159426865623e-02 6.430469740154744207e-02 6.759846320974693956e-02 7.088840423768877352e-02 7.402303796146167403e-02 7.685786007357962857e-02 7.924455358122457771e-02 8.106985186808585153e-02 8.221397754682886749e-02 8.255391877022612290e-02 8.212864190076848980e-02 8.090865069390486275e-02 7.892938957866789396e-02 7.628161996119850463e-02 7.308441624000500125e-02 6.947916418975925990e-02 6.554510045284049624e-02 6.146802666379160701e-02 5.730483961836746465e-02 5.318108936083013050e-02 4.909808420517683403e-02 4.508181190346852857e-02 4.119195009984998046e-02 3.745504552368161127e-02 3.386771839956054242e-02 3.040558596937708788e-02 2.709706664502123732e-02 2.389092620951198745e-02 2.077847187279216121e-02 1.777582054357772223e-02 1.481131511534093843e-02 1.178848780205837485e-02 8.791067860214196381e-03 5.730575881289630587e-03 2.562208657944687294e-03 1.224277070973663214e-04 -9.446960633807814948e-04 -1.558697851488430059e-03 -1.870131176640693312e-03 -2.157892242236583019e-03 -2.191779918360837933e-03 -2.012147935429968448e-03 -1.050085953432928392e-03 -3.887958903231736318e-04 7.592936750008986773e-04 2.176456221100821035e-03 3.686873796079586166e-03 5.431430646205887523e-03 6.986791419645727030e-03 8.284518246438939831e-03 9.423425761758426333e-03 1.037747044180086300e-02 1.113198919117734317e-02 1.169127828780837028e-02 1.208281561389774536e-02 1.232992623346885683e-02 1.243968371218518928e-02 1.241922793343990146e-02 1.227958560002347793e-02 1.199339858379707205e-02 1.151592047100219798e-02 1.065717737773729488e-02 9.896805573752730928e-03 8.982755970022276298e-03 7.891757788302176252e-03 6.711459473287107770e-03 5.511490059544180316e-03 4.281778589095933465e-03 3.021014422989535143e-03 1.758605734920585216e-03 5.253280396275582156e-04 -6.965339498048331388e-04 -1.956240868669635504e-03 -3.250977998530970529e-03 -4.562596468859510604e-03
