3.379252019807129151e-03 3.290132718368907194e-03 3.208146072699479077e-03 3.126233407036462224e-03 3.049547791954620481e-03 2.971592551619688626e-03 2.888880047752870155e-03 2.813161242033208800e-03 2.726586984329515927e-03 2.638322033720142800e-03 2.559678326109855392e-03 2.463645315782211562e-03 2.374856398327162329e-03 2.282561980818430605e-03 2.193417905007251888e-03 2.096820221533420188e-03 2.012167446502568895e-03 1.902938092897342014e-03 1.802183120671847468e-03 1.704712759654409627e-03 1.608238016714958959e-03 1.512573373613321616e-03 1.411991638257732284e-03 1.298586722972461856e-03 1.214483999946262436e-03 1.124186833035576826e-03 1.032867992017630831e-03 9.518062373319437306e-04 8.717922728149395074e-04 7.951452951755522179e-04 6.874532935099861514e-04 6.101950481547475588e-04 5.068938123876662663e-04 4.289096333472746324e-04 3.685313564284459068e-04 3.210273240529802380e-04 2.339247875083872146e-04 1.824366378373859217e-04 1.034926368858987873e-04 4.934704360996673272e-05 3.379251820598028113e-03 3.290959008904551127e-03 3.208166561934732829e-03 3.127059468088540326e-03 3.047139033577165278e-03 2.967624795579202647e-03 2.880427714324639878e-03 2.803799249305895420e-03 2.709541323322229005e-03 2.615632498405855329e-03 2.535732606795491201e-03 2.415749047909274659e-03 2.327405961999198455e-03 2.228881244863010341e-03 2.133530923923730293e-03 2.034543268250585141e-03 1.944819354042262062e-03 1.831831028649704481e-03 1.727569735949061437e-03 1.627841311746933270e-03 1.532666728253582892e-03 1.435762909054755882e-03 1.337532093988634584e-03 1.228928283426105727e-03 1.155173731707074278e-03 1.069439820374683270e-03 9.893869542197885562e-04 9.230505307893664734e-04 8.470301499612010359e-04 7.954613071313633302e-04 7.036282414539377691e-04 6.234264002504332240e-04 5.251130230489987026e-04 4.707514699747048165e-04 4.218811795537814923e-04 3.515952958001257781e-04 3.022814800582991580e-04 2.638466613585788850e-04 1.589178593242230632e-04 1.146726086802003612e-04 5.878433478621516300e-04 5.064752566132524353e-05 2.049083522491505131e-04 2.447518771066112741e-04 3.134392032316421733e-04 4.155029199047418384e-04 4.601760265352335035e-04 5.552696424624608889e-04 7.021023254872610798e-04 8.474671004092401358e-04 9.549497841447898662e-04 1.001651270336200144e-03 1.053890041685485177e-03 1.102693679936326936e-03 1.204300753463340276e-03 1.254582859861972386e-03 1.262499297324988458e-03 1.274108343029110033e-03 1.280347373119681241e-03 1.274184165965431539e-03 1.232828659525240242e-03 1.172128718067097682e-03 1.178187087703689824e-03 1.155257808413337603e-03 1.149466892304981669e-03 1.100772166423401614e-03 1.057973845833839631e-03 1.004757658337722447e-03 9.472163093829838237e-04 8.875970428068247686e-04 8.278509675637915491e-04 7.710599705838161629e-04 7.178940757034499732e-04 6.685476977714887225e-04 6.235588868293216432e-04 5.809459165876177918e-04 5.390583012354067645e-04 5.419570387156048613e-04 5.269953326250148172e-04 5.864886966778923771e-04
3.290132718368907194e-03 3.527931859010416393e-03 3.698045600818494413e-03 3.831704185444239404e-03 3.942991152494346001e-03 4.031647639879940015e-03 4.096510729041168836e-03 4.150527202185816042e-03 4.178265143337026727e-03 4.189324012333058532e-03 4.195141758713724113e-03 4.170848649290944364e-03 4.140215668616283907e-03 4.088173703042409513e-03 4.029737347129016753e-03 3.950112243658029064e-03 3.869221944150142995e-03 3.750638794127636195e-03 3.628282055490429127e-03 3.498624706654274684e-03 3.359093713950779200e-03 3.207276352478031362e-03 3.045804018244422078e-03 2.855714624701949107e-03 2.691250472352343503e-03 2.515201923073750578e-03 2.333230543723575651e-03 2.153712625711811691e-03 1.971779913733835883e-03 1.796111776288245249e-03 1.583473414059146950e-03 1.405576311693666281e-03 1.200022046577672950e-03 1.019357669815780347e-03 8.617269517191387691e-04 7.252867280432999169e-04 5.412711848040512551e-04 4.026425741568621756e-04 2.384875119511693732e-04 9.937917499388312492e-05 3.290142071563752560e-03 3.529932513155351927e-03 3.701278954805549415e-03 3.839291282179021353e-03 3.950587451064683196e-03 4.042496762769505134e-03 4.106321282765838104e-03 4.163431507927318684e-03 4.187345196420615319e-03 4.195232293032598314e-03 4.199743491435998372e-03 4.151188766568211785e-03 4.119305395606192959e-03 4.057018519285410588e-03 3.986517349050559475e-03 3.895862571468764173e-03 3.801219660234608083e-03 3.669500397418619300e-03 3.533380827346930143e-03 3.390082063845984914e-03 3.240813277878562982e-03 3.076674788322306467e-03 2.905992793255455283e-03 2.710577666418756155e-03 2.547430055466432496e-03 2.365878621924272576e-03 2.186610212954881016e-03 2.014765129188013544e-03 1.832223087471536319e-03 1.675209302500177020e-03 1.473539136282539996e-03 1.287472152523674255e-03 1.084459084386595442e-03 9.230420806698789830e-04 7.744631000480209490e-04 6.111027683160949681e-04 4.635969651808025615e-04 3.341314865852053860e-04 1.315463105351486926e-04 -1.144584978626063938e-05 5.557289424851248995e-04 -1.151204479553075274e-04 -2.813761969412263453e-05 -2.841817705135404109e-05 6.825588320218262930e-05 1.962173147952684337e-04 3.628801189731705574e-04 5.490385341167955619e-04 8.602114765046088227e-04 1.187098544270261602e-03 1.506155253407560034e-03 1.754421912028546367e-03 2.019552759722217407e-03 2.287985515058948809e-03 2.633360509868949966e-03 2.901643057137904408e-03 3.103520410212699549e-03 3.295985022511311799e-03 3.457138984141671593e-03 3.577686266887360363e-03 3.633837205291220659e-03 3.637905968471323408e-03 3.676136091381604961e-03 3.648189418935894688e-03 3.607968383976244923e-03 3.484637650763012552e-03 3.340002266398393264e-03 3.143132755348137207e-03 2.910336186400823508e-03 2.647600471926677811e-03 2.360480522081172435e-03 2.055039416560713698e-03 1.738467670523184986e-03 1.417989692672018192e-03 1.099156432302758266e-03 7.844954579444160742e-04 4.788696017098914245e-04 2.339074365636571002e-04 -8.635253695684304570e-07 -1.200245349536492779e-04
3.208146072699479077e-03 3.698045600818494413e-03 4.082574130006676703e-03 4.405873319093262484e-03 4.686312304530723324e-03 4.928156311007575105e-03 5.131480363125089789e-03 5.307614758374100059e-03 5.445046506825308545e-03 5.552827152325737724e-03 5.642104573882652553e-03 5.689931973100187737e-03 5.719013418063904897e-03 5.709997945809204035e-03 5.685669542207326746e-03 5.627136000777943278e-03 5.554948918640202626e-03 5.432442297288825502e-03 5.294439536303525637e-03 5.139167493511715909e-03 4.963628644962607070e-03 4.763176278691437157e-03 4.548671346277928865e-03 4.290182241283106365e-03 4.053859955512195343e-03 3.799799557946535299e-03 3.537728140657995634e-03 3.269017362389907509e-03 2.994061320430916294e-03 2.728253567255166812e-03 2.419629732503451956e-03 2.149520113603689206e-03 1.849854627611241574e-03 1.574641909177044302e-03 1.327472810150784463e-03 1.108446527307294311e-03 8.343441675816251103e-04 6.143007037303297845e-04 3.709268887515136193e-04 1.522239218526392232e-04 3.208157529754548497e-03 3.700982914836609908e-03 4.088013746064155483e-03 4.419579911390348476e-03 4.703158499521130874e-03 4.952973064122191335e-03 5.158225612565210151e-03 5.342110536602042922e-03 5.479707861724400497e-03 5.586943498405803205e-03 5.675055947309959672e-03 5.698406181367676564e-03 5.724796856226527925e-03 5.701781541478695599e-03 5.659865065834616439e-03 5.582076698429483570e-03 5.488040198649883454e-03 5.343621458783835362e-03 5.182344827124496685e-03 5.002931620101510463e-03 4.807528177658872137e-03 4.584667631289716418e-03 4.350442949467647237e-03 4.077590816487541500e-03 3.834577877750919728e-03 3.566626693099907586e-03 3.298928028988851267e-03 3.031885547757936020e-03 2.752568729648715521e-03 2.499889897280197122e-03 2.197804756570237699e-03 1.914790705739221385e-03 1.615340121586044449e-03 1.355056701699597832e-03 1.113944128956638295e-03 8.635216357088941778e-04 6.239648300533627047e-04 4.085382167325025612e-04 1.146795183823988868e-04 -1.219615521577223425e-04 5.303736138643419529e-04 -2.608934989949709374e-04 -2.455742634706867592e-04 -2.908524358531242352e-04 -1.770364641904006802e-04 -3.479425897598196175e-05 2.275326800911408904e-04 5.169141581289210269e-04 9.604813651508974830e-04 1.449300469592410467e-03 1.961628027144029628e-03 2.394749907264086611e-03 2.857288127630697172e-03 3.331362628396965144e-03 3.907116109438883711e-03 4.382734756892556552e-03 4.769837703822182688e-03 5.136032316673764912e-03 5.446634359066514913e-03 5.690304785622630514e-03 5.842425916735049032e-03 5.911918179679707258e-03 5.985315052253636046e-03 5.957558721613783435e-03 5.890729379277989154e-03 5.702599984146491767e-03 5.467815237901233437e-03 5.141960263671256810e-03 4.750891814911976582e-03 4.304077503469388478e-03 3.810448207046431349e-03 3.278856798395725532e-03 2.722666719312384718e-03 2.155688839164292530e-03 1.588017247840879057e-03 1.026117959326585402e-03 4.806324013700969235e-04 1.037190004517125547e-05 -4.245017197286771898e-04 -7.053827340599024389e-04
3.126233407036462224e-03 3.831704185444239404e-03 4.405873319093262484e-03 4.912023359260882065e-03 5.335842760191352070e-03 5.721991463504439747e-03 6.056580016953063729e-03 6.350144941337537707e-03 6.593648301747676889e-03 6.795856234856788823e-03 6.967307981843930652e-03 7.086972264493743290e-03 7.176298681449585354e-03 7.211729298395142852e-03 7.223326789622231715e-03 7.188210422616367681e-03 7.127682845754330920e-03 7.004586283595510068e-03 6.854530900635333844e-03 6.678184499150944739e-03 6.471137156095992105e-03 6.227056677936057029e-03 5.964741259268226646e-03 5.643456761271889097e-03 5.341076369818714004e-03 5.015210259466188966e-03 4.677975256873551958e-03 4.326566266632168173e-03 3.964410126086847369e-03 3.614155385385245389e-03 3.215316740395245294e-03 2.858198142145808741e-03 2.469339897084160945e-03 2.104307522747692494e-03 1.772734571429878227e-03 1.474488601492964955e-03 1.110470228338190056e-03 8.151071260568644103e-04 4.955792915463815528e-04 1.997336088104696282e-04 3.126245807075113056e-03 3.835432909331761529e-03 4.414394786085616175e-03 4.933834799740800282e-03 5.361420428962921161e-03 5.760379976753974944e-03 6.100759252937619503e-03 6.406103382148276362e-03 6.654122938563823177e-03 6.858733504891861496e-03 7.029447678919498177e-03 7.124574687675773801e-03 7.210039414558179136e-03 7.227905554281847597e-03 7.216585360546143475e-03 7.154200329957274493e-03 7.064039361255549168e-03 6.910543422088940083e-03 6.728084036169827177e-03 6.517656162641534932e-03 6.281061564557294252e-03 6.005080882550308322e-03 5.713181187546411029e-03 5.369173622477580420e-03 5.052680006335033558e-03 4.705140497982022822e-03 4.355186780566255335e-03 4.000031685036892042e-03 3.630377973854345425e-03 3.288495771277450113e-03 2.892188395705844357e-03 2.518026758665304222e-03 2.127384112609258249e-03 1.773496487327420445e-03 1.444539998727287179e-03 1.110652065466252812e-03 7.777141476547149400e-04 4.834737102217841588e-04 1.021032160547705181e-04 -2.258415374333369368e-04 4.988617989442610838e-04 -4.385308344807314950e-04 -4.247120669041710007e-04 -6.108399298674364788e-04 -3.504601401645337632e-04 -2.302219796621102134e-04 1.496967202610990520e-04 4.746593276884629497e-04 1.038604210415223703e-03 1.674370400483950151e-03 2.365151840945558647e-03 2.969567923147499195e-03 3.616886993389461982e-03 4.285517042548327681e-03 5.081208344747625665e-03 5.756379853469772989e-03 6.322864207648395962e-03 6.858496638372311993e-03 7.315869774975038153e-03 7.681741740754538181e-03 7.930687311276406193e-03 8.068371225890515891e-03 8.181650738158227631e-03 8.160646043781142472e-03 8.075776876141152472e-03 7.832903486930244824e-03 7.519233404637287385e-03 7.077840369958445128e-03 6.543467128967059114e-03 5.928798168697085695e-03 5.245959046453962764e-03 4.506522735976275368e-03 3.729824896227262616e-03 2.935973319929546972e-03 2.139313254417788811e-03 1.349920344916423444e-03 5.838321830956751807e-04 -9.285313395778751686e-05 -7.100909679841181264e-04 -1.135322217195927283e-03
3.049547791954620481e-03 3.942991152494346001e-03 4.686312304530723324e-03 5.335842760191352070e-03 5.923197044476948871e-03 6.444257646658600042e-03 6.906244309558276333e-03 7.312199817565385312e-03 7.659105777423056739e-03 7.954104696236774866e-03 8.206837050793964333e-03 8.398390897988831233e-03 8.548685432186573299e-03 8.630037968097014137e-03 8.679327048309095141e-03 8.669781243520274794e-03 8.623565290530802244e-03 8.502796230258399118e-03 8.343362190400275408e-03 8.149987297788320942e-03 7.915939880276319160e-03 7.632358892700580669e-03 7.326569974694551422e-03 6.947153696224886085e-03 6.583523323052052970e-03 6.190692798033560484e-03 5.783008502547437764e-03 5.354350761662874172e-03 4.909950760590087171e-03 4.480103696872028869e-03 3.996072908795067664e-03 3.556411450665158177e-03 3.082587018983539481e-03 2.630345271175349182e-03 2.222157130653468725e-03 1.847091349324188640e-03 1.403883644004323911e-03 1.029411382334213376e-03 6.363341504108526196e-04 2.650849033661518061e-04 3.049560717781284267e-03 3.947403564529078368e-03 4.697026968037494761e-03 5.360384873854151522e-03 5.957915509648691564e-03 6.496259660466536384e-03 6.967843451993956626e-03 7.389775938931108547e-03 7.745957513065563488e-03 8.046634072688916076e-03 8.299300634236476612e-03 8.466406210100264548e-03 8.611923628344618151e-03 8.672310782984067254e-03 8.693516614349097726e-03 8.648882750311993189e-03 8.565524782019131450e-03 8.406115755417626484e-03 8.205414421414031559e-03 7.968240872534457578e-03 7.695810978834963581e-03 7.371217172409544327e-03 7.026424619394689049e-03 6.616366882783803784e-03 6.231522236819484785e-03 5.809706563938500483e-03 5.382695597895265256e-03 4.945073503710654267e-03 4.490167942472653509e-03 4.064209440166903844e-03 3.578536772780113555e-03 3.117768889797960501e-03 2.640000117925715619e-03 2.196123986242298244e-03 1.784076585684723701e-03 1.369002686202888805e-03 9.552573417340216606e-04 5.752934838206512358e-04 1.087979053246388052e-04 -3.098715811365755765e-04 4.857343831418838693e-04 -4.924324719373651682e-04 -6.190669506250364102e-04 -7.457840480325343170e-04 -6.715482340921600461e-04 -4.994805729769445993e-04 -8.223531630233501958e-05 3.112004354627332303e-04 1.013865056562944945e-03 1.819890378587304524e-03 2.671708757518577015e-03 3.430944516425585896e-03 4.249339882104630206e-03 5.101288566419578605e-03 6.106896417610791113e-03 6.974352443919344495e-03 7.715028580010623374e-03 8.416559108215263679e-03 9.018795178529822459e-03 9.506654796914667735e-03 9.853859702722489108e-03 1.006286531471707428e-02 1.022087034273180817e-02 1.021294990073541228e-02 1.011809633354576916e-02 9.829570687788722824e-03 9.446976822104397736e-03 8.901582055687621078e-03 8.236374671903402139e-03 7.466935733040918829e-03 6.608362275430703855e-03 5.674873499401049577e-03 4.691586908328535845e-03 3.684572379517879470e-03 2.671989570526194045e-03 1.666915453066838970e-03 6.899222261549487574e-04 -1.862798808600107426e-04 -9.837585603095721186e-04 -1.557189660787236182e-03
2.971592551619688626e-03 4.031647639879940015e-03 4.928156311007575105e-03 5.721991463504439747e-03 6.444257646658600042e-03 7.107221924391560197e-03 7.692059500450533667e-03 8.204462583776037099e-03 8.652885658604969957e-03 9.039311905284563853e-03 9.372422559272102632e-03 9.635960301151115168e-03 9.847885647841692416e-03 9.976398577031940496e-03 1.006489920307373533e-02 1.008275639758151286e-02 1.005309531686132164e-02 9.937103918043333275e-03 9.769025292393793830e-03 9.565537635050290824e-03 9.306955018308329247e-03 8.987652226589001522e-03 8.642205165324188393e-03 8.208786469181956341e-03 7.788077399457975399e-03 7.332380571902279327e-03 6.858215660841099695e-03 6.356748877783512282e-03 5.834091648496918074e-03 5.328495885937536806e-03 4.763459426842268397e-03 4.245183525524356266e-03 3.691829117791386658e-03 3.177680147582213812e-03 2.653768944533063667e-03 2.209985845193919874e-03 1.687436993329332908e-03 1.238517244738585477e-03 7.732673612129200430e-04 3.275042989654156295e-04 2.971605780855614103e-03 4.036666456796966090e-03 4.940874928988293023e-03 5.751600963399015887e-03 6.487013412840274794e-03 7.177215345618962079e-03 7.770852137453759280e-03 8.303085694342206974e-03 8.766396400741295267e-03 9.162265965623932543e-03 9.496287865846188975e-03 9.735706571144607524e-03 9.942316703877176684e-03 1.004669563563431386e-02 1.010215978681521312e-02 1.007734240258957754e-02 1.000332851615121782e-02 9.840729492682295451e-03 9.622725933456708139e-03 9.366687185942757995e-03 9.060787752605584458e-03 8.691827227625318827e-03 8.298388772407065683e-03 7.826798722293821370e-03 7.378020272434072588e-03 6.886404214118365882e-03 6.386631952680884086e-03 5.871037326534341190e-03 5.334813922016771841e-03 4.828649912261827673e-03 4.257214098832625727e-03 3.713231746058231683e-03 3.151823807338053392e-03 2.628844298306856619e-03 2.120642808086477347e-03 1.628200298618977422e-03 1.130928075643871170e-03 6.706037901307714422e-04 1.208073787368415142e-04 -3.877604549752404397e-04 4.764355659382100202e-04 -5.998561569316583804e-04 -7.871985482111969450e-04 -9.621774134469102124e-04 -8.997407530145659594e-04 -7.285561374854428391e-04 -2.404139803810707626e-04 2.083783251659172527e-04 9.866585049007293648e-04 1.910933154810395048e-03 2.920300048175880191e-03 3.835481416273978355e-03 4.824514402986639083e-03 5.857589918576767453e-03 7.068752494978270372e-03 8.124652582715191640e-03 9.036413256215580087e-03 9.901463934418432492e-03 1.064735402563611599e-02 1.125744259384761810e-02 1.170466920978672012e-02 1.198843647445360823e-02 1.219616491986080277e-02 1.220801759369123142e-02 1.211155452614607470e-02 1.178705821011875356e-02 1.134620862472560110e-02 1.070915239317117053e-02 9.926480604165373658e-03 9.016361197413306702e-03 7.996722038306255248e-03 6.884521751285982427e-03 5.710677125544947642e-03 4.507113569020941568e-03 3.295645736000471764e-03 2.092131723336610773e-03 9.214111223097179275e-04 -1.369504598692094935e-04 -1.097379046957817732e-03 -1.800408298766339229e-03
2.888880047752870155e-03 4.096510729041168836e-03 5.131480363125089789e-03 6.056580016953063729e-03 6.906244309558276333e-03 7.692059500450533667e-03 8.411873677683258735e-03 9.009299913792484515e-03 9.565516770446102351e-03 1.004523030845259381e-02 1.045949164394472872e-02 1.079649199318307405e-02 1.107163094880064640e-02 1.124901149244704815e-02 1.137844361543492201e-02 1.142533990012450582e-02 1.141367094014286709e-02 1.130251038278946331e-02 1.109946631330423032e-02 1.093137321687745293e-02 1.064698965296770328e-02 1.029391880848922261e-02 9.911414096661895837e-03 9.427064780794419327e-03 8.952458434721614552e-03 8.437039999077654284e-03 7.899405592453332889e-03 7.328624149937220354e-03 6.730740294700570184e-03 6.152084739797977590e-03 5.508886024546082345e-03 4.913265328431727988e-03 4.279367537447862323e-03 3.675091431193457797e-03 3.095118802291517510e-03 2.574874660256786744e-03 1.972962080241174362e-03 1.450089419725439843e-03 9.137304421576611466e-04 3.941537155366825365e-04 2.888893427360272621e-03 4.102152168483327518e-03 5.144954158661788762e-03 6.090162370306510808e-03 6.956169657217335135e-03 7.769122519337343796e-03 8.510555868507477251e-03 9.125160733317974268e-03 9.704390049604992227e-03 1.019782890535465662e-02 1.061408186590183204e-02 1.092746419786526715e-02 1.119709529791336304e-02 1.134734780904296352e-02 1.143895566065362274e-02 1.143580171439125687e-02 1.137281541213625013e-02 1.120721117145294897e-02 1.094374919580340215e-02 1.071808348131302220e-02 1.037768843252031593e-02 9.966698341723942076e-03 9.527686212040271246e-03 8.998112543245905676e-03 8.488968518253457024e-03 7.931251286195524150e-03 7.362323919637346788e-03 6.772645752776930081e-03 6.158560120551223073e-03 5.575646393387498866e-03 4.921593180579712790e-03 4.297057768006811752e-03 3.653524786699018437e-03 3.043406059444017219e-03 2.462256228042868783e-03 1.891059306878287377e-03 1.311716408390387143e-03 7.723123017466662155e-04 1.412404840880562850e-04 -4.564093890365174245e-04 4.546439054543368512e-04 -6.958157381273867050e-04 -9.419884703706627154e-04 -1.150509371798631893e-03 -1.183830089326785850e-03 -9.759544103393903020e-04 -4.210340206203113745e-04 6.868767368354573150e-05 9.310139407591626944e-04 1.940852840001990130e-03 3.089975982960462605e-03 4.143036678055016762e-03 5.285823881765050122e-03 6.485441401909322438e-03 7.889232268748215884e-03 9.124118271938118363e-03 1.020059791423824636e-02 1.122516171009158709e-02 1.211287332527843062e-02 1.284534292670690830e-02 1.339448284233150238e-02 1.375650699891186289e-02 1.401883601039024055e-02 1.405668283312126732e-02 1.396629328918651096e-02 1.361440534721365843e-02 1.312462802775581430e-02 1.240647337210809553e-02 1.151754156866872762e-02 1.047826430212259012e-02 9.309209788057598925e-03 8.030139675174604100e-03 6.677747415628011544e-03 5.289593438966608274e-03 3.890746434792803805e-03 2.499239100404360061e-03 1.143344237848674914e-03 -9.112569188956040752e-05 -1.212686126576427870e-03 -2.048792885003136114e-03
2.813161242033208800e-03 4.150527202185816042e-03 5.307614758374100059e-03 6.350144941337537707e-03 7.312199817565385312e-03 8.204462583776037099e-03 9.009299913792484515e-03 9.827890916995174822e-03 1.042328731720842949e-02 1.099357026963306179e-02 1.148832154050497857e-02 1.190109271717949488e-02 1.224249697563186204e-02 1.247209616997739176e-02 1.264657327498714713e-02 1.272736158835674133e-02 1.274020475327115876e-02 1.264562622378564288e-02 1.250094594110637627e-02 1.224196452904570062e-02 1.195048641698777565e-02 1.157275099568593098e-02 1.116013982087166005e-02 1.063139210227772441e-02 1.010893566925294418e-02 9.539487752776423801e-03 8.943832323686307442e-03 8.309234095787987329e-03 7.641312923788503089e-03 6.994500582212667683e-03 6.279158150558960226e-03 5.610754482104982586e-03 4.901782350094891806e-03 4.222240329528108294e-03 3.571163862067925319e-03 2.980806973475396554e-03 2.303910289067012240e-03 1.710315106229761978e-03 1.106083937505701218e-03 5.163183297450053746e-04 2.813174535637765362e-03 4.156459840216429787e-03 5.323653021704091021e-03 6.388372995986290638e-03 7.369630084821970038e-03 8.292828925826670888e-03 9.115920242015379538e-03 1.002011917449571049e-02 1.059969164938456658e-02 1.118581495557954830e-02 1.168267770601462245e-02 1.207218320111443262e-02 1.240812974209217975e-02 1.260748931199729556e-02 1.273911108701093059e-02 1.276216875010605621e-02 1.271646026151979948e-02 1.255959900743905573e-02 1.235034101602320786e-02 1.201810160231025874e-02 1.166243749235034571e-02 1.121832895158405251e-02 1.074041731186265065e-02 1.015910224417101299e-02 9.595303143047063249e-03 8.977049872430881844e-03 8.344332875190452539e-03 7.685890120147354648e-03 6.998960202290109393e-03 6.344256082168249142e-03 5.612572537145956754e-03 4.912024234727255072e-03 4.190667499548520088e-03 3.501375711108413620e-03 2.843782772117391718e-03 2.197731488854676868e-03 1.539320936521539626e-03 9.232579983199866013e-04 2.136180890989471061e-04 -4.700163679241703180e-04 4.404814868726223505e-04 -7.858462365127847097e-04 -1.098636325627876283e-03 -1.386751901062382563e-03 -1.171945347709440642e-03 -1.093354691952908540e-03 -5.201838081331946030e-04 -4.782528570714236430e-06 9.192085321849569361e-04 2.040314005351650216e-03 3.313625260541474410e-03 4.495742255579316879e-03 5.786194810765149174e-03 7.146519398979333561e-03 8.735361747363831059e-03 1.014282883892365754e-02 1.137913718847423372e-02 1.255935770390947254e-02 1.358663561183459483e-02 1.444101403574460200e-02 1.509331958945161166e-02 1.553671145466915815e-02 1.585804422596655619e-02 1.592833611832746368e-02 1.585188656106451682e-02 1.548207438174258911e-02 1.495366051555883924e-02 1.416612925545383643e-02 1.318326490543274623e-02 1.202732622045705503e-02 1.072129925521554672e-02 9.287861755468475658e-03 7.769519935219812087e-03 6.209343912011416888e-03 4.635437230477840002e-03 3.067687413288773795e-03 1.537395809615213190e-03 1.366087683096738341e-04 -1.137355899089318237e-03 -2.097916618362360031e-03
2.726586984329515927e-03 4.178265143337026727e-03 5.445046506825308545e-03 6.593648301747676889e-03 7.659105777423056739e-03 8.652885658604969957e-03 9.565516770446102351e-03 1.042328731720842949e-02 1.116673959035493525e-02 1.183595701833016142e-02 1.241038205798027441e-02 1.290213901081241170e-02 1.331240471591642500e-02 1.359595581677654035e-02 1.381722756385054228e-02 1.393292732040136810e-02 1.397022326806805943e-02 1.388878043240575171e-02 1.373999678609178453e-02 1.348666733521022149e-02 1.318020273711247026e-02 1.277708676177805730e-02 1.233494218851244502e-02 1.176299608786969368e-02 1.119405135575889457e-02 1.057192178588452908e-02 9.919414733648473231e-03 9.222709262188337823e-03 8.486065184284423760e-03 7.771751079756993030e-03 6.988166438533045463e-03 6.246592522304954091e-03 5.463524320296086513e-03 4.710663128136348236e-03 3.987555988358515956e-03 3.327426505699888296e-03 2.576435115576976125e-03 1.912126788875614025e-03 1.240156760013755343e-03 5.792821273115978699e-04 2.726600143559343263e-03 4.184580391725832571e-03 5.462459734183849371e-03 6.635956549080338635e-03 7.724166870252796233e-03 8.754526436458692426e-03 9.693041212395218931e-03 1.059786521598676118e-02 1.136459041927244916e-02 1.205659926997913051e-02 1.263384857571082064e-02 1.310425904271818320e-02 1.351063235896342134e-02 1.376166548594073488e-02 1.393575039651761237e-02 1.398673794848854027e-02 1.395888249620145204e-02 1.380773760987936277e-02 1.358583725238548222e-02 1.325193660568978020e-02 1.287328271713409321e-02 1.239605631581695844e-02 1.188069053383333101e-02 1.124973507839603822e-02 1.063347870849623913e-02 9.957044848121958044e-03 9.262808810304638471e-03 8.538184774037669775e-03 7.780669238067258221e-03 7.056404864187126869e-03 6.249851133196988873e-03 5.474974216588025799e-03 4.677691238701036681e-03 3.911904653720538541e-03 3.178949442505438899e-03 2.459622345495077276e-03 1.724111616489184097e-03 1.032727245404504220e-03 2.462721598538016531e-04 -5.231819729574323447e-04 4.104994620082787898e-04 -8.689065075337484454e-04 -1.239692536923673412e-03 -1.557903557203162972e-03 -1.458636479907100087e-03 -1.345839953562404318e-03 -7.394134861945982160e-04 -2.027068753773439154e-04 7.727704722887859768e-04 1.984427951571999995e-03 3.368828837326136739e-03 4.669450335655325052e-03 6.098516455980437442e-03 7.611989616893291219e-03 9.377765579298178583e-03 1.095141373459720263e-02 1.234321619493322815e-02 1.367613592070724207e-02 1.484151728264015806e-02 1.581787678526636737e-02 1.657484609806175041e-02 1.710230531225195860e-02 1.748638614843701228e-02 1.759372534551805964e-02 1.753716426805801074e-02 1.715605352489628713e-02 1.659666850736657429e-02 1.574871260281205179e-02 1.468183266002235678e-02 1.341987056544207205e-02 1.198812483546173903e-02 1.041232230071226922e-02 8.740910896709759570e-03 7.022446050105799614e-03 5.287883459235229004e-03 3.558627542359963335e-03 1.868544019832469845e-03 3.158259768399089757e-04 -1.097681307319697775e-03 -2.171612456571382979e-03
2.638322033720142800e-03 4.189324012333058532e-03 5.552827152325737724e-03 6.795856234856788823e-03 7.954104696236774866e-03 9.039311905284563853e-03 1.004523030845259381e-02 1.099357026963306179e-02 1.183595701833016142e-02 1.264849323913824417e-02 1.323910515719037978e-02 1.382028585722863863e-02 1.430530891898209277e-02 1.464680572119291674e-02 1.492006548386906432e-02 1.507559043356796434e-02 1.514229861865891771e-02 1.507958953066892635e-02 1.493843075068236950e-02 1.468695798536562638e-02 1.437205637077875083e-02 1.394960283424741092e-02 1.348358985802696614e-02 1.287431330167961366e-02 1.226444371572497742e-02 1.159490905384736974e-02 1.089047517031145780e-02 1.013639412681971094e-02 9.334977066393424991e-03 8.553935793654540015e-03 7.723359740727137566e-03 6.904105080601187841e-03 6.048919298418386180e-03 5.225448741962735767e-03 4.431451437267622598e-03 3.702494365046151911e-03 2.878747901286861626e-03 2.144572173081441512e-03 1.406114761403605071e-03 6.758018373839194378e-04 2.638334977967521627e-03 4.195944356938732973e-03 5.571360004681480925e-03 6.841662802568047701e-03 8.025826268593843141e-03 9.152446944717996385e-03 1.018916933653913476e-02 1.118809503104428033e-02 1.206113371952115959e-02 1.292583334874714343e-02 1.348932376505462653e-02 1.405444085347479395e-02 1.453935059745084871e-02 1.484666432551692318e-02 1.506876344895339247e-02 1.515285135510871170e-02 1.514798711608534611e-02 1.500825554326439687e-02 1.478628557103554668e-02 1.444624307243599741e-02 1.405126740767037412e-02 1.354702494836819600e-02 1.299991416495038278e-02 1.232516772652310529e-02 1.166187906429563652e-02 1.093251248920195512e-02 1.018165806445198336e-02 9.395446039680706643e-03 8.571394678359264135e-03 7.780493999816597006e-03 6.907605063107844293e-03 6.059020207769707719e-03 5.187651423421191059e-03 4.347665518295409752e-03 3.540389139570098223e-03 2.748570139022857555e-03 1.936872601917468632e-03 1.170930489382122431e-03 3.085857818863832220e-04 -5.451404571954819415e-04 3.891074324523637680e-04 -9.432608581129050792e-04 -1.371402135142091609e-03 -1.728035153117282036e-03 -1.674187978160947146e-03 -1.567363103400097081e-03 -9.442474304593286103e-04 -3.947164048142815223e-04 6.208440872085211736e-04 1.908999529797904965e-03 3.387569286351168035e-03 4.791947634143546228e-03 6.346379811833493742e-03 8.003456143907142217e-03 9.934506332032699144e-03 1.167201238013989770e-02 1.322744215219005121e-02 1.472801790901309867e-02 1.605025551995736474e-02 1.716660891592686200e-02 1.804244181462447139e-02 1.866368147053259000e-02 1.911576533622995691e-02 1.926304941299491688e-02 1.922812425542568676e-02 1.883838528141371441e-02 1.825239823126602323e-02 1.735108007777068362e-02 1.620923721288749023e-02 1.485160214143897706e-02 1.330517883926931981e-02 1.159838346119782850e-02 9.785230724683405962e-03 7.919382498130895023e-03 6.034295667616505765e-03 4.152482212643250105e-03 2.309856604834921619e-03 6.105332885738821470e-04 -9.397366888615113880e-04 -2.126835144138579641e-03
2.559678326109855392e-03 4.195141758713724113e-03 5.642104573882652553e-03 6.967307981843930652e-03 8.206837050793964333e-03 9.372422559272102632e-03 1.045949164394472872e-02 1.148832154050497857e-02 1.241038205798027441e-02 1.323910515719037978e-02 1.405536725638772272e-02 1.467660260785044746e-02 1.523335343834698180e-02 1.563120948089874798e-02 1.596010533932776948e-02 1.615940819602081427e-02 1.625987108668823511e-02 1.622109898717835966e-02 1.609430474652092519e-02 1.584858300708644890e-02 1.553167589872377942e-02 1.509654744807990140e-02 1.461321878571446818e-02 1.397357537338179967e-02 1.332969159139310925e-02 1.261978653091138693e-02 1.187069215231694938e-02 1.106779121300651043e-02 1.021315185989493148e-02 9.394996065921807152e-03 8.409769938526389516e-03 7.571016632870156311e-03 6.656739733681893943e-03 5.771420108551812700e-03 4.913210990380417753e-03 4.121448426221670583e-03 3.230755916826983775e-03 2.430966449652698872e-03 1.629850449516032432e-03 8.332500410534664052e-04 2.559690885615501822e-03 4.201909218106516554e-03 5.661181112944750279e-03 7.015375235569823106e-03 8.283187138783641712e-03 9.493955903249145720e-03 1.061542526722852181e-02 1.169856704735479196e-02 1.265452939207453546e-02 1.350705268563466392e-02 1.438880956760498799e-02 1.495072255286805304e-02 1.551126211323831591e-02 1.587159166760390358e-02 1.614437364046247131e-02 1.626487300530462393e-02 1.628683744784658813e-02 1.616330527824573135e-02 1.594767273609561456e-02 1.560497939555991094e-02 1.519978019796889082e-02 1.467481941128856264e-02 1.410213753766179599e-02 1.339007886501370100e-02 1.268597960224599440e-02 1.190996341216230339e-02 1.110869396768178995e-02 1.026739759938007437e-02 9.384052773588958882e-03 8.539241695924151138e-03 7.570709116613254762e-03 6.669568028404340362e-03 5.731231945871802583e-03 4.823505903435283682e-03 3.947212021841783013e-03 3.087931003466579376e-03 2.204943078716758813e-03 1.368644289633353132e-03 4.343725265439151123e-04 -4.996738389853103276e-04 3.810867616287057311e-04 -1.004333402596528212e-03 -1.483313297408194202e-03 -1.873215132713087821e-03 -1.851870167555307121e-03 -1.759483257742589912e-03 -1.125539142242164064e-03 -5.665494366724484849e-04 4.813209637296482555e-04 1.834079013477734948e-03 3.389532070854057652e-03 4.879535895591152403e-03 6.537609208460549819e-03 8.306420954346412783e-03 1.040138415734576625e-02 1.227060037617297428e-02 1.393723497424546875e-02 1.555058383015697765e-02 1.697709116843151844e-02 1.819196833580189604e-02 1.916328216509288057e-02 1.987699318300068310e-02 2.041862483371336551e-02 2.064788522527235409e-02 2.068898659312738697e-02 2.034665937987392703e-02 1.978351868342591302e-02 1.886907329064435590e-02 1.768397396316886278e-02 1.625620658085555684e-02 1.461676636958100101e-02 1.279849577556051686e-02 1.086199906237811375e-02 8.866649971822175569e-03 6.848809314011779226e-03 4.832232860561332805e-03 2.854790301012185075e-03 1.026641257726059690e-03 -6.433100963164963557e-04 -1.927240637770404183e-03
2.463645315782211562e-03 4.170848649290944364e-03 5.689931973100187737e-03 7.086972264493743290e-03 8.398390897988831233e-03 9.635960301151115168e-03 1.079649199318307405e-02 1.190109271717949488e-02 1.290213901081241170e-02 1.382028585722863863e-02 1.467660260785044746e-02 1.541796191288457955e-02 1.604378566546501780e-02 1.649571441013448700e-02 1.688888250866383070e-02 1.713854524911107013e-02 1.727864535681949629e-02 1.727002321585094022e-02 1.716414534519809451e-02 1.692911969870638730e-02 1.661605221254796802e-02 1.617393809026459323e-02 1.567830571510114152e-02 1.501348364619693211e-02 1.433992688445764711e-02 1.359336212140008215e-02 1.280229298806588416e-02 1.195190173387173163e-02 1.104140879286505741e-02 1.016188098072496465e-02 9.154241198872203888e-03 8.237616673629950120e-03 7.257644384570192259e-03 6.309259288944281917e-03 5.386056196466000763e-03 4.531016133984029290e-03 3.573445762175157803e-03 2.707578449473964539e-03 1.843704833918459289e-03 9.805843955632163531e-04 2.463657507121528104e-03 4.177780358861974720e-03 5.709613977524247846e-03 7.137409057094731661e-03 8.479639253142323696e-03 9.766381594452373804e-03 1.096550470963377280e-02 1.213004592196572154e-02 1.317140517903712602e-02 1.412259203385700206e-02 1.500369355730443895e-02 1.579425898539323428e-02 1.637504818735510681e-02 1.678275314636784935e-02 1.711472895956069051e-02 1.727866588228380018e-02 1.733387627003948536e-02 1.723324564861296662e-02 1.703093520213323428e-02 1.669086741606183588e-02 1.628153652168070481e-02 1.574175640298253881e-02 1.514878284552228019e-02 1.440487432821984520e-02 1.366467052853362861e-02 1.284646956104593986e-02 1.199873163197919847e-02 1.110571015007934953e-02 1.016508235993624984e-02 9.261714115832131097e-03 8.239862831563559906e-03 7.270733588073087332e-03 6.265016976346234751e-03 5.291154030034461199e-03 4.346828973902427083e-03 3.420997081753210812e-03 2.467683244025465229e-03 1.561658348628391403e-03 5.556252315958644687e-04 -4.583874551394357300e-04 3.604852374554598786e-04 -1.062630177588842024e-03 -1.589945478756645166e-03 -2.009394192991222246e-03 -2.016700461330113176e-03 -1.942404477981986245e-03 -1.304927920186217801e-03 -7.413981319402778141e-04 3.307839666254658892e-04 1.738482223207165819e-03 3.359396495187794152e-03 4.927987805999282933e-03 6.686926893183140451e-03 8.578008182546758773e-03 1.080336608488258014e-02 1.280261053077740886e-02 1.460094670952995395e-02 1.634753849279706184e-02 1.789869358628940615e-02 1.922759510091011023e-02 2.029969196003389084e-02 2.109662577459544414e-02 2.170111633595252221e-02 2.197100368575057722e-02 2.203982347755001694e-02 2.170132385958803423e-02 2.113104077347516610e-02 2.019103712051983565e-02 1.896659064680674203e-02 1.748566049264324226e-02 1.577923500077937219e-02 1.388045745207088823e-02 1.185276535058718377e-02 9.758492447271310821e-03 7.635335552284443911e-03 5.507581678408116251e-03 3.414770766466462912e-03 1.473344344230913218e-03 -3.050543285037383956e-04 -1.678719822021288669e-03
2.374856398327162329e-03 4.140215668616283907e-03 5.719013418063904897e-03 7.176298681449585354e-03 8.548685432186573299e-03 9.847885647841692416e-03 1.107163094880064640e-02 1.224249697563186204e-02 1.331240471591642500e-02 1.430530891898209277e-02 1.523335343834698180e-02 1.604378566546501780e-02 1.676944942806572747e-02 1.722995126403834357e-02 1.771105875851120698e-02 1.802083277049671903e-02 1.820820174850268369e-02 1.823787056201037898e-02 1.816119943586834776e-02 1.794393186955392516e-02 1.764249763409627553e-02 1.720110831100395143e-02 1.670059817944528208e-02 1.601683351006863779e-02 1.531982839204560840e-02 1.454219218269467429e-02 1.371397521468288409e-02 1.282077193196537630e-02 1.185938023807563482e-02 1.092780185888597710e-02 9.867302108431794463e-03 8.889864396922452297e-03 7.848690661629423304e-03 6.840956412639500293e-03 5.855282901777916944e-03 4.939411310143916080e-03 3.917103065906538811e-03 2.986270954473180684e-03 2.060631571928316606e-03 1.131266699581392945e-03 2.374868162429829600e-03 4.147250538241159870e-03 5.739090217535941160e-03 7.228646597017093778e-03 8.634166409108934639e-03 9.986292351787365643e-03 1.125282337201771558e-02 1.248983540038723673e-02 1.360706470892857588e-02 1.464206925142102003e-02 1.560298982130314469e-02 1.641552524355106499e-02 1.713066220930470340e-02 1.754867754056865445e-02 1.796860730289341623e-02 1.818888578954795318e-02 1.828743469504971048e-02 1.821992802144359325e-02 1.804109389560383872e-02 1.771246130781665984e-02 1.730835560539178281e-02 1.676288307494212815e-02 1.615827571110941760e-02 1.538997900938816887e-02 1.462070480076271481e-02 1.376665682643453750e-02 1.287786709278950469e-02 1.193786705225391952e-02 1.094422745125449292e-02 9.987340226650114408e-03 8.904453472531013991e-03 7.873692485430731913e-03 6.802337292464509522e-03 5.764170548479919352e-03 4.752524235236807622e-03 3.760732441672711996e-03 2.737414549913237422e-03 1.761479924596532623e-03 6.828120271636861031e-04 -4.121663943480753504e-04 3.474412731766175939e-04 -1.113241193192161761e-03 -1.686560021624178719e-03 -2.133375393347294261e-03 -2.170825165260567308e-03 -2.118740566591877181e-03 -1.488941007365379059e-03 -9.310128200941577810e-04 1.511810206628140855e-04 1.596171384512431622e-03 3.260899780058665060e-03 4.888013655768535040e-03 6.727420897080354893e-03 8.718730523980576866e-03 1.106685681670021085e-02 1.318087574138316481e-02 1.509330955964650368e-02 1.696047654835220256e-02 1.862815224074444373e-02 2.006793477351139290e-02 2.124332988875361067e-02 2.213263836143506899e-02 2.281597788480718703e-02 2.314917740928920664e-02 2.327210721884829386e-02 2.296366921934145031e-02 2.240880053740378769e-02 2.146055220675178316e-02 2.020838891628257139e-02 1.868099562645293005e-02 1.691074689517628113e-02 1.493271083559026893e-02 1.281465207556454350e-02 1.062312008590308131e-02 8.397962944276141789e-03 6.164147888222237109e-03 3.962457115497679087e-03 1.915202321779348573e-03 3.529101571472081635e-05 -1.422448384306826364e-03
