3.379252019807129151e-03 3.290132718368907194e-03 3.208146072699479077e-03 3.126233407036462224e-03 3.049547791954620481e-03 2.971592551619688626e-03 2.888880047752870155e-03 2.813161242033208800e-03 2.726586984329515927e-03 2.638322033720142800e-03 2.559678326109855392e-03 2.463645315782211562e-03 2.374856398327162329e-03 2.282561980818430605e-03 2.193417905007251888e-03 2.096820221533420188e-03 2.012167446502568895e-03 1.902938092897342014e-03 1.802183120671847468e-03 1.704712759654409627e-03 1.608238016714958959e-03 1.512573373613321616e-03 1.411991638257732284e-03 1.298586722972461856e-03 1.214483999946262436e-03 1.124186833035576826e-03 1.032867992017630831e-03 9.518062373319437306e-04 8.717922728149395074e-04 7.951452951755522179e-04 6.874532935099861514e-04 6.101950481547475588e-04 5.068938123876662663e-04 4.289096333472746324e-04 3.685313564284459068e-04 3.210273240529802380e-04 2.339247875083872146e-04 1.824366378373859217e-04 1.034926368858987873e-04 4.934704360996673272e-05 3.379251820598028113e-03 3.290959008904551127e-03 3.208166561934732829e-03 3.127059468088540326e-03 3.047139033577165278e-03 2.967624795579202647e-03 2.880427714324639878e-03 2.803799249305895420e-03 2.709541323322229005e-03 2.615632498405855329e-03 2.535732606795491201e-03 2.415749047909274659e-03 2.327405961999198455e-03 2.228881244863010341e-03 2.133530923923730293e-03 2.034543268250585141e-03 1.944819354042262062e-03 1.831831028649704481e-03 1.727569735949061437e-03 1.627841311746933270e-03 1.532666728253582892e-03 1.435762909054755882e-03 1.337532093988634584e-03 1.228928283426105727e-03 1.155173731707074278e-03 1.069439820374683270e-03 9.893869542197885562e-04 9.230505307893664734e-04 8.470301499612010359e-04 7.954613071313633302e-04 7.036282414539377691e-04 6.234264002504332240e-04 5.251130230489987026e-04 4.707514699747048165e-04 4.218811795537814923e-04 3.515952958001257781e-04 3.022814800582991580e-04 2.638466613585788850e-04 1.589178593242230632e-04 1.146726086802003612e-04 5.137101498087345064e+00 1.586830297404432100e-01 7.596212304346398880e-02 4.904713591996256311e-02 3.573540592506368324e-02 2.786473524015185485e-02 2.263458068772040629e-02 1.888051339913760993e-02 1.603793741366325853e-02 1.380187244703828288e-02 1.199282782053759031e-02 1.049716019210162297e-02 9.238321292314775543e-03 8.162329868966687954e-03 7.230060238046978789e-03 6.412614436143907089e-03 5.688368453615518482e-03 5.041069181162203747e-03 4.458482560302567087e-03 3.931513349316876835e-03 3.453496077167071254e-03 3.019703621271583108e-03 2.626849098054664759e-03 2.272562195052200626e-03 1.954971961221434271e-03 1.672367520908828132e-03 1.422753152917069974e-03 1.203737191293459668e-03 1.012593490013917246e-03 8.468796092704524835e-04 7.069401258544175766e-04 5.713276228111383286e-04 5.856539737326898554e-04 3.774567874829606482e-04 2.942822675224115981e-04 2.305949988581043370e-04 1.856146617517893135e-04 -2.589132848553487199e-04 -2.014203777888954152e-04 0.000000000000000000e+00
3.290132718368907194e-03 3.527931859010416393e-03 3.698045600818494413e-03 3.831704185444239404e-03 3.942991152494346001e-03 4.031647639879940015e-03 4.096510729041168836e-03 4.150527202185816042e-03 4.178265143337026727e-03 4.189324012333058532e-03 4.195141758713724113e-03 4.170848649290944364e-03 4.140215668616283907e-03 4.088173703042409513e-03 4.029737347129016753e-03 3.950112243658029064e-03 3.869221944150142995e-03 3.750638794127636195e-03 3.628282055490429127e-03 3.498624706654274684e-03 3.359093713950779200e-03 3.207276352478031362e-03 3.045804018244422078e-03 2.855714624701949107e-03 2.691250472352343503e-03 2.515201923073750578e-03 2.333230543723575651e-03 2.153712625711811691e-03 1.971779913733835883e-03 1.796111776288245249e-03 1.583473414059146950e-03 1.405576311693666281e-03 1.200022046577672950e-03 1.019357669815780347e-03 8.617269517191387691e-04 7.252867280432999169e-04 5.412711848040512551e-04 4.026425741568621756e-04 2.384875119511693732e-04 9.937917499388312492e-05 3.290142071563752560e-03 3.529932513155351927e-03 3.701278954805549415e-03 3.839291282179021353e-03 3.950587451064683196e-03 4.042496762769505134e-03 4.106321282765838104e-03 4.163431507927318684e-03 4.187345196420615319e-03 4.195232293032598314e-03 4.199743491435998372e-03 4.151188766568211785e-03 4.119305395606192959e-03 4.057018519285410588e-03 3.986517349050559475e-03 3.895862571468764173e-03 3.801219660234608083e-03 3.669500397418619300e-03 3.533380827346930143e-03 3.390082063845984914e-03 3.240813277878562982e-03 3.076674788322306467e-03 2.905992793255455283e-03 2.710577666418756155e-03 2.547430055466432496e-03 2.365878621924272576e-03 2.186610212954881016e-03 2.014765129188013544e-03 1.832223087471536319e-03 1.675209302500177020e-03 1.473539136282539996e-03 1.287472152523674255e-03 1.084459084386595442e-03 9.230420806698789830e-04 7.744631000480209490e-04 6.111027683160949681e-04 4.635969651808025615e-04 3.341314865852053860e-04 1.315463105351486926e-04 -1.144584978626063938e-05 1.311805593780321466e+01 4.242485978200414842e-01 2.081301457848938052e-01 1.370960747785860689e-01 1.017756167003097817e-01 8.059402118462045961e-02 6.633786465596720749e-02 5.597271720819301660e-02 4.800949722028732131e-02 4.163643049965760207e-02 3.637540934925587166e-02 3.192763982515457732e-02 2.809739353031553630e-02 2.475157780620393030e-02 2.179699825093446217e-02 1.916672285192727240e-02 1.681153925194512136e-02 1.469457433666494610e-02 1.278768819195136991e-02 1.106908906421976216e-02 9.521633455271972732e-03 8.131652228589178466e-03 6.887960663699854019e-03 5.781005652997598353e-03 4.802205221288545142e-03 3.943479404563464061e-03 3.196717381735249275e-03 2.553586437822550400e-03 2.005567516291190556e-03 1.544035674874354776e-03 1.159620967432207573e-03 8.494804073225436462e-04 5.630283866293206039e-04 3.991033747175117843e-04 2.486850988421854215e-04 1.457390399652061747e-04 9.096802164240595323e-05 -3.302259485023941571e-04 -2.429865877718642144e-04 0.000000000000000000e+00
3.208146072699479077e-03 3.698045600818494413e-03 4.082574130006676703e-03 4.405873319093262484e-03 4.686312304530723324e-03 4.928156311007575105e-03 5.131480363125089789e-03 5.307614758374100059e-03 5.445046506825308545e-03 5.552827152325737724e-03 5.642104573882652553e-03 5.689931973100187737e-03 5.719013418063904897e-03 5.709997945809204035e-03 5.685669542207326746e-03 5.627136000777943278e-03 5.554948918640202626e-03 5.432442297288825502e-03 5.294439536303525637e-03 5.139167493511715909e-03 4.963628644962607070e-03 4.763176278691437157e-03 4.548671346277928865e-03 4.290182241283106365e-03 4.053859955512195343e-03 3.799799557946535299e-03 3.537728140657995634e-03 3.269017362389907509e-03 2.994061320430916294e-03 2.728253567255166812e-03 2.419629732503451956e-03 2.149520113603689206e-03 1.849854627611241574e-03 1.574641909177044302e-03 1.327472810150784463e-03 1.108446527307294311e-03 8.343441675816251103e-04 6.143007037303297845e-04 3.709268887515136193e-04 1.522239218526392232e-04 3.208157529754548497e-03 3.700982914836609908e-03 4.088013746064155483e-03 4.419579911390348476e-03 4.703158499521130874e-03 4.952973064122191335e-03 5.158225612565210151e-03 5.342110536602042922e-03 5.479707861724400497e-03 5.586943498405803205e-03 5.675055947309959672e-03 5.698406181367676564e-03 5.724796856226527925e-03 5.701781541478695599e-03 5.659865065834616439e-03 5.582076698429483570e-03 5.488040198649883454e-03 5.343621458783835362e-03 5.182344827124496685e-03 5.002931620101510463e-03 4.807528177658872137e-03 4.584667631289716418e-03 4.350442949467647237e-03 4.077590816487541500e-03 3.834577877750919728e-03 3.566626693099907586e-03 3.298928028988851267e-03 3.031885547757936020e-03 2.752568729648715521e-03 2.499889897280197122e-03 2.197804756570237699e-03 1.914790705739221385e-03 1.615340121586044449e-03 1.355056701699597832e-03 1.113944128956638295e-03 8.635216357088941778e-04 6.239648300533627047e-04 4.085382167325025612e-04 1.146795183823988868e-04 -1.219615521577223425e-04 2.052761053554715076e+01 6.681531995304302862e-01 3.293076568249679870e-01 2.180243634590872392e-01 1.625416888745596922e-01 1.291967320826919452e-01 1.067055842621520145e-01 9.031238722975008792e-02 7.767835871440613438e-02 6.752684964749657015e-02 5.910663219473907132e-02 5.195030883699357227e-02 4.575426779944993805e-02 4.031429448327106257e-02 3.548891484166061955e-02 3.117741731385555506e-02 2.730619972253386929e-02 2.382020549574057067e-02 2.067728669058919305e-02 1.784446013135834730e-02 1.529532360699527478e-02 1.300827699911712848e-02 1.096508993818329572e-02 9.149761893436024127e-03 7.547647120508376925e-03 6.144873866034297576e-03 4.927737188519780258e-03 3.882443404606366819e-03 2.995122142209016500e-03 2.251388782837739511e-03 1.632693120030841117e-03 1.154234857848735916e-03 5.768427936635715401e-04 4.528099010788214020e-04 2.340558572022147764e-04 8.891582248802210530e-05 1.966690654599089814e-05 -3.888769066103949608e-04 -2.784410221404423516e-04 0.000000000000000000e+00
3.126233407036462224e-03 3.831704185444239404e-03 4.405873319093262484e-03 4.912023359260882065e-03 5.335842760191352070e-03 5.721991463504439747e-03 6.056580016953063729e-03 6.350144941337537707e-03 6.593648301747676889e-03 6.795856234856788823e-03 6.967307981843930652e-03 7.086972264493743290e-03 7.176298681449585354e-03 7.211729298395142852e-03 7.223326789622231715e-03 7.188210422616367681e-03 7.127682845754330920e-03 7.004586283595510068e-03 6.854530900635333844e-03 6.678184499150944739e-03 6.471137156095992105e-03 6.227056677936057029e-03 5.964741259268226646e-03 5.643456761271889097e-03 5.341076369818714004e-03 5.015210259466188966e-03 4.677975256873551958e-03 4.326566266632168173e-03 3.964410126086847369e-03 3.614155385385245389e-03 3.215316740395245294e-03 2.858198142145808741e-03 2.469339897084160945e-03 2.104307522747692494e-03 1.772734571429878227e-03 1.474488601492964955e-03 1.110470228338190056e-03 8.151071260568644103e-04 4.955792915463815528e-04 1.997336088104696282e-04 3.126245807075113056e-03 3.835432909331761529e-03 4.414394786085616175e-03 4.933834799740800282e-03 5.361420428962921161e-03 5.760379976753974944e-03 6.100759252937619503e-03 6.406103382148276362e-03 6.654122938563823177e-03 6.858733504891861496e-03 7.029447678919498177e-03 7.124574687675773801e-03 7.210039414558179136e-03 7.227905554281847597e-03 7.216585360546143475e-03 7.154200329957274493e-03 7.064039361255549168e-03 6.910543422088940083e-03 6.728084036169827177e-03 6.517656162641534932e-03 6.281061564557294252e-03 6.005080882550308322e-03 5.713181187546411029e-03 5.369173622477580420e-03 5.052680006335033558e-03 4.705140497982022822e-03 4.355186780566255335e-03 4.000031685036892042e-03 3.630377973854345425e-03 3.288495771277450113e-03 2.892188395705844357e-03 2.518026758665304222e-03 2.127384112609258249e-03 1.773496487327420445e-03 1.444539998727287179e-03 1.110652065466252812e-03 7.777141476547149400e-04 4.834737102217841588e-04 1.021032160547705181e-04 -2.258415374333369368e-04 2.762575446816903835e+01 9.023887549110172213e-01 4.454593987987351400e-01 2.946704656226547536e-01 2.201569156483337009e-01 1.753450622206925158e-01 1.451014488984061490e-01 1.230380022837907206e-01 1.060106147610985899e-01 9.230251039910229716e-02 8.090442117916772646e-02 7.119022928391322003e-02 6.275529452171386968e-02 5.532920449183170025e-02 4.872581308405826706e-02 4.281330459019103141e-02 3.749570195232059672e-02 3.270130720281854558e-02 2.837516422757725698e-02 2.447404884978389775e-02 2.096306630409157379e-02 1.781330981821686865e-02 1.500002185313121725e-02 1.250119434855523522e-02 1.029649705439430150e-02 8.366603215772686411e-03 6.692519304251523353e-03 5.255274304752238952e-03 4.035913431778671324e-03 3.014566171259670281e-03 2.163925079394377494e-03 1.516399848245715510e-03 6.528996444211705849e-04 5.583173955473781777e-04 2.656822437289044583e-04 7.158255571366091299e-05 -2.017774754257324293e-05 -4.292143473360500320e-04 -3.049099302412834893e-04 0.000000000000000000e+00
3.049547791954620481e-03 3.942991152494346001e-03 4.686312304530723324e-03 5.335842760191352070e-03 5.923197044476948871e-03 6.444257646658600042e-03 6.906244309558276333e-03 7.312199817565385312e-03 7.659105777423056739e-03 7.954104696236774866e-03 8.206837050793964333e-03 8.398390897988831233e-03 8.548685432186573299e-03 8.630037968097014137e-03 8.679327048309095141e-03 8.669781243520274794e-03 8.623565290530802244e-03 8.502796230258399118e-03 8.343362190400275408e-03 8.149987297788320942e-03 7.915939880276319160e-03 7.632358892700580669e-03 7.326569974694551422e-03 6.947153696224886085e-03 6.583523323052052970e-03 6.190692798033560484e-03 5.783008502547437764e-03 5.354350761662874172e-03 4.909950760590087171e-03 4.480103696872028869e-03 3.996072908795067664e-03 3.556411450665158177e-03 3.082587018983539481e-03 2.630345271175349182e-03 2.222157130653468725e-03 1.847091349324188640e-03 1.403883644004323911e-03 1.029411382334213376e-03 6.363341504108526196e-04 2.650849033661518061e-04 3.049560717781284267e-03 3.947403564529078368e-03 4.697026968037494761e-03 5.360384873854151522e-03 5.957915509648691564e-03 6.496259660466536384e-03 6.967843451993956626e-03 7.389775938931108547e-03 7.745957513065563488e-03 8.046634072688916076e-03 8.299300634236476612e-03 8.466406210100264548e-03 8.611923628344618151e-03 8.672310782984067254e-03 8.693516614349097726e-03 8.648882750311993189e-03 8.565524782019131450e-03 8.406115755417626484e-03 8.205414421414031559e-03 7.968240872534457578e-03 7.695810978834963581e-03 7.371217172409544327e-03 7.026424619394689049e-03 6.616366882783803784e-03 6.231522236819484785e-03 5.809706563938500483e-03 5.382695597895265256e-03 4.945073503710654267e-03 4.490167942472653509e-03 4.064209440166903844e-03 3.578536772780113555e-03 3.117768889797960501e-03 2.640000117925715619e-03 2.196123986242298244e-03 1.784076585684723701e-03 1.369002686202888805e-03 9.552573417340216606e-04 5.752934838206512358e-04 1.087979053246388052e-04 -3.098715811365755765e-04 3.416191651567145726e+01 1.118470607207457279e+00 5.527878698480728215e-01 3.664345806032903718e-01 2.741535064611529959e-01 2.186618154455934049e-01 1.812070158328735192e-01 1.538718159643888694e-01 1.327583730571660348e-01 1.157384457266872196e-01 1.015620534288522864e-01 8.945561127026903370e-02 7.892118848568661915e-02 6.962769366161333795e-02 6.134833409548023919e-02 5.392317374269017111e-02 4.723611158814094296e-02 4.120053786146538749e-02 3.575004222101397372e-02 3.083223806415385029e-02 2.640461116679508960e-02 2.243166261084036939e-02 1.888270436844839695e-02 1.573022397403702269e-02 1.294864036978124987e-02 1.051355309940177167e-02 8.401023623371464341e-03 6.587218545593725300e-03 5.048394786539484036e-03 3.759496972646024678e-03 2.684901507505315071e-03 1.873482783709426447e-03 7.344787585507524816e-04 6.656936395469728596e-04 3.004207452646866878e-04 5.780095244692121342e-05 -5.676719892332273359e-05 -4.711888853566600444e-04 -3.330181630802127746e-04 0.000000000000000000e+00
2.971592551619688626e-03 4.031647639879940015e-03 4.928156311007575105e-03 5.721991463504439747e-03 6.444257646658600042e-03 7.107221924391560197e-03 7.692059500450533667e-03 8.204462583776037099e-03 8.652885658604969957e-03 9.039311905284563853e-03 9.372422559272102632e-03 9.635960301151115168e-03 9.847885647841692416e-03 9.976398577031940496e-03 1.006489920307373533e-02 1.008275639758151286e-02 1.005309531686132164e-02 9.937103918043333275e-03 9.769025292393793830e-03 9.565537635050290824e-03 9.306955018308329247e-03 8.987652226589001522e-03 8.642205165324188393e-03 8.208786469181956341e-03 7.788077399457975399e-03 7.332380571902279327e-03 6.858215660841099695e-03 6.356748877783512282e-03 5.834091648496918074e-03 5.328495885937536806e-03 4.763459426842268397e-03 4.245183525524356266e-03 3.691829117791386658e-03 3.177680147582213812e-03 2.653768944533063667e-03 2.209985845193919874e-03 1.687436993329332908e-03 1.238517244738585477e-03 7.732673612129200430e-04 3.275042989654156295e-04 2.971605780855614103e-03 4.036666456796966090e-03 4.940874928988293023e-03 5.751600963399015887e-03 6.487013412840274794e-03 7.177215345618962079e-03 7.770852137453759280e-03 8.303085694342206974e-03 8.766396400741295267e-03 9.162265965623932543e-03 9.496287865846188975e-03 9.735706571144607524e-03 9.942316703877176684e-03 1.004669563563431386e-02 1.010215978681521312e-02 1.007734240258957754e-02 1.000332851615121782e-02 9.840729492682295451e-03 9.622725933456708139e-03 9.366687185942757995e-03 9.060787752605584458e-03 8.691827227625318827e-03 8.298388772407065683e-03 7.826798722293821370e-03 7.378020272434072588e-03 6.886404214118365882e-03 6.386631952680884086e-03 5.871037326534341190e-03 5.334813922016771841e-03 4.828649912261827673e-03 4.257214098832625727e-03 3.713231746058231683e-03 3.151823807338053392e-03 2.628844298306856619e-03 2.120642808086477347e-03 1.628200298618977422e-03 1.130928075643871170e-03 6.706037901307714422e-04 1.208073787368415142e-04 -3.877604549752404397e-04 4.036786017015259631e+01 1.325149981413729972e+00 6.555203618049540992e-01 4.350021994054358299e-01 3.258087479881284221e-01 2.601669139712587953e-01 2.158689355005551647e-01 1.835361935771089859e-01 1.585506142388729833e-01 1.383909107075188549e-01 1.215774708486972167e-01 1.071964685917698307e-01 9.466170884430517851e-02 8.358505405506287678e-02 7.370174184122134375e-02 6.482571738069092815e-02 5.682228040613263725e-02 4.959109751125796023e-02 4.305525017901407764e-02 3.715395971709383599e-02 3.183773199293772616e-02 2.706501412817942029e-02 2.279964807538431212e-02 1.900901712887400827e-02 1.566264305587789646e-02 1.273137158751001807e-02 1.018661206481354109e-02 7.999938389950373915e-03 6.143073702545996835e-03 4.586033972084123909e-03 3.285301860896005545e-03 2.305224868665144405e-03 8.929943059331624114e-04 8.359250045343609003e-04 3.900472918206355556e-04 9.009442050517792796e-05 -5.711801645662084012e-05 -4.910661881202952380e-04 -3.500844762383646799e-04 0.000000000000000000e+00
2.888880047752870155e-03 4.096510729041168836e-03 5.131480363125089789e-03 6.056580016953063729e-03 6.906244309558276333e-03 7.692059500450533667e-03 8.411873677683258735e-03 9.009299913792484515e-03 9.565516770446102351e-03 1.004523030845259381e-02 1.045949164394472872e-02 1.079649199318307405e-02 1.107163094880064640e-02 1.124901149244704815e-02 1.137844361543492201e-02 1.142533990012450582e-02 1.141367094014286709e-02 1.130251038278946331e-02 1.109946631330423032e-02 1.093137321687745293e-02 1.064698965296770328e-02 1.029391880848922261e-02 9.911414096661895837e-03 9.427064780794419327e-03 8.952458434721614552e-03 8.437039999077654284e-03 7.899405592453332889e-03 7.328624149937220354e-03 6.730740294700570184e-03 6.152084739797977590e-03 5.508886024546082345e-03 4.913265328431727988e-03 4.279367537447862323e-03 3.675091431193457797e-03 3.095118802291517510e-03 2.574874660256786744e-03 1.972962080241174362e-03 1.450089419725439843e-03 9.137304421576611466e-04 3.941537155366825365e-04 2.888893427360272621e-03 4.102152168483327518e-03 5.144954158661788762e-03 6.090162370306510808e-03 6.956169657217335135e-03 7.769122519337343796e-03 8.510555868507477251e-03 9.125160733317974268e-03 9.704390049604992227e-03 1.019782890535465662e-02 1.061408186590183204e-02 1.092746419786526715e-02 1.119709529791336304e-02 1.134734780904296352e-02 1.143895566065362274e-02 1.143580171439125687e-02 1.137281541213625013e-02 1.120721117145294897e-02 1.094374919580340215e-02 1.071808348131302220e-02 1.037768843252031593e-02 9.966698341723942076e-03 9.527686212040271246e-03 8.998112543245905676e-03 8.488968518253457024e-03 7.931251286195524150e-03 7.362323919637346788e-03 6.772645752776930081e-03 6.158560120551223073e-03 5.575646393387498866e-03 4.921593180579712790e-03 4.297057768006811752e-03 3.653524786699018437e-03 3.043406059444017219e-03 2.462256228042868783e-03 1.891059306878287377e-03 1.311716408390387143e-03 7.723123017466662155e-04 1.412404840880562850e-04 -4.564093890365174245e-04 4.610648640348486538e+01 1.517783928916060621e+00 7.513986398362854091e-01 4.990409560716305148e-01 3.741211670295317426e-01 2.990557294622503970e-01 2.484133537594610808e-01 2.114512072299697676e-01 1.828787440314542656e-01 1.598077919157890325e-01 1.405447167742186754e-01 1.240454787889571087e-01 1.096424580693449724e-01 9.689532959106493537e-02 8.550490835418886326e-02 7.526166902372688483e-02 6.601433750526367050e-02 5.765044568007320069e-02 5.008384077285744918e-02 4.324639420795507727e-02 3.708250220053029012e-02 3.154528840146320762e-02 2.659375013425227530e-02 2.219070816081412587e-02 1.830126453833750069e-02 1.489193616264855406e-02 1.192986704453636616e-02 9.382400874887847006e-03 7.217061025757327136e-03 5.399275182988289706e-03 3.878109447170236847e-03 2.732626828141636582e-03 1.056529578930050228e-03 1.006233460077346487e-03 4.803607293853296291e-04 1.232983915609730825e-04 -5.668621430005622191e-05 -5.140245432927320612e-04 -3.695057437678434908e-04 0.000000000000000000e+00
2.813161242033208800e-03 4.150527202185816042e-03 5.307614758374100059e-03 6.350144941337537707e-03 7.312199817565385312e-03 8.204462583776037099e-03 9.009299913792484515e-03 9.827890916995174822e-03 1.042328731720842949e-02 1.099357026963306179e-02 1.148832154050497857e-02 1.190109271717949488e-02 1.224249697563186204e-02 1.247209616997739176e-02 1.264657327498714713e-02 1.272736158835674133e-02 1.274020475327115876e-02 1.264562622378564288e-02 1.250094594110637627e-02 1.224196452904570062e-02 1.195048641698777565e-02 1.157275099568593098e-02 1.116013982087166005e-02 1.063139210227772441e-02 1.010893566925294418e-02 9.539487752776423801e-03 8.943832323686307442e-03 8.309234095787987329e-03 7.641312923788503089e-03 6.994500582212667683e-03 6.279158150558960226e-03 5.610754482104982586e-03 4.901782350094891806e-03 4.222240329528108294e-03 3.571163862067925319e-03 2.980806973475396554e-03 2.303910289067012240e-03 1.710315106229761978e-03 1.106083937505701218e-03 5.163183297450053746e-04 2.813174535637765362e-03 4.156459840216429787e-03 5.323653021704091021e-03 6.388372995986290638e-03 7.369630084821970038e-03 8.292828925826670888e-03 9.115920242015379538e-03 1.002011917449571049e-02 1.059969164938456658e-02 1.118581495557954830e-02 1.168267770601462245e-02 1.207218320111443262e-02 1.240812974209217975e-02 1.260748931199729556e-02 1.273911108701093059e-02 1.276216875010605621e-02 1.271646026151979948e-02 1.255959900743905573e-02 1.235034101602320786e-02 1.201810160231025874e-02 1.166243749235034571e-02 1.121832895158405251e-02 1.074041731186265065e-02 1.015910224417101299e-02 9.595303143047063249e-03 8.977049872430881844e-03 8.344332875190452539e-03 7.685890120147354648e-03 6.998960202290109393e-03 6.344256082168249142e-03 5.612572537145956754e-03 4.912024234727255072e-03 4.190667499548520088e-03 3.501375711108413620e-03 2.843782772117391718e-03 2.197731488854676868e-03 1.539320936521539626e-03 9.232579983199866013e-04 2.136180890989471061e-04 -4.700163679241703180e-04 5.171645674179080743e+01 1.708026508855509107e+00 8.462159386486624024e-01 5.623786609716034945e-01 4.219211729325831883e-01 3.375598814313536811e-01 2.806733501766626726e-01 2.391659990678783876e-01 2.070794464079388775e-01 1.811607302802327457e-01 1.595033244249677851e-01 1.409337493285219844e-01 1.247036107330137950e-01 1.103209798015504367e-01 9.745277429747632725e-02 8.586647177809805798e-02 7.539465947266919821e-02 6.591313451798515299e-02 5.732688441123316020e-02 4.956078592931453114e-02 4.255344521448339856e-02 3.625296579349229775e-02 3.061378646468267822e-02 2.559442291128816854e-02 2.115580222727238280e-02 1.726034546682108164e-02 1.387115629208001549e-02 1.095155944575840201e-02 8.465087344783083639e-03 6.372812620159331275e-03 4.616834430822196710e-03 3.289626284944550515e-03 1.343435206355608627e-03 1.274382953525095372e-03 6.518888924456810391e-04 2.212327158244674623e-04 -8.061571862117972024e-06 -5.068610799158027600e-04 -3.744002838900099090e-04 0.000000000000000000e+00
2.726586984329515927e-03 4.178265143337026727e-03 5.445046506825308545e-03 6.593648301747676889e-03 7.659105777423056739e-03 8.652885658604969957e-03 9.565516770446102351e-03 1.042328731720842949e-02 1.116673959035493525e-02 1.183595701833016142e-02 1.241038205798027441e-02 1.290213901081241170e-02 1.331240471591642500e-02 1.359595581677654035e-02 1.381722756385054228e-02 1.393292732040136810e-02 1.397022326806805943e-02 1.388878043240575171e-02 1.373999678609178453e-02 1.348666733521022149e-02 1.318020273711247026e-02 1.277708676177805730e-02 1.233494218851244502e-02 1.176299608786969368e-02 1.119405135575889457e-02 1.057192178588452908e-02 9.919414733648473231e-03 9.222709262188337823e-03 8.486065184284423760e-03 7.771751079756993030e-03 6.988166438533045463e-03 6.246592522304954091e-03 5.463524320296086513e-03 4.710663128136348236e-03 3.987555988358515956e-03 3.327426505699888296e-03 2.576435115576976125e-03 1.912126788875614025e-03 1.240156760013755343e-03 5.792821273115978699e-04 2.726600143559343263e-03 4.184580391725832571e-03 5.462459734183849371e-03 6.635956549080338635e-03 7.724166870252796233e-03 8.754526436458692426e-03 9.693041212395218931e-03 1.059786521598676118e-02 1.136459041927244916e-02 1.205659926997913051e-02 1.263384857571082064e-02 1.310425904271818320e-02 1.351063235896342134e-02 1.376166548594073488e-02 1.393575039651761237e-02 1.398673794848854027e-02 1.395888249620145204e-02 1.380773760987936277e-02 1.358583725238548222e-02 1.325193660568978020e-02 1.287328271713409321e-02 1.239605631581695844e-02 1.188069053383333101e-02 1.124973507839603822e-02 1.063347870849623913e-02 9.957044848121958044e-03 9.262808810304638471e-03 8.538184774037669775e-03 7.780669238067258221e-03 7.056404864187126869e-03 6.249851133196988873e-03 5.474974216588025799e-03 4.677691238701036681e-03 3.911904653720538541e-03 3.178949442505438899e-03 2.459622345495077276e-03 1.724111616489184097e-03 1.032727245404504220e-03 2.462721598538016531e-04 -5.231819729574323447e-04 5.665357530306503975e+01 1.877158210176449904e+00 9.306852381812258379e-01 6.188925804683993448e-01 4.646530179900063007e-01 3.720617890687228924e-01 3.096582985561784351e-01 2.641410057214230167e-01 2.289554082889941056e-01 2.005227490716892380e-01 1.767465555845091629e-01 1.563382941183104335e-01 1.384783251578137198e-01 1.226297496580815716e-01 1.084304188261330654e-01 9.562847865908961908e-02 8.404325522365944934e-02 7.354113399923047079e-02 6.402015225751071792e-02 5.539978455956232756e-02 4.761420031139135950e-02 4.060763044242565734e-02 3.433093897808089240e-02 2.873918961220583296e-02 2.378987368088520890e-02 1.944196165280525843e-02 1.565508372679856597e-02 1.238904844140410917e-02 9.603838995357032865e-03 7.256574959892024383e-03 5.282847835374093921e-03 3.788149708292219784e-03 1.588982474160741121e-03 1.507784205279024976e-03 7.978498291009380756e-04 3.014686481506620962e-04 2.942251519698281699e-05 -5.097810740574423112e-04 -3.844223969962671183e-04 0.000000000000000000e+00
2.638322033720142800e-03 4.189324012333058532e-03 5.552827152325737724e-03 6.795856234856788823e-03 7.954104696236774866e-03 9.039311905284563853e-03 1.004523030845259381e-02 1.099357026963306179e-02 1.183595701833016142e-02 1.264849323913824417e-02 1.323910515719037978e-02 1.382028585722863863e-02 1.430530891898209277e-02 1.464680572119291674e-02 1.492006548386906432e-02 1.507559043356796434e-02 1.514229861865891771e-02 1.507958953066892635e-02 1.493843075068236950e-02 1.468695798536562638e-02 1.437205637077875083e-02 1.394960283424741092e-02 1.348358985802696614e-02 1.287431330167961366e-02 1.226444371572497742e-02 1.159490905384736974e-02 1.089047517031145780e-02 1.013639412681971094e-02 9.334977066393424991e-03 8.553935793654540015e-03 7.723359740727137566e-03 6.904105080601187841e-03 6.048919298418386180e-03 5.225448741962735767e-03 4.431451437267622598e-03 3.702494365046151911e-03 2.878747901286861626e-03 2.144572173081441512e-03 1.406114761403605071e-03 6.758018373839194378e-04 2.638334977967521627e-03 4.195944356938732973e-03 5.571360004681480925e-03 6.841662802568047701e-03 8.025826268593843141e-03 9.152446944717996385e-03 1.018916933653913476e-02 1.118809503104428033e-02 1.206113371952115959e-02 1.292583334874714343e-02 1.348932376505462653e-02 1.405444085347479395e-02 1.453935059745084871e-02 1.484666432551692318e-02 1.506876344895339247e-02 1.515285135510871170e-02 1.514798711608534611e-02 1.500825554326439687e-02 1.478628557103554668e-02 1.444624307243599741e-02 1.405126740767037412e-02 1.354702494836819600e-02 1.299991416495038278e-02 1.232516772652310529e-02 1.166187906429563652e-02 1.093251248920195512e-02 1.018165806445198336e-02 9.395446039680706643e-03 8.571394678359264135e-03 7.780493999816597006e-03 6.907605063107844293e-03 6.059020207769707719e-03 5.187651423421191059e-03 4.347665518295409752e-03 3.540389139570098223e-03 2.748570139022857555e-03 1.936872601917468632e-03 1.170930489382122431e-03 3.085857818863832220e-04 -5.451404571954819415e-04 6.133091270085144942e+01 2.039129034392643813e+00 1.011761236198959413e+00 6.732001162253133941e-01 5.057673319518221078e-01 4.053076558242239003e-01 3.376394198888123532e-01 2.883030579503460533e-01 2.501707688634211002e-01 2.193501685847797644e-01 1.935619035456868642e-01 1.714067737026400695e-01 1.519967375247292807e-01 1.347518102642282778e-01 1.192820446486192870e-01 1.053171403157099478e-01 9.266382821562370309e-02 8.117963597719984881e-02 7.075615387320330352e-02 6.130793542037980826e-02 5.276518084370498962e-02 4.506870453071049054e-02 3.816623651604072326e-02 3.200981297537099785e-02 2.655389987451092781e-02 2.175441732208700102e-02 1.756790958621500323e-02 1.395104918032221385e-02 1.086064145470920853e-02 8.250235651272282492e-03 6.049471071359509289e-03 4.375961232253702642e-03 1.920486163953075186e-03 1.807852260939369271e-03 9.984830985116164952e-04 4.246232447905901996e-04 9.826396229207675617e-05 -4.942659189128377744e-04 -3.859790378568970321e-04 0.000000000000000000e+00
2.559678326109855392e-03 4.195141758713724113e-03 5.642104573882652553e-03 6.967307981843930652e-03 8.206837050793964333e-03 9.372422559272102632e-03 1.045949164394472872e-02 1.148832154050497857e-02 1.241038205798027441e-02 1.323910515719037978e-02 1.405536725638772272e-02 1.467660260785044746e-02 1.523335343834698180e-02 1.563120948089874798e-02 1.596010533932776948e-02 1.615940819602081427e-02 1.625987108668823511e-02 1.622109898717835966e-02 1.609430474652092519e-02 1.584858300708644890e-02 1.553167589872377942e-02 1.509654744807990140e-02 1.461321878571446818e-02 1.397357537338179967e-02 1.332969159139310925e-02 1.261978653091138693e-02 1.187069215231694938e-02 1.106779121300651043e-02 1.021315185989493148e-02 9.394996065921807152e-03 8.409769938526389516e-03 7.571016632870156311e-03 6.656739733681893943e-03 5.771420108551812700e-03 4.913210990380417753e-03 4.121448426221670583e-03 3.230755916826983775e-03 2.430966449652698872e-03 1.629850449516032432e-03 8.332500410534664052e-04 2.559690885615501822e-03 4.201909218106516554e-03 5.661181112944750279e-03 7.015375235569823106e-03 8.283187138783641712e-03 9.493955903249145720e-03 1.061542526722852181e-02 1.169856704735479196e-02 1.265452939207453546e-02 1.350705268563466392e-02 1.438880956760498799e-02 1.495072255286805304e-02 1.551126211323831591e-02 1.587159166760390358e-02 1.614437364046247131e-02 1.626487300530462393e-02 1.628683744784658813e-02 1.616330527824573135e-02 1.594767273609561456e-02 1.560497939555991094e-02 1.519978019796889082e-02 1.467481941128856264e-02 1.410213753766179599e-02 1.339007886501370100e-02 1.268597960224599440e-02 1.190996341216230339e-02 1.110869396768178995e-02 1.026739759938007437e-02 9.384052773588958882e-03 8.539241695924151138e-03 7.570709116613254762e-03 6.669568028404340362e-03 5.731231945871802583e-03 4.823505903435283682e-03 3.947212021841783013e-03 3.087931003466579376e-03 2.204943078716758813e-03 1.368644289633353132e-03 4.343725265439151123e-04 -4.996738389853103276e-04 6.557269881665772004e+01 2.187357160409804102e+00 1.086021348057998326e+00 7.229258961331328504e-01 5.434068115666534915e-01 4.357537209531811007e-01 3.632872905475995617e-01 3.104822128225671052e-01 2.696819619336433549e-01 2.367044836778925965e-01 2.091014327988795496e-01 1.853714117878189072e-01 1.645633113223174127e-01 1.460574884335877899e-01 1.294384498864795952e-01 1.144189892300015721e-01 1.007943615603370952e-01 8.841412681127443218e-02 7.716420140877443268e-02 6.695493234434279906e-02 5.771324111274167556e-02 4.937719074032178440e-02 4.189203063551524137e-02 3.520740622279100451e-02 2.927537510389451383e-02 2.404938952997763210e-02 1.948346470293552818e-02 1.553165261640920489e-02 1.214805236338180848e-02 9.283095023229718384e-03 6.860986421966919213e-03 5.011007152978722186e-03 2.304828670294884353e-03 2.154112193161822168e-03 1.241569211773373236e-03 5.848646867316741743e-04 1.971976646661229785e-04 -4.599692671438215634e-04 -3.779865036770634046e-04 0.000000000000000000e+00
2.463645315782211562e-03 4.170848649290944364e-03 5.689931973100187737e-03 7.086972264493743290e-03 8.398390897988831233e-03 9.635960301151115168e-03 1.079649199318307405e-02 1.190109271717949488e-02 1.290213901081241170e-02 1.382028585722863863e-02 1.467660260785044746e-02 1.541796191288457955e-02 1.604378566546501780e-02 1.649571441013448700e-02 1.688888250866383070e-02 1.713854524911107013e-02 1.727864535681949629e-02 1.727002321585094022e-02 1.716414534519809451e-02 1.692911969870638730e-02 1.661605221254796802e-02 1.617393809026459323e-02 1.567830571510114152e-02 1.501348364619693211e-02 1.433992688445764711e-02 1.359336212140008215e-02 1.280229298806588416e-02 1.195190173387173163e-02 1.104140879286505741e-02 1.016188098072496465e-02 9.154241198872203888e-03 8.237616673629950120e-03 7.257644384570192259e-03 6.309259288944281917e-03 5.386056196466000763e-03 4.531016133984029290e-03 3.573445762175157803e-03 2.707578449473964539e-03 1.843704833918459289e-03 9.805843955632163531e-04 2.463657507121528104e-03 4.177780358861974720e-03 5.709613977524247846e-03 7.137409057094731661e-03 8.479639253142323696e-03 9.766381594452373804e-03 1.096550470963377280e-02 1.213004592196572154e-02 1.317140517903712602e-02 1.412259203385700206e-02 1.500369355730443895e-02 1.579425898539323428e-02 1.637504818735510681e-02 1.678275314636784935e-02 1.711472895956069051e-02 1.727866588228380018e-02 1.733387627003948536e-02 1.723324564861296662e-02 1.703093520213323428e-02 1.669086741606183588e-02 1.628153652168070481e-02 1.574175640298253881e-02 1.514878284552228019e-02 1.440487432821984520e-02 1.366467052853362861e-02 1.284646956104593986e-02 1.199873163197919847e-02 1.110571015007934953e-02 1.016508235993624984e-02 9.261714115832131097e-03 8.239862831563559906e-03 7.270733588073087332e-03 6.265016976346234751e-03 5.291154030034461199e-03 4.346828973902427083e-03 3.420997081753210812e-03 2.467683244025465229e-03 1.561658348628391403e-03 5.556252315958644687e-04 -4.583874551394357300e-04 6.944209069037474080e+01 2.324143888147231607e+00 1.154696929528145066e+00 7.689516539854449606e-01 5.782745288727508814e-01 4.639895974301739279e-01 3.871101504455917719e-01 3.311238710950621944e-01 2.878834500347131620e-01 2.529373745421787389e-01 2.236797762859807359e-01 1.985137990995099466e-01 1.764293319576287211e-01 1.567696551223266566e-01 1.390955192954846098e-01 1.231041977807376953e-01 1.085806481615620295e-01 9.536752625437633357e-02 8.334605555613200378e-02 7.242327855329412645e-02 6.252364295335705036e-02 5.358316845963662090e-02 4.554521477968549725e-02 3.835752246674212218e-02 3.197014367407346319e-02 2.633442353703442998e-02 2.140218526636210317e-02 1.712520539839584507e-02 1.345523972826742458e-02 1.033999020562107775e-02 7.698746688611776343e-03 5.672086578783912085e-03 2.718877442829237441e-03 2.523162087480619771e-03 1.504291915883763193e-03 7.611874585405916478e-04 3.083358517285438353e-04 -4.198263913949489912e-04 -3.675630630898602176e-04 0.000000000000000000e+00
2.374856398327162329e-03 4.140215668616283907e-03 5.719013418063904897e-03 7.176298681449585354e-03 8.548685432186573299e-03 9.847885647841692416e-03 1.107163094880064640e-02 1.224249697563186204e-02 1.331240471591642500e-02 1.430530891898209277e-02 1.523335343834698180e-02 1.604378566546501780e-02 1.676944942806572747e-02 1.722995126403834357e-02 1.771105875851120698e-02 1.802083277049671903e-02 1.820820174850268369e-02 1.823787056201037898e-02 1.816119943586834776e-02 1.794393186955392516e-02 1.764249763409627553e-02 1.720110831100395143e-02 1.670059817944528208e-02 1.601683351006863779e-02 1.531982839204560840e-02 1.454219218269467429e-02 1.371397521468288409e-02 1.282077193196537630e-02 1.185938023807563482e-02 1.092780185888597710e-02 9.867302108431794463e-03 8.889864396922452297e-03 7.848690661629423304e-03 6.840956412639500293e-03 5.855282901777916944e-03 4.939411310143916080e-03 3.917103065906538811e-03 2.986270954473180684e-03 2.060631571928316606e-03 1.131266699581392945e-03 2.374868162429829600e-03 4.147250538241159870e-03 5.739090217535941160e-03 7.228646597017093778e-03 8.634166409108934639e-03 9.986292351787365643e-03 1.125282337201771558e-02 1.248983540038723673e-02 1.360706470892857588e-02 1.464206925142102003e-02 1.560298982130314469e-02 1.641552524355106499e-02 1.713066220930470340e-02 1.754867754056865445e-02 1.796860730289341623e-02 1.818888578954795318e-02 1.828743469504971048e-02 1.821992802144359325e-02 1.804109389560383872e-02 1.771246130781665984e-02 1.730835560539178281e-02 1.676288307494212815e-02 1.615827571110941760e-02 1.538997900938816887e-02 1.462070480076271481e-02 1.376665682643453750e-02 1.287786709278950469e-02 1.193786705225391952e-02 1.094422745125449292e-02 9.987340226650114408e-03 8.904453472531013991e-03 7.873692485430731913e-03 6.802337292464509522e-03 5.764170548479919352e-03 4.752524235236807622e-03 3.760732441672711996e-03 2.737414549913237422e-03 1.761479924596532623e-03 6.828120271636861031e-04 -4.121663943480753504e-04 7.286207935622194043e+01 2.445805709746009526e+00 1.215795961152413840e+00 8.098798216170760567e-01 6.092804966367388886e-01 4.891174366496324200e-01 4.083445805015156749e-01 3.495665302244768124e-01 3.041958879085622791e-01 2.675389900869866722e-01 2.368480318395475570e-01 2.104398542493414459e-01 1.872507852176178988e-01 1.665903349097309361e-01 1.479976042315918339e-01 1.311557992351518875e-01 1.158406925561547424e-01 1.018889724187563850e-01 8.917802771093981395e-02 7.761243083356177130e-02 6.711500478127227498e-02 5.762060487401196585e-02 4.907162203371653181e-02 4.141484851874799311e-02 3.459929961621421163e-02 2.857516543840964846e-02 2.329298220708924533e-02 1.870308257009112296e-02 1.475561920216449108e-02 1.139622095586388488e-02 8.539884390249464011e-03 6.338565918755201256e-03 3.141838657049391987e-03 2.898708449436941063e-03 1.772808605616621805e-03 9.422764290296027807e-04 4.230469536182518571e-04 -3.802373463784101243e-04 -3.580903533712234861e-04 0.000000000000000000e+00
