1932.12687508234748 -1883.86322123205743 1444.30135567310442 -69.4463061841109549 -106.916206630977692 -36.4915566989947698 -67.1337525432988802 75.2995097427710494 9.84121673779779712 -15.0762583073557532 10.596062156266408 -1706.80689652521418 1174.45154139142797 -794.819689941850761 25.5592052185938005 81.691104197177146 7.72371753373047516 38.5779772322987192 -31.3100649895021852 -32.5326053580034181 13.2312117597784577 -2.06062685938329479 -32.3975326513105655 7.09245530118133038 6.06851889642092851 2.84762903635178027 0.301105242662271493 10.321657024684153 1.72293348302634815 -2.39757101470610088 3.5106296958968287 -5.64852881450714344 -0.0927994045653109912
-1883.86322123205743 19909.0998371537277 -22983.1275468264126 5552.63524861078803 560.941532847312205 -31.8302310531123723 299.169081549039988 -1311.26608788644458 917.802590412427216 -450.48092870545208 115.301637783988225 1163.52923545065568 -11776.5836962756506 12549.5067503054268 -2558.10270274334796 -480.266166484234017 102.571773178035255 -26.3952086256775088 727.942254006851524 -570.753268840905773 329.60037949958995 -98.6186669749177172 201.250046729678712 -80.3603875974514638 -14.7583629526269479 20.9419579760846705 23.6289548135190388 -44.2186901101965957 58.1560788848769978 12.9721812134364671 -39.3299109707047125 28.6584433042144039 -5.84123743666730675
1444.30135567310442 -22983.1275468264126 37712.2398699801738 -18593.155098068705 1041.34802758193412 1127.33073557441205 -230.741396349651215 1486.60174014782617 -2077.08222016041373 1251.90124925616655 -294.250776837849133 -770.892112265926906 12360.6978242870437 -19266.2464392666228 8837.93607234079308 -343.700036327970791 -519.646334272856792 172.536349417847614 -1171.21710297711883 1582.55620554108467 -941.936663915012285 213.370877198618473 -476.664289664597872 98.479704954297773 -13.7907573161157714 -46.2958455451296455 -40.3893208287270948 51.9616271416795537 -66.1531509183066967 28.1895520957850892 4.72905158939885957 -12.0267231905879122 -0.980790804351653821
-69.4463061841109549 5552.63524861078803 -18593.155098068705 19949.0076848643954 -6384.31040428565205 -916.931660873265394 592.997323392432681 -1222.45280771486034 2349.06557036064683 -1537.65063225679601 293.067926019612169 32.6129963747360062 -2385.64848313197756 8867.05727193872658 -10182.2193942003373 3815.71236073096934 113.963354042569167 -673.402233332559446 1421.33914663012444 -1961.60113506731264 1178.08596141706738 -221.691985153222817 280.29568688822403 -72.1711472724392197 -0.581090399445483821 10.4845797208401921 -7.8380582129284779 16.7192717664894965 4.15853939252151178 -95.3798550696768881 94.7974869008993975 -27.5842733795244933 4.27113810020592781
-106.916206630977692 560.941532847312205 1041.34802758193412 -6384.31040428565205 9245.34439591476209 -5102.9682409889983 -722.208110439141168 3336.32428366014182 -2517.42631313369536 767.632958585362739 -67.7579886751384028 69.9763742165518453 -92.4622378223121716 -1127.70509192736465 4205.05647935774321 -5744.55641732240379 3153.79233256171705 563.600187508198673 -2430.67279135191394 2024.95705668189871 -741.600040196507494 102.619346399998143 -152.547427396103034 32.4238030247029017 0.792350378987075416 8.14207546126451926 7.66136206598088575 -100.694744794292476 55.5700931192150769 78.611850609451804 -77.8979520692942639 12.2501474346780393 2.59110255692445219
-36.4915566989947698 -31.8302310531123723 1127.33073557441205 -916.931660873265394 -5102.9682409889983 8183.05013167475634 -2223.89891564692465 -2927.22489048581755 2000.30296403710679 139.573905730257476 -199.44509739753261 21.9352510377540324 -202.464126181770693 127.39416399260384 -269.623113570383352 3133.03804624523364 -4621.46608513516906 1270.50406721830097 1889.45385144907612 -1705.60960339471508 335.177945483597062 25.3301187012549981 170.640462097893941 5.76110778257688773 10.3127891098965092 -12.7526247098941929 -3.41528919986871284 90.5012198053771628 -76.7760210721004666 -50.2377032125016957 49.4820734749112261 4.47897144742521131 -3.110145037881693
-67.1337525432988802 299.169081549039988 -230.741396349651215 592.997323392432681 -722.208110439141168 -2223.89891564692465 6440.92231218112759 -6361.55300067638065 2829.6365484063709 -551.48980522452788 62.3888527653969653 55.4009285513678431 -193.792095622627119 103.707981260320849 -238.48276431649419 241.330593389884533 1273.99951664388582 -3238.01766298424554 2819.45574928810187 -804.925149772035549 -156.469657529922723 76.9667060845442863 39.0735313458786227 -10.3690980673020161 2.32505572453554993 0.913950224107736151 8.17541715637619566 5.20346334639455251 -18.3678626216297132 -8.184876330970258 4.69817760842280957 2.31916659268632854 1.40560980541922027
75.2995097427710494 -1311.26608788644458 1486.60174014782617 -1222.45280771486034 3336.32428366014182 -2927.22489048581755 -6361.55300067638065 15231.7260072769309 -10829.8513594703381 2476.36155341884262 64.0720340918467748 -57.1054063488208889 895.281086412728397 -1011.19860119422299 756.920001742666078 -1630.30612719364733 1467.03768552683439 2761.88052545460045 -7044.50524080291105 4872.78560522723438 -919.843318399788259 -115.682407055941958 -217.175227306145331 -7.60174988244708932 -7.92208429327711945 8.29102123381726105 9.54888948427942104 -122.219968510008103 105.599251953369417 21.9855302763425865 -44.4286194100250946 -8.56388092748870482 7.32667945637891758
9.84121673779779712 917.802590412427216 -2077.08222016041373 2349.06557036064683 -2517.42631313369536 2000.30296403710679 2829.6365484063709 -10829.8513594703381 11653.4528763161685 -4936.70630439844094 544.452394071061514 -17.7632719701024632 -549.762100091040333 1179.00137896413377 -1268.19709303900436 1278.49829559387568 -1043.98243877688981 -1015.5411968037322 4797.84277110876734 -5380.9642451463156 2321.56230711852662 -261.642999933592625 166.468441015318343 29.6377978763384332 8.08843280882145986 -6.09709750539775514 -20.6016873751141428 104.40271613916074 -82.1338678126777479 -19.3933039010388293 37.7674277727552383 3.65413702307008154 -8.83347708324275313
-15.0762583073557532 -450.48092870545208 1251.90124925616655 -1537.65063225679601 767.632958585362739 139.573905730257476 -551.48980522452788 2476.36155341884262 -4936.70630439844094 4000.06754657548014 -1018.64116637110281 24.2945179161931972 237.578185639545225 -658.099535693374023 816.027331369931679 -429.074756850842176 -31.142202859610645 107.964459186893738 -931.884972358168334 2259.70847662674763 -1998.83724530420896 535.365748037754396 -28.6175223205112325 -15.1164594000826633 -3.23978208048670827 1.25191845396753104 5.02011900350006453 -27.4508275848255746 19.7093891039873738 12.5515000453152262 -14.7915228576470691 -2.38570627880573533 3.25914351484015271
10.596062156266408 115.301637783988225 -294.250776837849133 293.067926019612169 -67.7579886751384028 -199.44509739753261 62.3888527653969653 64.0720340918467748 544.452394071061514 -1018.64116637110281 479.640955527235629 -13.5698824798476829 -57.6997931065867681 158.536293432877003 -166.611214510019899 57.8040957265303405 83.3689213935165653 -1.30136030231443236 -78.6978925235531495 -250.730799569718701 527.971499012461177 -252.671619499747466 -3.48888603770161466 1.48356043565452322 2.1691442606582343 -0.0835149226872472492 1.10427425010298037 -1.1657523645979031 2.00180900413029098 -4.34559371578657518 3.38770281807640081 -0.343670772567828657 -0.295327750535527302
-1706.80689652521418 1163.52923545065568 -770.892112265926906 32.6129963747360062 69.9763742165518453 21.9352510377540324 55.4009285513678431 -57.1054063488208889 -17.7632719701024632 24.2945179161931972 -13.5698824798476829 1573.3926604524032 -856.133102274669762 516.725686888263316 -37.4611857425535246 -57.1304333872642821 -1.95002209649666742 -31.6769540584508756 21.9054381562351269 41.5511710253076438 -26.0500601352977325 6.39777208237853342 28.3906288645693863 -3.28706558759114895 -3.80120896604073268 -2.98878332065778228 0.739079050193101324 -12.5913439880552723 -0.752194634218341465 2.03369038400744571 -3.4727996973219977 5.21000655442853449 -0.0082472892891301153
1174.45154139142797 -11776.5836962756506 12360.6978242870437 -2385.64848313197756 -92.4622378223121716 -202.464126181770693 -193.792095622627119 895.281086412728397 -549.762100091040333 237.578185639545225 -57.6997931065867681 -856.133102274669762 7794.43395625409264 -7772.54338771809415 1541.35096626111085 43.127322133838923 55.597854651425186 -7.84048928591984185 -458.679097960920835 301.837746797757631 -154.665223329675326 51.6269990197652632 -117.545824769798239 48.6128100884222473 10.2300448558953473 -5.2317142598212429 -11.7895826106426893 49.3668960807723387 -63.1123239126985711 -1.96121209695898981 26.6223856713041873 -19.454446043138976 4.72089006091553921
-794.819689941850761 12549.5067503054268 -19266.2464392666228 8867.05727193872658 -1127.70509192736465 127.39416399260384 103.707981260320849 -1011.19860119422299 1179.00137896413377 -658.099535693374023 158.536293432877003 516.725686888263316 -7772.54338771809415 11536.976865729102 -5350.86904284161551 913.507711704554189 -161.459569685432422 -61.4171061478062891 702.54591218276177 -853.605100754203502 480.724275597429918 -118.26136189143229 305.346929162439333 -57.1655188007073761 12.3349946683044262 18.3491354285389168 23.4625910334439165 -69.2220592434280978 98.1093932904816831 -32.3996938228324315 -6.36369616075459639 5.95915342068351924 0.0306871819579260023
25.5592052185938005 -2558.10270274334796 8837.93607234079308 -10182.2193942003373 4205.05647935774321 -269.623113570383352 -238.48276431649419 756.920001742666078 -1268.19709303900436 816.027331369931679 -166.611214510019899 -37.4611857425535246 1541.35096626111085 -5350.86904284161551 6563.11496416471629 -3314.60842263063733 545.153376212875925 411.042839200845466 -905.105549635788059 1083.83354208384891 -631.427827438916327 129.028272313703804 -195.749760843576207 46.2209015213354884 -4.31974946615231103 -1.28957811609417248 6.29340419515376393 31.1916044648460681 -68.7785746951357736 98.2925957944570417 -78.0064065839463826 29.3054224141912641 -4.38621700548824797
81.691104197177146 -480.266166484234017 -343.700036327970791 3815.71236073096934 -5744.55641732240379 3133.03804624523364 241.330593389884533 -1630.30612719364733 1278.49829559387568 -429.074756850842176 57.8040957265303405 -57.1304333872642821 43.127322133838923 913.507711704554189 -3314.60842263063733 4426.82661099256556 -2306.33535832729276 -398.527754518917377 1542.66764933623671 -1238.8386111449787 458.835604981260857 -76.1716514523099246 107.463177591021836 -23.8727300052890158 2.39229462929904669 -2.74991390269306209 -9.38358623658373358 32.9934719241828155 22.2543814723348034 -108.167869794183125 95.4398329204915045 -30.2183575778918779 2.30326892223441593
7.72371753373047516 102.571773178035255 -519.646334272856792 113.963354042569167 3153.79233256171705 -4621.46608513516906 1273.99951664388582 1467.03768552683439 -1043.98243877688981 -31.142202859610645 83.3689213935165653 -1.95002209649666742 55.597854651425186 -161.459569685432422 545.153376212875925 -2306.33535832729276 3011.38670022449809 -837.848754347069264 -1089.86513560418878 1044.77605224591383 -251.914055709461053 4.98475592993545982 -104.419257287253031 -2.12912201204582572 -6.37745365119831011 4.67151774411728273 5.49968343603801342 -47.0262110844973776 22.3236442469203181 69.6926745981021704 -63.5551405405123336 10.8689023784439708 -0.380749129041517848
38.5779772322987192 -26.3952086256775088 172.536349417847614 -673.402233332559446 563.600187508198673 1270.50406721830097 -3238.01766298424554 2761.88052545460045 -1015.5411968037322 107.964459186893738 -1.30136030231443236 -31.6769540584508756 -7.84048928591984185 -61.4171061478062891 411.042839200845466 -398.527754518917377 -837.848754347069264 2400.63541256547815 -2280.07293689116649 963.501081399817807 -112.708115295340216 -14.6390841636533787 -28.2619164728663463 5.92097427397307543 -3.82483466602078055 -1.23386976866517604 -4.70536715325630786 3.48944190975637543 -0.640537234475680267 22.7915973013978472 -19.4862809751360247 5.45483841679251012 -2.26525578604977107
-31.3100649895021852 727.942254006851524 -1171.21710297711883 1421.33914663012444 -2430.67279135191394 1889.45385144907612 2819.45574928810187 -7044.50524080291105 4797.84277110876734 -931.884972358168334 -78.6978925235531495 21.9054381562351269 -458.679097960920835 702.54591218276177 -905.105549635788059 1542.66764933623671 -1089.86513560418878 -2280.07293689116649 5726.93558010625353 -4494.15596415477132 1357.83697347644966 -78.1734696560135079 146.599072450874241 6.41885504506827138 10.2920805581669645 -0.616004396870330576 -3.629358141258367 69.8629697964451412 -39.806108006361373 -61.6210594689504037 66.2854274213538379 -6.72133927195915382 -2.14339697304378597
-32.5326053580034181 -570.753268840905773 1582.55620554108467 -1961.60113506731264 2024.95705668189871 -1705.60960339471508 -804.925149772035549 4872.78560522723438 -5380.9642451463156 2259.70847662674763 -250.730799569718701 41.5511710253076438 301.837746797757631 -853.605100754203502 1083.83354208384891 -1238.8386111449787 1044.77605224591383 963.501081399817807 -4494.15596415477132 5363.12121432854977 -2672.7290016708667 434.524235563110172 -121.233852883143149 -21.0869870549890936 -11.8321367905849124 0.735672613989719909 7.94606378479862539 -66.5279693080477556 37.8160799647745783 46.0050731301108325 -45.8087679811463218 -1.26385888630311974 4.96304894725196374
13.2312117597784577 329.60037949958995 -941.936663915012285 1178.08596141706738 -741.600040196507494 335.177945483597062 -156.469657529922723 -919.843318399788259 2321.56230711852662 -1998.83724530420896 527.971499012461177 -26.0500601352977325 -154.665223329675326 480.724275597429918 -631.427827438916327 458.835604981260857 -251.914055709461053 -112.708115295340216 1357.83697347644966 -2672.7290016708667 2155.67281432835787 -573.246598458293985 22.1883843435549358 11.7674900506775843 5.01489713721912598 -0.521027061679226034 0.827720614914566989 19.8283051005995473 -13.1234721616834838 -14.6077942254784722 9.32160368504473301 7.33159164260327428 -3.65055074956307887
-2.06062685938329479 -98.6186669749177172 213.370877198618473 -221.691985153222817 102.619346399998143 25.3301187012549981 76.9667060845442863 -115.682407055941958 -261.642999933592625 535.365748037754396 -252.671619499747466 6.39777208237853342 51.6269990197652632 -118.26136189143229 129.028272313703804 -76.1716514523099246 4.98475592993545982 -14.6390841636533787 -78.1734696560135079 434.524235563110172 -573.246598458293985 245.943552815403051 1.03442941875756424 -0.853267804921166209 -1.01963575652220353 0.610020499499051885 -1.27229249152802 0.256049718512481192 0.237365015795923931 2.533419101339896 0.200385858193483615 -1.77634992414320083 0.93214187121463023
-32.3975326513105655 201.250046729678712 -476.664289664597872 280.29568688822403 -152.547427396103034 170.640462097893941 39.0735313458786227 -217.175227306145331 166.468441015318343 -28.6175223205112325 -3.48888603770161466 28.3906288645693863 -117.545824769798239 305.346929162439333 -195.749760843576207 107.463177591021836 -104.419257287253031 -28.2619164728663463 146.599072450874241 -121.233852883143149 22.1883843435549358 1.03442941875756424 721.207245671021495 -10.1814127654562662 17.7641992336965215 -1.11190277641085596 -6.79727451551723903 5.12813039713123425 3.04322082857624862 -7.24570629019522483 5.589278153144411 -2.38252837758135885 0.815815723856436433
7.09245530118133038 -80.3603875974514638 98.479704954297773 -72.1711472724392197 32.4238030247029017 5.76110778257688773 -10.3690980673020161 -7.60174988244708932 29.6377978763384332 -15.1164594000826633 1.48356043565452322 -3.28706558759114895 48.6128100884222473 -57.1655188007073761 46.2209015213354884 -23.8727300052890158 -2.12912201204582572 5.92097427397307543 6.41885504506827138 -21.0869870549890936 11.7674900506775843 -0.853267804921166209 -10.1814127654562662 29.6052019686296337 0.648947955808560526 -0.251613601084798008 -1.85823921258164428 0.905986733096703366 0.200723653317100893 1.13140345345592482 -0.0401471489117568401 0.181184769798522608 -0.150035536259350072
6.06851889642092851 -14.7583629526269479 -13.7907573161157714 -0.581090399445483821 0.792350378987075416 10.3127891098965092 2.32505572453554993 -7.92208429327711945 8.08843280882145986 -3.23978208048670827 2.1691442606582343 -3.80120896604073268 10.2300448558953473 12.3349946683044262 -4.31974946615231103 2.39229462929904669 -6.37745365119831011 -3.82483466602078055 10.2920805581669645 -11.8321367905849124 5.01489713721912598 -1.01963575652220353 17.7641992336965215 0.648947955808560526 18.9778494127925257 -3.31714873905514998 -2.27120404244859879 -0.850016608209288685 0.631435392788026728 -0.457813169637894944 1.32953039282184147 -0.111460258264033309 0.00249440849335422422
2.84762903635178027 20.9419579760846705 -46.2958455451296455 10.4845797208401921 8.14207546126451926 -12.7526247098941929 0.913950224107736151 8.29102123381726105 -6.09709750539775514 1.25191845396753104 -0.0835149226872472492 -2.98878332065778228 -5.2317142598212429 18.3491354285389168 -1.28957811609417248 -2.74991390269306209 4.67151774411728273 -1.23386976866517604 -0.616004396870330576 0.735672613989719909 -0.521027061679226034 0.610020499499051885 -1.11190277641085596 -0.251613601084798008 -3.31714873905514998 13.822611461498528 0.77427407806083848 -4.50538044936312358 -1.19025110894039874 -1.67695014717040713 2.86746677904099955 0.222493386237958721 -0.338359757856092269
0.301105242662271493 23.6289548135190388 -40.3893208287270948 -7.8380582129284779 7.66136206598088575 -3.41528919986871284 8.17541715637619566 9.54888948427942104 -20.6016873751141428 5.02011900350006453 1.10427425010298037 0.739079050193101324 -11.7895826106426893 23.4625910334439165 6.29340419515376393 -9.38358623658373358 5.49968343603801342 -4.70536715325630786 -3.629358141258367 7.94606378479862539 0.827720614914566989 -1.27229249152802 -6.79727451551723903 -1.85823921258164428 -2.27120404244859879 0.77427407806083848 40.1254853438189763 -31.4918551847259157 -3.58112300669538283 -5.34039502849885781 11.4273173352305009 -1.49578818954198467 -0.642248753512386727
10.321657024684153 -44.2186901101965957 51.9616271416795537 16.7192717664894965 -100.694744794292476 90.5012198053771628 5.20346334639455251 -122.219968510008103 104.40271613916074 -27.4508275848255746 -1.1657523645979031 -12.5913439880552723 49.3668960807723387 -69.2220592434280978 31.1916044648460681 32.9934719241828155 -47.0262110844973776 3.48944190975637543 69.8629697964451412 -66.5279693080477556 19.8283051005995473 0.256049718512481192 5.12813039713123425 0.905986733096703366 -0.850016608209288685 -4.50538044936312358 -31.4918551847259157 61.3974996837593511 -27.4908393998719966 7.92797037919640463 -10.679446106101367 5.6558414793062446 -0.507674201813496583
1.72293348302634815 58.1560788848769978 -66.1531509183066967 4.15853939252151178 55.5700931192150769 -76.7760210721004666 -18.3678626216297132 105.599251953369417 -82.1338678126777479 19.7093891039873738 2.00180900413029098 -0.752194634218341465 -63.1123239126985711 98.1093932904816831 -68.7785746951357736 22.2543814723348034 22.3236442469203181 -0.640537234475680267 -39.806108006361373 37.8160799647745783 -13.1234721616834838 0.237365015795923931 3.04322082857624862 0.200723653317100893 0.631435392788026728 -1.19025110894039874 -3.58112300669538283 -27.4908393998719966 72.165077709342008 -65.1837912062539536 35.5527133802162279 -14.783099866226194 3.08372144943502527
-2.39757101470610088 12.9721812134364671 28.1895520957850892 -95.3798550696768881 78.611850609451804 -50.2377032125016957 -8.184876330970258 21.9855302763425865 -19.3933039010388293 12.5515000453152262 -4.34559371578657518 2.03369038400744571 -1.96121209695898981 -32.3996938228324315 98.2925957944570417 -108.167869794183125 69.6926745981021704 22.7915973013978472 -61.6210594689504037 46.0050731301108325 -14.6077942254784722 2.533419101339896 -7.24570629019522483 1.13140345345592482 -0.457813169637894944 -1.67695014717040713 -5.34039502849885781 7.92797037919640463 -65.1837912062539536 207.366647814613932 -227.997979303531809 103.107520037908345 -16.4758933833496912
3.5106296958968287 -39.3299109707047125 4.72905158939885957 94.7974869008993975 -77.8979520692942639 49.4820734749112261 4.69817760842280957 -44.4286194100250946 37.7674277727552383 -14.7915228576470691 3.38770281807640081 -3.4727996973219977 26.6223856713041873 -6.36369616075459639 -78.0064065839463826 95.4398329204915045 -63.5551405405123336 -19.4862809751360247 66.2854274213538379 -45.8087679811463218 9.32160368504473301 0.200385858193483615 5.589278153144411 -0.0401471489117568401 1.32953039282184147 2.86746677904099955 11.4273173352305009 -10.679446106101367 35.5527133802162279 -227.997979303531809 364.601838871902776 -226.625986209588507 48.1567063519124901
-5.64852881450714344 28.6584433042144039 -12.0267231905879122 -27.5842733795244933 12.2501474346780393 4.47897144742521131 2.31916659268632854 -8.56388092748870482 3.65413702307008154 -2.38570627880573533 -0.343670772567828657 5.21000655442853449 -19.454446043138976 5.95915342068351924 29.3054224141912641 -30.2183575778918779 10.8689023784439708 5.45483841679251012 -6.72133927195915382 -1.26385888630311974 7.33159164260327428 -1.77634992414320083 -2.38252837758135885 0.181184769798522608 -0.111460258264033309 0.222493386237958721 -1.49578818954198467 5.6558414793062446 -14.783099866226194 103.107520037908345 -226.625986209588507 196.699007530584939 -57.1184053779719161
-0.0927994045653109912 -5.84123743666730675 -0.980790804351653821 4.27113810020592781 2.59110255692445219 -3.110145037881693 1.40560980541922027 7.32667945637891758 -8.83347708324275313 3.25914351484015271 -0.295327750535527302 -0.0082472892891301153 4.72089006091553921 0.0306871819579260023 -4.38621700548824797 2.30326892223441593 -0.380749129041517848 -2.26525578604977107 -2.14339697304378597 4.96304894725196374 -3.65055074956307887 0.93214187121463023 0.815815723856436433 -0.150035536259350072 0.00249440849335422422 -0.338359757856092269 -0.642248753512386727 -0.507674201813496583 3.08372144943502527 -16.4758933833496912 48.1567063519124901 -57.1184053779719161 22.2714992264266635
