1942.57118775463962 -1913.79504102714951 1422.81975959784734 -37.6762162857179254 -93.433789287698796 -45.7733326211378938 -70.1676374349459266 103.733481705076143 -7.53472029685238029 -2.26980448916819465 7.77066328647313051 -1714.53774312366169 1192.82412762102275 -776.308906985737357 -3.49751580969472918 81.9204106945248108 11.9566859682117025 39.6575636398412255 -57.0950596737281135 -10.27708169153472 -2.70485159584458754 0.51075650194393001 -0.0082335428932288398 48.0902557951621475 -187.616086698925524 399.630239271292851 -600.698341500439894 628.907831603637812 -518.296243495875187 623.265250947762427 -822.902938498079838 538.635944811300803 -102.312456392474494
-1913.79504102714951 19701.825874568456 -22428.3728561120388 5215.89609703749839 580.521903873773105 125.125768002833505 322.938508289668939 -1462.94255294411919 1077.96085538139803 -500.422795710106336 120.89464838458581 1191.63978897299038 -11658.6369285885991 12173.599983635667 -2303.24881082267285 -539.058027939168047 21.4366739497445327 -29.051495593312738 801.680171585491193 -672.000982581645896 380.53981524441601 -114.314657662924672 0.011090230468886003 -225.575683997930762 1008.72790435241954 -2118.73445275859951 2730.56298328620648 -2229.98101188737756 699.309165329457129 1593.16834184454734 -3332.31194904541455 2768.58761642853998 -872.41883293504308
1422.81975959784734 -22428.3728561120388 36957.6621738089372 -18244.8750743145902 876.933397887600045 1021.86032408700474 -174.787101156802968 1481.71285719320213 -2179.25678408830033 1289.55203995102736 -293.421126871337234 -766.290260729345266 12008.1775519335444 -18738.0590601843079 8548.20948351308839 -182.14105048037146 -478.529782796664067 126.717959904067184 -1120.24862435998728 1617.88332256569851 -975.409687583908662 224.247226923673119 0.0211002094243646781 34.8476685796363504 -449.850205278632711 1308.43002351699997 -1243.15037196955307 -1710.78647272579596 7785.91466933263803 -13989.8384387288036 14954.0519543486958 -8992.65234795227298 2286.16187550524393
-37.6762162857179251 5215.89609703749839 -18244.8750743145902 19797.1238154132542 -6153.46882440481654 -1044.76708002924927 525.692373424826136 -1124.69588498066497 2348.26597357332427 -1562.37026440672654 293.508845260044625 20.6661712128728208 -2187.15982665739678 8644.83054995907474 -10053.3755969885992 3639.06423673669622 208.36532465750066 -628.763186038235132 1342.20756604669264 -1943.04741762252373 1193.52997250208595 -221.29165667404273 -0.0246475186962846128 125.528940302208061 -539.29253203267482 1103.02280746960169 -1761.24502177086449 3011.05627898325276 -5241.37093199892218 7562.77083714086605 -7649.73016749072002 4591.11217051248843 -1214.0224759144238
-93.4337892876987967 580.521903873773106 876.933397887600045 -6153.46882440481654 8932.81917488094687 -4831.03192646869431 -683.42606987629239 3016.20162255849522 -2279.25422352520373 707.223230210194339 -68.8442147070340886 49.668101870201451 -33.047110249132939 -1144.59568598861566 4168.23981254816173 -5608.44098214235105 2995.67612477117936 549.89811475419557 -2225.29898545967263 1851.77481555843374 -686.870165208641044 98.1065861734556093 -0.00685677043043811172 13.8309780085283845 -70.8242600111684986 383.584147586727797 -1597.96637702165125 4094.16884617900259 -6821.06931844014619 7861.83444438622892 -6240.53562237621905 3049.32738612255676 -664.828023227982454
-45.773332621137893 125.125768002833505 1021.86032408700474 -1044.76708002924927 -4831.03192646869431 7933.83425138465104 -2266.16726295707529 -2628.45011398078105 1735.37696824496479 225.15131973579649 -201.24492033058088 32.0726389777387915 -352.998839717910785 293.15209874816025 -294.399825659211374 3033.04181667321176 -4483.98437149033596 1286.32181315603326 1708.83357892655043 -1534.51007271258709 274.498285260837522 31.2735547826633881 0.00559903797866142491 -47.1517512144187982 399.567098472252948 -1441.75237063946505 3379.75699167198043 -5923.5811176022255 7751.19545421353505 -7319.18834136550116 4776.21615701589128 -1927.63355554754902 340.397345791959152
-70.1676374349459267 322.938508289668939 -174.787101156802968 525.692373424826136 -683.42606987629239 -2266.16726295707529 6441.14346187618543 -6361.06819340960268 2822.93798895007203 -547.638392657313102 62.4395209306078691 56.7770764992337532 -228.474278329237167 101.570448400018773 -220.892759082899562 227.289536208035694 1298.63202787831245 -3236.76509069697048 2814.89839293471837 -795.350455906788789 -161.644354551586878 78.3675155989636254 0.00348424241726942824 -29.3749964587659185 133.365241495125755 -428.454486494837947 1174.86482403928189 -2355.21266636465538 3157.12052183614186 -2858.17614947597006 1924.88249819523323 -983.13124063736249 262.740552099210933
103.733481705076142 -1462.94255294411919 1481.71285719320213 -1124.69588498066497 3016.20162255849522 -2628.45011398078105 -6361.06819340960268 14996.48346508271 -10580.5426267959326 2367.49444525419269 71.3678427574192404 -85.7877908859715552 1087.97700643176384 -1143.80826890587097 830.992753513939775 -1525.55519621386698 1311.59945266711826 2768.35543848741267 -6888.96677492899546 4694.01336582803244 -837.954989934652652 -122.557877315383252 -0.0114953498422784351 52.3023296700362872 -282.971150528023545 1055.0326551301754 -2957.31333228675087 5948.24305473740377 -7662.76474061342864 5055.93262795172895 -474.737576712014629 -1175.58390726754525 441.665443526925091
-7.53472029685237952 1077.96085538139803 -2179.25678408830033 2348.26597357332427 -2279.25422352520373 1735.37696824496479 2822.93798895007203 -10580.5426267959326 11422.7018417403748 -4854.02081827049729 538.695144143607812 -0.365123003490509046 -715.542305058937468 1335.90207338145525 -1368.64518648524086 1206.02475004392409 -904.316810245504509 -1019.61245531244574 4637.45026817667073 -5213.66130521113282 2254.22419282057462 -256.101903804585193 0.00500827412251771293 -4.78672842955786618 45.9197802584648046 -344.315509480945519 1282.6143833586941 -2775.15121109930471 3243.06553465772783 -861.232174639961077 -2272.39227412353606 2370.71537171645167 -690.398690354057446
-2.26980448916819474 -500.422795710106336 1289.55203995102736 -1562.37026440672654 707.223230210194339 225.15131973579649 -547.638392657313102 2367.49444525419269 -4854.02081827049729 3983.11671539917755 -1018.32746321042385 12.2438589878168186 285.915861513248364 -703.680167466909602 857.992273934510192 -411.21585003252261 -77.7342093200476452 108.689940201483984 -861.128934964959509 2195.45554343391836 -1980.51430691797324 535.438368949803469 0.00359750337366731585 -8.17855820312813396 53.9547332785756792 -126.065608367655877 122.912653484191305 -71.8982145958894789 224.683546815618721 -635.96105517801136 911.107568609794515 -656.806738880445554 190.088117561267888
7.77066328647313043 120.89464838458581 -293.421126871337234 293.508845260044625 -68.8442147070340886 -201.244920330580879 62.4395209306078692 71.3678427574192403 538.695144143607812 -1018.32746321042385 479.690162280597236 -11.4344834100409288 -61.383138103615604 157.57088511986745 -166.357059666865453 57.3715208905886814 85.114025409622484 -0.863043254219129326 -84.9852769933525286 -244.940016580005407 526.611398477537279 -252.780162458631538 -0.00154458352610431678 -0.224603237185699419 -2.10948403425774868 15.0961243905778623 -22.4774650213655699 -13.4392382636732988 121.072064430214757 -285.242664400117465 352.740351755477363 -214.134927708481959 49.4077526251352807
-1714.53774312366169 1191.63978897299038 -766.290260729345266 20.6661712128728208 49.668101870201451 32.0726389777387915 56.7770764992337532 -85.7877908859715552 -0.365123003490509077 12.2438589878168186 -11.4344834100409289 1578.637428015469 -870.596977603119992 505.267964081618031 -17.9909801229144875 -53.7576198868491958 -6.66745159637385926 -31.7613943073829674 47.3020881817980576 20.2865477112261777 -11.7432469496703091 4.73080943184487839 0.00621768793659223003 -33.1114479118615851 129.416870187566565 -289.352113743778494 464.858135457144838 -519.875338480343298 477.787464305925401 -640.105271926120203 845.203693833886556 -548.976713013456391 106.822772543016617
1192.82412762102275 -11658.6369285885991 12008.1775519335444 -2187.15982665739678 -33.047110249132939 -352.998839717910785 -228.474278329237166 1087.97700643176384 -715.542305058937468 285.915861513248364 -61.3831381036156039 -870.596977603119992 7712.83799420257736 -7504.5352098079255 1355.07297909984365 61.4518013291540463 130.968551510653425 0.303926513351115984 -564.52760594361727 411.373245879948774 -201.428188734228292 61.5998659660644689 -0.0100673348181324647 157.696163887751664 -665.09010226235358 1403.18521132567754 -2121.09390328584663 2817.71126599342884 -3495.30361935813271 3290.21357744640945 -1743.90602639982301 220.527990305547061 124.473312849752797
-776.308906985737358 12173.599983635667 -18738.0590601843079 8644.83054995907474 -1144.59568598861566 293.15209874816025 101.570448400018773 -1143.80826890587097 1335.90207338145525 -703.680167466909602 157.57088511986745 505.267964081618031 -7504.5352098079255 11121.1292987799647 -5110.98357865325328 842.50113648179317 -233.523014637354249 -43.2537033167260178 745.695999535450651 -934.460534544379759 518.376362175052037 -124.76233535630728 -0.00729920418854539715 -39.8061218414665603 340.943465855836655 -1016.51214584657186 1615.23189647914897 -1446.54677371420698 217.988691987984723 1649.21079866399163 -2774.14218846307187 2047.89544662572493 -583.359358787255896
-3.49751580969472932 -2303.24881082267285 8548.20948351308839 -10053.3755969885992 4168.23981254816173 -294.399825659211374 -220.892759082899562 830.992753513939775 -1368.64518648524086 857.992273934510192 -166.357059666865453 -17.9909801229144875 1355.07297909984365 -5110.98357865325328 6397.00948174214257 -3216.11516392337397 528.828477314026048 386.315527809469903 -923.983507101268996 1132.78230583118386 -661.187051422883562 128.691228462069885 0.00986323124718722991 -61.5537924119610381 262.829682900613023 -472.199105248271688 447.528507000471652 -253.25641335604702 284.019137768932599 -688.907258019533473 1001.26645692528819 -745.637730376635407 232.966920570835459
81.9204106945248112 -539.058027939168047 -182.14105048037146 3639.06423673669622 -5608.44098214235105 3033.04181667321176 227.289536208035694 -1525.55519621386698 1206.02475004392409 -411.21585003252261 57.3715208905886814 -53.7576198868491958 61.4518013291540463 842.50113648179317 -3216.11516392337397 4327.80596175826024 -2227.69661101803759 -384.867888344862921 1453.67025333613504 -1170.63307044715545 439.220469028565121 -73.4699097923200655 0.00529956973212106444 -6.08609590174520788 24.6097043763107885 -165.611068455720806 826.958939059251781 -2244.09749387754138 3770.92134456631443 -4345.89060888663024 3481.29465040101603 -1735.45266193039795 390.316772030011749
11.956685968211702 21.4366739497445329 -478.529782796664067 208.36532465750066 2995.67612477117936 -4483.98437149033596 1298.63202787831245 1311.59945266711826 -904.316810245504508 -77.7342093200476454 85.1140254096224841 -6.66745159637385926 130.968551510653425 -233.523014637354249 528.828477314026048 -2227.69661101803759 2924.93564337590433 -852.376005761965959 -984.178962139803816 947.148570052713504 -218.091698667941124 1.36320109026004835 -0.00265232100967742026 25.449644938007976 -222.463937675665768 816.546497753099768 -1939.24592095135005 3430.56738870033395 -4513.68810806511425 4258.24625112797413 -2731.59671658206794 1050.88098593032538 -168.767495680925962
39.6575636398412256 -29.0514955933127379 126.717959904067184 -628.763186038235132 549.89811475419557 1286.32181315603326 -3236.76509069697048 2768.35543848741267 -1019.61245531244574 108.689940201483984 -0.863043254219129312 -31.7613943073829674 0.303926513351115984 -43.2537033167260178 386.315527809469903 -384.867888344862921 -852.376005761965959 2397.34526456944106 -2277.56070794076079 960.321864501125727 -111.661074898974962 -15.5290335748958387 -0.00167630815042451425 11.1735970308835991 -45.7130382443996969 141.179069122494738 -395.55495711861871 741.961578117472029 -782.32571014199394 433.402013113216048 -205.999023527770181 180.651073329127632 -74.3755970107094265
-57.095059673728113 801.680171585491193 -1120.24862435998728 1342.20756604669264 -2225.29898545967263 1708.83357892655043 2814.89839293471837 -6888.96677492899546 4637.45026817667073 -861.128934964959508 -84.9852769933525286 47.3020881817980576 -564.52760594361727 745.695999535450651 -923.983507101268996 1453.67025333613504 -984.178962139803816 -2277.56070794076079 5609.77506027856757 -4367.97469234714708 1302.60722762523284 -73.4871607387939413 0.00628063816440054354 -29.4281816698466987 170.160803327655432 -631.752702216031686 1738.25291921425469 -3443.16469548598984 4359.97327463040503 -2754.72691629199713 41.4182579150130248 884.635083703615152 -339.899594777284344
-10.2770816915347204 -672.000982581645896 1617.88332256569851 -1943.04741762252373 1851.77481555843374 -1534.51007271258709 -795.350455906788789 4694.01336582803244 -5213.66130521113282 2195.45554343391836 -244.940016580005407 20.2865477112261777 411.373245879948774 -934.460534544379759 1132.78230583118386 -1170.63307044715545 947.148570052713504 960.321864501125727 -4367.97469234714708 5235.00013219474633 -2620.95617192409224 430.336652364928627 -0.0032598106409009988 15.5639633574386294 -133.672099470296393 555.25663531419565 -1493.90935261367823 2823.13173105264746 -3433.24770135523788 1949.53271435049163 483.031129638196062 -1189.42563393298726 430.503146354651901
-2.70485159584458744 380.53981524441601 -975.409687583908662 1193.52997250208595 -686.870165208641044 274.498285260837522 -161.644354551586878 -837.954989934652652 2254.22419282057462 -1980.51430691797324 526.611398477537279 -11.7432469496703091 -201.428188734228292 518.376362175052037 -661.187051422883562 439.220469028565121 -218.091698667941124 -111.661074898974962 1302.60722762523284 -2620.95617192409224 2139.31790045798496 -572.824552841029965 -0.000703999259155862362 -10.6816590841163734 74.0187037834777242 -240.615548962262244 499.997927085889371 -711.9529616393609 642.022893676244852 -209.351862204605612 -281.911152769490045 373.986549601408735 -140.553378077540385
0.510756501943930028 -114.314657662924672 224.247226923673119 -221.29165667404273 98.1065861734556093 31.2735547826633881 78.3675155989636254 -122.557877315383252 -256.101903804585193 535.438368949803469 -252.780162458631538 4.73080943184487839 61.5998659660644689 -124.76233535630728 128.691228462069885 -73.4699097923200655 1.36320109026004835 -15.5290335748958387 -73.4871607387939413 430.336652364928627 -572.824552841029965 245.964174602060224 0.00109390447274724318 6.22967465753984695 -30.9726349349569242 65.2101853398779793 -65.9715662045119197 -5.68974626548935229 115.006506247373525 -160.121777057978154 111.521608910187894 -42.6613715693553238 7.29235580737489116
-0.00823354289322883979 0.011090230468886003 0.021100209424364678 -0.0246475186962846128 -0.00685677043043811172 0.0055990379786614249 0.00348424241726942822 -0.0114953498422784351 0.00500827412251771291 0.00359750337366731586 -0.00154458352610431681 0.00621768793659223003 -0.0100673348181324647 -0.00729920418854539715 0.00986323124718722991 0.00529956973212106444 -0.00265232100967742026 -0.00167630815042451425 0.00628063816440054354 -0.0032598106409009988 -0.000703999259155862362 0.00109390447274724318 0.0000356546429199187847 -0.0329828539858464936 0.117048102973593006 -0.233991249960286678 0.299305157624352499 -0.221710863436613871 0.0190688042358180757 0.110875155581582771 -0.0620070541992979123 -0.0378568806141014908 0.0340929458029276659
48.0902557951621471 -225.575683997930761 34.8476685796363511 125.52894030220806 13.8309780085283845 -47.1517512144187984 -29.3749964587659177 52.3023296700362874 -4.78672842955786577 -8.17855820312813438 -0.224603237185699038 -33.1114479118615851 157.696163887751664 -39.8061218414665603 -61.5537924119610381 -6.08609590174520788 25.449644938007976 11.1735970308835991 -29.4281816698466987 15.5639633574386294 -10.6816590841163734 6.22967465753984695 -0.0329828539858464936 277.451927447624635 -1451.29138713880196 3851.35774155406031 -7026.68821367249535 10210.4816752090168 -12869.7085864466626 13755.4703412372967 -10914.2382295231725 5284.70149732729515 -1119.38791775981801
-187.616086698925521 1008.72790435241954 -449.850205278632716 -539.292532032674815 -70.8242600111684991 399.56709847225295 133.365241495125748 -282.971150528023546 45.9197802584648019 53.9547332785756824 -2.10948403425775121 129.416870187566565 -665.09010226235358 340.943465855836655 262.829682900613023 24.6097043763107885 -222.463937675665768 -45.7130382443996969 170.160803327655432 -133.672099470296393 74.0187037834777242 -30.9726349349569242 0.117048102973593006 -1451.29138713880196 8692.60410188278391 -25693.1517100114919 51296.366152409954 -80515.4918463055445 107056.297676631759 -117290.566296799147 93475.2114600344667 -44996.9300952365145 9434.93574286376753
399.63023927129284 -2118.73445275859949 1308.43002351699998 1103.02280746960167 383.584147586727799 -1441.75237063946506 -428.454486494837919 1055.03265513017541 -344.31550948094551 -126.065608367655889 15.0961243905778706 -289.352113743778494 1403.18521132567754 -1016.51214584657186 -472.199105248271688 -165.611068455720806 816.546497753099768 141.179069122494738 -631.752702216031686 555.25663531419565 -240.615548962262244 65.2101853398779793 -0.233991249960286678 3851.35774155406031 -25693.1517100114919 84122.0472770365278 -187141.827374659971 326506.860811083759 -469216.921068405656 533414.340460403347 -428150.289796982306 204742.973508057691 -42453.8336329274938
-600.698341500439869 2730.56298328620643 -1243.15037196955312 -1761.24502177086443 -1597.96637702165125 3379.75699167198047 1174.86482403928181 -2957.31333228675088 1282.61438335869408 122.912653484191337 -22.4774650213655884 464.858135457144838 -2121.09390328584663 1615.23189647914897 447.528507000471652 826.958939059251781 -1939.24592095135005 -395.55495711861871 1738.25291921425469 -1493.90935261367823 499.997927085889371 -65.9715662045119197 0.299305157624352499 -7026.68821367249535 51296.366152409954 -187141.827374659971 472742.712590155276 -930884.833945155774 1.45687131313386911e6 -1.72561636628822952e6 1.39866416688869764e6 -665399.350250022549 136549.173201192617
628.907831603637769 -2229.98101188737745 -1710.78647272579586 3011.05627898325264 4094.16884617900261 -5923.58111760222559 -2355.21266636465521 5948.2430547374038 -2775.15121109930468 -71.8982145958895422 -13.4392382636732665 -519.875338480343298 2817.71126599342884 -1446.54677371420698 -253.25641335604702 -2244.09749387754138 3430.56738870033395 741.961578117472029 -3443.16469548598984 2823.13173105264746 -711.9529616393609 -5.68974626548935229 -0.221710863436613871 10210.4816752090168 -80515.4918463055445 326506.860811083759 -930884.833945155774 2.04143715194283908e6 -3.44141794724604861e6 4.23427386314350329e6 -3.473073733124321e6 1.64948350017784232e6 -336164.485952978949
-518.296243495875135 699.309165329456954 7785.91466933263787 -5241.37093199892199 -6821.06931844014621 7751.19545421353522 3157.12052183614156 -7662.76474061342869 3243.0655346577278 224.683546815618821 121.072064430214711 477.787464305925401 -3495.30361935813271 217.988691987984723 284.019137768932599 3770.92134456631443 -4513.68810806511425 -782.32571014199394 4359.97327463040503 -3433.24770135523788 642.022893676244852 115.006506247373525 0.0190688042358180757 -12869.7085864466626 107056.297676631759 -469216.921068405656 1.45687131313386911e6 -3.44141794724604861e6 6.12164818707715548e6 -7.7743738716732311e6 6.47133817832906458e6 -3.0883186228461842e6 629563.604142678989
623.265250947762388 1593.16834184454755 -13989.8384387288034 7562.77083714086581 7861.83444438622895 -7319.18834136550137 -2858.1761494759697 5055.93262795172901 -861.232174639961047 -635.96105517801148 -285.242664400117412 -640.105271926120203 3290.21357744640945 1649.21079866399163 -688.907258019533473 -4345.89060888663024 4258.24625112797413 433.402013113216048 -2754.72691629199713 1949.53271435049163 -209.351862204605612 -160.121777057978154 0.110875155581582771 13755.4703412372967 -117290.566296799147 533414.340460403347 -1.72561636628822952e6 4.23427386314350329e6 -7.7743738716732311e6 1.01138957674210517e7 -8.5662477273091132e6 4.14034944616013712e6 -852504.149582997241
-822.902938498079822 -3332.31194904541472 14954.0519543486956 -7649.73016749071983 -6240.53562237621907 4776.21615701589145 1924.88249819523293 -474.737576712014682 -2272.39227412353608 911.107568609794612 352.740351755477321 845.203693833886556 -1743.90602639982301 -2774.14218846307187 1001.26645692528819 3481.29465040101603 -2731.59671658206794 -205.999023527770181 41.4182579150130248 483.031129638196062 -281.911152769490045 111.521608910187894 -0.0620070541992979123 -10914.2382295231725 93475.2114600344667 -428150.289796982306 1.39866416688869764e6 -3.473073733124321e6 6.47133817832906458e6 -8.5662477273091132e6 7.39224876595682054e6 -3.6406496089006527e6 763534.831574588823
538.635944811300803 2768.58761642854006 -8992.65234795227291 4591.11217051248834 3049.32738612255677 -1927.6335555475491 -983.131240637362349 -1175.58390726754523 2370.71537171645168 -656.806738880445601 -214.134927708481939 -548.976713013456391 220.527990305547061 2047.89544662572493 -745.637730376635407 -1735.45266193039795 1050.88098593032538 180.651073329127632 884.635083703615152 -1189.42563393298726 373.986549601408735 -42.6613715693553238 -0.0378568806141014908 5284.70149732729515 -44996.9300952365145 204742.973508057691 -665399.350250022549 1.64948350017784232e6 -3.0883186228461842e6 4.14034944616013712e6 -3.6406496089006527e6 1.83325947755380502e6 -393800.700296862494
-102.312456392474495 -872.418832935043096 2286.16187550524392 -1214.02247591442378 -664.828023227982456 340.397345791959169 262.740552099210904 441.665443526925086 -690.398690354057448 190.088117561267897 49.4077526251352765 106.822772543016617 124.473312849752797 -583.359358787255896 232.966920570835459 390.316772030011749 -168.767495680925962 -74.3755970107094265 -339.899594777284344 430.503146354651901 -140.553378077540385 7.29235580737489116 0.0340929458029276659 -1119.38791775981801 9434.93574286376753 -42453.8336329274938 136549.173201192617 -336164.485952978949 629563.604142678989 -852504.149582997241 763534.831574588823 -393800.700296862494 86964.2467967485261
