3.376944487086854137e-03 2.511021506907201110e-03 2.401998039785137665e-03 2.291078486458592803e-03 2.178418240457035467e-03 2.064365788951106132e-03 1.949405341625567436e-03 1.834108632043758786e-03 1.719100270375693287e-03 1.605032002566845984e-03 1.492560863917341725e-03 1.382328896081408669e-03 1.274944264053713217e-03 1.170964520081970795e-03 1.070882837103198388e-03 9.751177713727854791e-04 8.840067800393600420e-04 7.978034140626735033e-04 7.166778662231655531e-04 6.407203949464253950e-04 5.699470681613783528e-04 5.043072619011915517e-04 4.436923818659361499e-04 3.879453307951906101e-04 3.368703064558104541e-04 2.902425786658567857e-04 2.478179580425021581e-04 2.093417340542109300e-04 1.745569244185023042e-04 1.432117396777723148e-04 1.150662234281502749e-04 8.989807856190304848e-05 6.750773298103276499e-05 3.376947574814150206e-03 2.496082012550430041e-03 2.381303943086728915e-03 2.265391714512412190e-03 2.149098004661885355e-03 2.024680495835031076e-03 1.906827016318124197e-03 1.802324428283053667e-03 1.691403121245931658e-03 1.585076808582508174e-03 1.483044163431098067e-03 1.386032722492675211e-03 1.293623284047272287e-03 1.210629283785383389e-03 1.126197714505939446e-03 1.046027957026818625e-03 9.926823110135063379e-04 9.057231002027151456e-04 8.361964186142438428e-04 7.699354279373952841e-04 7.060654292108687474e-04 6.446270603023898649e-04 5.904848753112058478e-04 5.195921915192910218e-04 4.657850394046243389e-04 4.123653014218479711e-04 3.644377405712806309e-04 3.050990251341618152e-04 2.575515459640970802e-04 2.107578509022226530e-04 1.657221844402254182e-04 1.227302809151059680e-04 8.160301883180571441e-05 7.309523717635141793e+01 4.722221769020368276e-01 4.299248031938047165e-01 3.951106824924995320e-01 3.655092740481779012e-01 3.395780307091211259e-01 3.162381372206672370e-01 2.947246549040932750e-01 2.744974734899956470e-01 2.551772436139135847e-01 2.365191052742280919e-01 2.183814493108388044e-01 2.006857189087443982e-01 1.834388651129753023e-01 1.666897892802446102e-01 1.505180147371626420e-01 1.350187172106933342e-01 1.202901778760999407e-01 1.064169207095383568e-01 9.346275693461501832e-02 8.147703675598766404e-02 7.046749057065038180e-02 6.042994080437205651e-02 5.131911835521443116e-02 4.308672218565962747e-02 3.566324220661850480e-02 2.897780985028469009e-02 2.294812110226305060e-02 1.749614982584583867e-02 1.254140093969622477e-02 8.015087489157810344e-03 3.853350251892647543e-03 0.000000000000000000e+00
2.511021506907201110e-03 1.462517200483320901e-02 1.550518747611785014e-02 1.623297273273214061e-02 1.680783450246331467e-02 1.723136177551960052e-02 1.750704587922260330e-02 1.764003841554110524e-02 1.763701976388211065e-02 1.750607990357291172e-02 1.725654545554171707e-02 1.689874006064502956e-02 1.644369835996983137e-02 1.590286361178835928e-02 1.528779538075830322e-02 1.460990583948552565e-02 1.388023565161719194e-02 1.310927446982538581e-02 1.230682667185682873e-02 1.148191973295338737e-02 1.064275040726216787e-02 9.796662587459837104e-03 8.950150237162338845e-03 8.108878981671171354e-03 7.277720588721066364e-03 6.460795462159247583e-03 5.661519235023310115e-03 4.882650462795174243e-03 4.126337209577501074e-03 3.394160953430879184e-03 2.687176699870009924e-03 2.005948484623923476e-03 1.350579571343511970e-03 2.511036282574269449e-03 1.501018960647150687e-02 1.588759527988906073e-02 1.659497683954132621e-02 1.713486728703716641e-02 1.750164773450972600e-02 1.774825035408866131e-02 1.786149334644007713e-02 1.785200475658962546e-02 1.774230412543016319e-02 1.754625029522765070e-02 1.727152334704822045e-02 1.692495653863700447e-02 1.652672082131237397e-02 1.605542889471031284e-02 1.553282856077057260e-02 1.498472142611032704e-02 1.435025572590247107e-02 1.368806656566738840e-02 1.298687906286155082e-02 1.224933804568207989e-02 1.147831723614442002e-02 1.068108547601858554e-02 9.833452986863232964e-03 8.972773843307753350e-03 8.081801897471149049e-03 7.169374420415220925e-03 6.198555458594582138e-03 5.216161082386008147e-03 4.196084937726961284e-03 3.136665246506699888e-03 2.032589355656737578e-03 8.939027785435628643e-04 -8.208352327983962482e+01 -5.658209297250749170e-01 -4.750708433951595366e-01 -4.036403405279090917e-01 -3.468229421920114297e-01 -3.011547975712992042e-01 -2.640429953093594295e-01 -2.335148913003953497e-01 -2.080784555794697177e-01 -1.865880907207999595e-01 -1.681785848966998731e-01 -1.521821089557767182e-01 -1.380856997124937924e-01 -1.255074934936772357e-01 -1.141504981763580562e-01 -1.037856063741077473e-01 -9.424691057468745359e-02 -8.540495920423468723e-02 -7.715791524600584816e-02 -6.942181348098970528e-02 -6.213617746375661027e-02 -5.525138545293221959e-02 -4.873203907842228733e-02 -4.254859555175422720e-02 -3.668347749279051578e-02 -3.112001373075822322e-02 -2.584908546352534392e-02 -2.086306945665947557e-02 -1.615917847910431845e-02 -1.172976667337666604e-02 -7.567043983224846886e-03 -3.661189440202311258e-03 0.000000000000000000e+00
2.401998039785137665e-03 1.550518747611785014e-02 1.648517780737052477e-02 1.730368812257664438e-02 1.795894228385097949e-02 1.845164704866706154e-02 1.878464584281456379e-02 1.896269694156716562e-02 1.899234908441062297e-02 1.888181515856612869e-02 1.864077839207142068e-02 1.828012106099779349e-02 1.781160012435063084e-02 1.724750392124659026e-02 1.660031966771851469e-02 1.588243262608070305e-02 1.510586940634197663e-02 1.428209125967431700e-02 1.342183828334495704e-02 1.253502179740872621e-02 1.163065958862436779e-02 1.071684718456241206e-02 9.800757733038123476e-03 8.888663242782255877e-03 7.985970652983601439e-03 7.097267200479842782e-03 6.226370643263165125e-03 5.376380936002383287e-03 4.549730852313415251e-03 3.748233767806697682e-03 2.973127343870464109e-03 2.225112185564467882e-03 1.504384692371621727e-03 2.402012719848194318e-03 1.593064303395803558e-02 1.691095137008655214e-02 1.770914463657161098e-02 1.832673692390844253e-02 1.875752019860282838e-02 1.905616696983865321e-02 1.920827070080714100e-02 1.922712515344555950e-02 1.913579654150135423e-02 1.894930471587517873e-02 1.867586392531369807e-02 1.832293551815312310e-02 1.791159086295946584e-02 1.742026737320183025e-02 1.687145578848826474e-02 1.629071245551395528e-02 1.561846675056631842e-02 1.491283794923958794e-02 1.416313542229847948e-02 1.337235420703667722e-02 1.254364268000049062e-02 1.168439894558732234e-02 1.077098804202269826e-02 9.840308890411736398e-03 8.875432668745691575e-03 7.885360865409807296e-03 6.831769046503594935e-03 5.762858214249005732e-03 4.651355705879291896e-03 3.495177421671692708e-03 2.288298689347283057e-03 1.041613606780814874e-03 -9.493389232805643019e+01 -6.437651550766689823e-01 -5.469887624238496393e-01 -4.707632403302034474e-01 -4.099695150388216747e-01 -3.608619626905956723e-01 -3.206503175948302031e-01 -2.872229219337947836e-01 -2.589909262805624168e-01 -2.347431514383610529e-01 -2.135753925555921862e-01 -1.947998619879248439e-01 -1.778960515512451046e-01 -1.624913970932544693e-01 -1.483056867555987424e-01 -1.351321758644860593e-01 -1.228300634439125627e-01 -1.112951977687933053e-01 -1.004484731748273435e-01 -9.022448863811796671e-02 -8.057876236303197770e-02 -7.146969292547779296e-02 -6.286779205326259445e-02 -5.474167688853181363e-02 -4.707171241239543891e-02 -3.983474047239083521e-02 -3.301473369892891224e-02 -2.659519935685007372e-02 -2.056485889616752744e-02 -1.490652766788204756e-02 -9.604606601981641525e-03 -4.641930561451864008e-03 0.000000000000000000e+00
2.291078486458592803e-03 1.623297273273214061e-02 1.730368812257664438e-02 1.820615811346731547e-02 1.893741785206862899e-02 1.949712065604636627e-02 1.988725746104663683e-02 2.011197665017646144e-02 2.017747780770104762e-02 2.009188330182693286e-02 1.986502641299868477e-02 1.950815066645433110e-02 1.903354931291290422e-02 1.845418301876859332e-02 1.778330857209658653e-02 1.703414169659173832e-02 1.621956794046323230e-02 1.535190842917264105e-02 1.444274183468357252e-02 1.350277981910468113e-02 1.254179028530014693e-02 1.156856097703901423e-02 1.059089524276137124e-02 9.615631924955188314e-03 8.648682097694647061e-03 7.695076474542142907e-03 6.759018518170799988e-03 5.843939438825123192e-03 4.952552272922215032e-03 4.086903037680299222e-03 3.248417547185786236e-03 2.437942851165623027e-03 1.655782425658779882e-03 2.291092810181387905e-03 1.669430288255076625e-02 1.776890039525241480e-02 1.865181733398162470e-02 1.934335962038067833e-02 1.983654498963458024e-02 2.018717512597069733e-02 2.037960795348361248e-02 2.042948760716094964e-02 2.036019622998498993e-02 2.018774096004856064e-02 1.992078583439382822e-02 1.956733933414889562e-02 1.914918750740508477e-02 1.864471838281567956e-02 1.807695294640781006e-02 1.747098891336340554e-02 1.676889714428706629e-02 1.602786025614465551e-02 1.523781825150373644e-02 1.440207539813876357e-02 1.352401749242286219e-02 1.261111028617959914e-02 1.164042079032079520e-02 1.064813380806938110e-02 9.617737851986272665e-03 8.558302970449540442e-03 7.430465325165744837e-03 6.283326849617265966e-03 5.088680682230887174e-03 3.844004916441897020e-03 2.542573340789383487e-03 1.196035535180112706e-03 -1.074535884257490750e+02 -7.190590259594603628e-01 -6.171070372578592034e-01 -5.367471129393528440e-01 -4.724895346227372395e-01 -4.203384952457792645e-01 -3.773303260422333216e-01 -3.412327717012675898e-01 -3.103741377247491995e-01 -2.834885658075992354e-01 -2.596414759954765450e-01 -2.381321877405148946e-01 -2.184384592630788380e-01 -2.002022794612710876e-01 -1.831649151327134906e-01 -1.671462703508959646e-01 -1.520343710423302797e-01 -1.377537057558161915e-01 -1.242508043991937122e-01 -1.114812897138498238e-01 -9.941870686912902821e-02 -8.803089664756619248e-02 -7.729538621761236628e-02 -6.717948561189825141e-02 -5.766188890691437835e-02 -4.871301630262869775e-02 -4.030983683096916320e-02 -3.242676110435643855e-02 -2.504371097180629890e-02 -1.813362449813854874e-02 -1.167283654715602602e-02 -5.636611628291830593e-03 0.000000000000000000e+00
2.178418240457035467e-03 1.680783450246331467e-02 1.795894228385097949e-02 1.893741785206862899e-02 1.973907074878461856e-02 2.036239650678261029e-02 2.080838561694324865e-02 2.108040246041792062e-02 2.118410767615475088e-02 2.112733413116060777e-02 2.091986210428518900e-02 2.057309408950452195e-02 2.009966272006574739e-02 1.951301346050446708e-02 1.882699764667038200e-02 1.805550106911244998e-02 1.721212362165731175e-02 1.630991788043918700e-02 1.536118858674216485e-02 1.437735047479252008e-02 1.336883857521707110e-02 1.234506304384772220e-02 1.131439966269895750e-02 1.028420724563094968e-02 9.260863967250468343e-03 8.249815814426896335e-03 7.255631676086908045e-03 6.282060853425947868e-03 5.332089877096840395e-03 4.407996405149245712e-03 3.511398627606247998e-03 2.643299022109450551e-03 1.804121496833588053e-03 2.178431991944111690e-03 1.729982733380521984e-02 1.845888714304843095e-02 1.941926022819405462e-02 2.017990346177815988e-02 2.073289124132248265e-02 2.113458962995227661e-02 2.136806190170794512e-02 2.145098455883969260e-02 2.140682506741918220e-02 2.125240123476349052e-02 2.099674392849550097e-02 2.064832748692501524e-02 2.022948125834782979e-02 1.971864017473049305e-02 1.913916282584168446e-02 1.851546341734126161e-02 1.779161980638317708e-02 1.702344119674324696e-02 1.620153904357952632e-02 1.532947783518738907e-02 1.441083591198155482e-02 1.345307731179665872e-02 1.243411636384155437e-02 1.138915392809622222e-02 1.030219506838383689e-02 9.182277510029651299e-03 7.989359860989251813e-03 6.772943689699582187e-03 5.504131214266486279e-03 4.179950558341604706e-03 2.792990592453567077e-03 1.355561881014094062e-03 -1.197722171566063025e+02 -7.928684819714092447e-01 -6.863465428034023486e-01 -6.023135566567558996e-01 -5.349417402556495560e-01 -4.800098233971342165e-01 -4.343994777559960219e-01 -3.957721463724287458e-01 -3.623839728245487057e-01 -3.329225841472078784e-01 -3.064293515813603097e-01 -2.821958295819837481e-01 -2.597022177970386703e-01 -2.386088929693958027e-01 -2.186820835582533595e-01 -1.997715823899520182e-01 -1.817970957419958733e-01 -1.647143529804112050e-01 -1.484977945705507896e-01 -1.331259968500752289e-01 -1.185921239344002454e-01 -1.048745460271619523e-01 -9.195862838584652199e-02 -7.981070160801238822e-02 -6.840800032039999479e-02 -5.771445693740853006e-02 -4.769983408717902440e-02 -3.832912652861728692e-02 -2.957307165486374942e-02 -2.139431971105265964e-02 -1.376080379386148203e-02 -6.639911558454400856e-03 0.000000000000000000e+00
2.064365788951106132e-03 1.723136177551960052e-02 1.845164704866706154e-02 1.949712065604636627e-02 2.036239650678261029e-02 2.104477888921568729e-02 2.154417432686964867e-02 2.186304104299983606e-02 2.200634851036997741e-02 2.198146499244345992e-02 2.179792683655314839e-02 2.146709592471256547e-02 2.100174293869341846e-02 2.041560113504727395e-02 1.972292861125714974e-02 1.893810622706243452e-02 1.807528831639656358e-02 1.714811530614461510e-02 1.616949105848178997e-02 1.515142278627319358e-02 1.410491767210215845e-02 1.303992791459952262e-02 1.196533481129518836e-02 1.088896247617219919e-02 9.817612572378408425e-03 8.757112679338895089e-03 7.712372319505896023e-03 6.687442034756301175e-03 5.685572098756156746e-03 4.709268416269615093e-03 3.760343872330703958e-03 2.839963854540047700e-03 1.948684887978157807e-03 2.064378792903308075e-03 1.774831195518584634e-02 1.898095224593077807e-02 2.001042319616843507e-02 2.083424943761062048e-02 2.144341941925023351e-02 2.189435569670581186e-02 2.216873593437993645e-02 2.228595522803671417e-02 2.226933833230924573e-02 2.213633629732247518e-02 2.189626558242788179e-02 2.155798636578468153e-02 2.114421525329523641e-02 2.063350566592206739e-02 2.004938241816520833e-02 1.941534660692176978e-02 1.867784765232041386e-02 1.789087805479145851e-02 1.704575544660181727e-02 1.614624845833383116e-02 1.519607615560034271e-02 1.420262482044518278e-02 1.314479635615879369e-02 1.205653196883100554e-02 1.092244936092881709e-02 9.751449968462826134e-03 8.503179661420586302e-03 7.227033911119621484e-03 5.893671977781264441e-03 4.499663488143533507e-03 3.036935052438125612e-03 1.518362380217491486e-03 -1.319430631230333404e+02 -8.658019176188106458e-01 -7.551446999835346174e-01 -6.677616369105333627e-01 -5.975130242009992765e-01 -5.399721461108127896e-01 -4.918812052551486680e-01 -4.508068155977266733e-01 -4.149413724543682958e-01 -3.829322331303742777e-01 -3.538013970675483733e-01 -3.268363464150898512e-01 -3.015226545725513407e-01 -2.775417827491525880e-01 -2.546873948614841732e-01 -2.328415104036737904e-01 -2.119575963511264316e-01 -1.920245467249816484e-01 -1.730464045605642487e-01 -1.550261392656321346e-01 -1.379777153530961364e-01 -1.218908232302800820e-01 -1.067592416876275152e-01 -9.254849395247044530e-02 -7.923443629564880242e-02 -6.677436867332252335e-02 -5.513058794400969853e-02 -4.425831717728041792e-02 -3.411869972139534857e-02 -2.466366997115958595e-02 -1.585239447846171698e-02 -7.644045342721238027e-03 0.000000000000000000e+00
1.949405341625567436e-03 1.750704587922260330e-02 1.878464584281456379e-02 1.988725746104663683e-02 2.080838561694324865e-02 2.154417432686964867e-02 2.209342476308838454e-02 2.245762022012856227e-02 2.264092866488134556e-02 2.265010877753260293e-02 2.249428145279637817e-02 2.218457866121484323e-02 2.173371068592559741e-02 2.115549875040167657e-02 2.046441295094979240e-02 1.967514444229506027e-02 1.880223065936877450e-02 1.785974410947569965e-02 1.686104862400965299e-02 1.581862157043374337e-02 1.474393638298359364e-02 1.364739700776425139e-02 1.253831449559511015e-02 1.142491583152681345e-02 1.031437583503384652e-02 9.212864233366598044e-03 8.125601483780206524e-03 7.056918366538629007e-03 6.010315646782509943e-03 4.988521137471092770e-03 3.993542262595610286e-03 3.026712719735576672e-03 2.088732081462250836e-03 1.949417459568970282e-03 1.804293323650929190e-02 1.933743322729180106e-02 2.042670871114789580e-02 2.130683116015918629e-02 2.196759650889724275e-02 2.246504152880342622e-02 2.277934973022414586e-02 2.293133001276692270e-02 2.294393960097441607e-02 2.283508488167442993e-02 2.261428716691453109e-02 2.229071414832309653e-02 2.188732936250159175e-02 2.138285638439077832e-02 2.080083757801401423e-02 2.016363414463214626e-02 1.942042483210600426e-02 1.862294631018102109e-02 1.776325128145222337e-02 1.684525121376826209e-02 1.587274864135728575e-02 1.485297119081589387e-02 1.376594064621177241e-02 1.264406274021569188e-02 1.147265871655221182e-02 1.026038926178902966e-02 8.966945154436637561e-03 7.641119349822274483e-03 6.253374012230458745e-03 4.799815705797936399e-03 3.271737258977744454e-03 1.682482574927489198e-03 -1.439517916729082572e+02 -9.379710221047615759e-01 -8.235066120049181482e-01 -7.330112362258397463e-01 -6.600555576574651528e-01 -6.000245601433612519e-01 -5.495339796995966086e-01 -5.060653167471943492e-01 -4.677542105573443965e-01 -4.332127660316121842e-01 -4.014471911621981248e-01 -3.717435924209144260e-01 -3.435949550963435795e-01 -3.167056319049636470e-01 -2.908983683227726047e-01 -2.660889711035633320e-01 -2.422660538297515820e-01 -2.194529726321885477e-01 -1.976845173627058139e-01 -1.769890291075260913e-01 -1.574020651250531144e-01 -1.389251608169597696e-01 -1.215608656781637376e-01 -1.052739557495417227e-01 -9.003889939124470887e-02 -7.580618916709117028e-02 -6.253038744604544341e-02 -5.015660476735551293e-02 -3.863600476480766321e-02 -2.790941195413710815e-02 -1.792687930057668827e-02 -8.639037968956961994e-03 0.000000000000000000e+00
1.834108632043758786e-03 1.764003841554110524e-02 1.896269694156716562e-02 2.011197665017646144e-02 2.108040246041792062e-02 2.186304104299983606e-02 2.245762022012856227e-02 2.286462869260133188e-02 2.308736437637818814e-02 2.313186476636514347e-02 2.300668875138270342e-02 2.272256624530209074e-02 2.229195893492115152e-02 2.172858060083964968e-02 2.104691829016999000e-02 2.026178481129602138e-02 1.938792295207045560e-02 1.843967349321561436e-02 1.743071217862996597e-02 1.637385502741060817e-02 1.528092680828327388e-02 1.416268436014249225e-02 1.302878480238132269e-02 1.188778836593136837e-02 1.074718624873652502e-02 9.613445165720406124e-03 8.492061777039858206e-03 7.387621684955518117e-03 6.303859030104791254e-03 5.243713810674933105e-03 4.209384863047642075e-03 3.202376978068648909e-03 2.223540890430161007e-03 1.834119758847942106e-03 1.818871578864284314e-02 1.953277300066696975e-02 2.067183134428803026e-02 2.160054934334298266e-02 2.230746694155892260e-02 2.284786504974094593e-02 2.320031988095046932e-02 2.338676260732815843e-02 2.342956194530574493e-02 2.334690104809888922e-02 2.314842386168415242e-02 2.284352841105442150e-02 2.245530007851157320e-02 2.196266855516940120e-02 2.138906883060835359e-02 2.075550594528525680e-02 2.001423278602290287e-02 1.921430682169235349e-02 1.834853960997814490e-02 1.742092138578219332e-02 1.643527757967835207e-02 1.539859385119052813e-02 1.429213367858381614e-02 1.314649792167306951e-02 1.194779526100927386e-02 1.070434365728941371e-02 9.376218988143572575e-03 8.011138982460709254e-03 6.579605510074140566e-03 5.077261807450858359e-03 3.494800909991702814e-03 1.845937232130825164e-03 -1.557256292427264270e+02 -1.009055287428085146e+00 -8.910600539348590976e-01 -7.976502768275075539e-01 -7.221276791378041793e-01 -6.597047620454881134e-01 -6.068827291308820371e-01 -5.610667901706224425e-01 -5.203420882317167928e-01 -4.832898352152300570e-01 -4.489033931489245788e-01 -4.164695655793532181e-01 -3.854901927993900079e-01 -3.556936501167686226e-01 -3.269327380616547374e-01 -2.991579389691476631e-01 -2.723937684593756292e-01 -2.466987544223673834e-01 -2.221390555401140110e-01 -1.987689233049589888e-01 -1.766459253972423871e-01 -1.557837245668939052e-01 -1.361938030397165933e-01 -1.178401759258823345e-01 -1.006958580683645216e-01 -8.470437278196023267e-02 -6.981231266824775017e-02 -5.595439714720883834e-02 -4.307149322755154247e-02 -3.109300320348257554e-02 -1.995958049492349215e-02 -9.613045494837423391e-03 0.000000000000000000e+00
1.719100270375693287e-03 1.763701976388211065e-02 1.899234908441062297e-02 2.017747780770104762e-02 2.118410767615475088e-02 2.200634851036997741e-02 2.264092866488134556e-02 2.308736437637818814e-02 2.334805380070090197e-02 2.342823584228948333e-02 2.333578949160290336e-02 2.308089322096329096e-02 2.267558882578236262e-02 2.213329864915654019e-02 2.146833818620520751e-02 2.069545570837430862e-02 1.982942080682215807e-02 1.888467550286392765e-02 1.787505449820260897e-02 1.681357502854189181e-02 1.571229182213648018e-02 1.458220915316989393e-02 1.343324004398137143e-02 1.227420215999147114e-02 1.111284050795532767e-02 9.955868278974436963e-03 8.809018702178447388e-03 7.677102317393044890e-03 6.564065460966828081e-03 5.473046896604953117e-03 4.406430377082074142e-03 3.365891488550338834e-03 2.352437412939338297e-03 1.719110330962235304e-03 1.819239697706915779e-02 1.957340683573832382e-02 2.075173651174554851e-02 2.172072657110060007e-02 2.246764394373769111e-02 2.304671964723637931e-02 2.343481684570782736e-02 2.365471561757186841e-02 2.372798106635675558e-02 2.367289439671851903e-02 2.349913668571348979e-02 2.321625916741298229e-02 2.284735789580499138e-02 2.237159230290975548e-02 2.181218897633859996e-02 2.118859835824189047e-02 2.045647237895601919e-02 1.966179366392011019e-02 1.879815209253953359e-02 1.786955259244185634e-02 1.687978209189635453e-02 1.583550143786176256e-02 1.471932477237961230e-02 1.355979226064787241e-02 1.234387526161821215e-02 1.107945278129440422e-02 9.727298360030760954e-03 8.333620148964646090e-03 6.869180525399385361e-03 5.329163791461451541e-03 3.703702314133626786e-03 2.006783116237816078e-03 -1.671426827925200485e+02 -1.078367626657108502e+00 -9.571121646652779313e-01 -8.609840364067271601e-01 -7.830370844077690906e-01 -7.183271265868859112e-01 -6.632526245770329343e-01 -6.151511286390137778e-01 -5.720633671982089385e-01 -5.325438203080959942e-01 -4.955756900788074182e-01 -4.604482314394716669e-01 -4.266732359723641177e-01 -3.940037341530409631e-01 -3.623230107692813617e-01 -3.316165258118565773e-01 -3.019448727231559548e-01 -2.734019020296789559e-01 -2.460852592885695855e-01 -2.200752200604702280e-01 -1.954514151288674062e-01 -1.722396928197439947e-01 -1.504604536555294025e-01 -1.300768969150398469e-01 -1.110604922242243719e-01 -9.334768324943987228e-02 -7.687692916386865138e-02 -6.157238435776053037e-02 -4.736441154042582424e-02 -3.417080326583373656e-02 -2.192262774823677124e-02 -1.055271853517165785e-02 0.000000000000000000e+00
1.605032002566845984e-03 1.750607990357291172e-02 1.888181515856612869e-02 2.009188330182693286e-02 2.112733413116060777e-02 2.198146499244345992e-02 2.265010877753260293e-02 2.313186476636514347e-02 2.342823584228948333e-02 2.354361799865622301e-02 2.348512288987092758e-02 2.326225486483685795e-02 2.288648677716528107e-02 2.237078303459980738e-02 2.172911191260259306e-02 2.097597951017530701e-02 2.012600852356046660e-02 1.919357699994227520e-02 1.819252510822637336e-02 1.713593160268837498e-02 1.603595634455045466e-02 1.490374138146671919e-02 1.374936085079579359e-02 1.258180924537871150e-02 1.140901801188981372e-02 1.023789161444457058e-02 9.074355700253689330e-03 7.923411555555971014e-03 6.789192449903476770e-03 5.675018633523028731e-03 4.583448634338461482e-03 3.516325090335531423e-03 2.474813653554249100e-03 1.605040948750148392e-03 1.806229185493479078e-02 1.946762961435595865e-02 2.067448007425766107e-02 2.167500549657933040e-02 2.245522850982813179e-02 2.306811267759053749e-02 2.348872018979379639e-02 2.374043036044580848e-02 2.384379933704175100e-02 2.381702939429176588e-02 2.366974907404448963e-02 2.341158463728460620e-02 2.306554359294304274e-02 2.261102881611511128e-02 2.207098034676959267e-02 2.146311983456602665e-02 2.074679525573245448e-02 1.996455823900949653e-02 1.911079266976576860e-02 1.818945684340139354e-02 1.720423956825297210e-02 1.616139760062378777e-02 1.504498964718178899e-02 1.388126050189424261e-02 1.265810929595588726e-02 1.138288900787369842e-02 1.001734615440784577e-02 8.605797618330539647e-03 7.119464482645609070e-03 5.553081556280443226e-03 3.896264412754840700e-03 2.163175178275468426e-03 -1.780415057085710373e+02 -1.144921836208918853e+00 -1.020708442531582882e+00 -9.220870907325940946e-01 -8.418868281158042866e-01 -7.750236701303805376e-01 -7.178057470031984355e-01 -6.675119557402230397e-01 -6.221449530904198388e-01 -5.802368115273472959e-01 -5.407632941424584949e-01 -5.030177830598537847e-01 -4.665229671171458037e-01 -4.310568069612307762e-01 -3.965330585415767217e-01 -3.629719437626970913e-01 -3.304697700491034951e-01 -2.991553250848286716e-01 -2.691573694526722127e-01 -2.405819029560670175e-01 -2.135303148484035407e-01 -1.880404881982785381e-01 -1.641415668071698475e-01 -1.417958663068639991e-01 -1.209732191689194825e-01 -1.016029637784150036e-01 -8.361536706838250399e-02 -6.692398613116520845e-02 -5.144861631998558921e-02 -3.709541539855099740e-02 -2.378581525391456480e-02 -1.144361364138409866e-02 0.000000000000000000e+00
1.492560863917341725e-03 1.725654545554171707e-02 1.864077839207142068e-02 1.986502641299868477e-02 2.091986210428518900e-02 2.179792683655314839e-02 2.249428145279637817e-02 2.300668875138270342e-02 2.333578949160290336e-02 2.348512288987092758e-02 2.346097625269327053e-02 2.327208591553878506e-02 2.292923264245621054e-02 2.244477859351165158e-02 2.183218723113951321e-02 2.110555879492809900e-02 2.027920548424642921e-02 1.936728285923041901e-02 1.838348691915922886e-02 1.734081980388235342e-02 1.625142147799656447e-02 1.512646058287469078e-02 1.397607512474405289e-02 1.280935271537661513e-02 1.163434035540034106e-02 1.045807481505616268e-02 9.286626120319139283e-03 8.125148185014184968e-03 6.977932040391679643e-03 5.848458291556370148e-03 4.739446327139108794e-03 3.652898412601555261e-03 2.590137110285501820e-03 1.492568671354923583e-03 1.780809472586479189e-02 1.922538136143303947e-02 2.045000864022429241e-02 2.147313271095484949e-02 2.227960196271516063e-02 2.292096817098415382e-02 2.337043046803684646e-02 2.365174679875496275e-02 2.378427407623926251e-02 2.378596365641223037e-02 2.366629816395211805e-02 2.343489898416428741e-02 2.311459562976614021e-02 2.268503975793547192e-02 2.216882743844839423e-02 2.158180678711319259e-02 2.088728192979197318e-02 2.012406783057108656e-02 1.928735434338320343e-02 1.838099703961952949e-02 1.740853126921617505e-02 1.637573710090910878e-02 1.526819451281047346e-02 1.410964708645942763e-02 1.288897532982036243e-02 1.161293165403769374e-02 1.024446508005649910e-02 8.825685384013752868e-03 7.328442066694494661e-03 5.747035363769048034e-03 4.070612342067368716e-03 2.313413830690322359e-03 -1.882310276537619984e+02 -1.207502713588600507e+00 -1.080694665633685769e+00 -9.798583815608058467e-01 -8.976245684283929993e-01 -8.287882981436334173e-01 -7.695810188247405037e-01 -7.172328058600122569e-01 -6.697151881430629672e-01 -6.255425904925108194e-01 -5.836863112215175953e-01 -5.434456337785583679e-01 -5.043550852576227372e-01 -4.662175791016321957e-01 -4.289769640038303411e-01 -3.926875431239190140e-01 -3.574804663642440761e-01 -3.235185557565168346e-01 -2.909608383222098693e-01 -2.599383361828768169e-01 -2.305735436239323422e-01 -2.029160323793769150e-01 -1.770033686049591881e-01 -1.527969278044449264e-01 -1.302648353226631694e-01 -1.093294113842353810e-01 -8.991280456031026935e-02 -7.191811474345018163e-02 -5.525468090756868039e-02 -3.981719451885735311e-02 -2.551756287681493374e-02 -1.227065367754367163e-02 0.000000000000000000e+00
1.382328896081408669e-03 1.689874006064502956e-02 1.828012106099779349e-02 1.950815066645433110e-02 2.057309408950452195e-02 2.146709592471256547e-02 2.218457866121484323e-02 2.272256624530209074e-02 2.308089322096329096e-02 2.326225486483685795e-02 2.327208591553878506e-02 2.311828986896772783e-02 2.281086000926039678e-02 2.236143718177815640e-02 2.178284439590234128e-02 2.108863063309960456e-02 2.029264858253372952e-02 1.940868390614194916e-02 1.845014677902043210e-02 1.742982989839845023e-02 1.635973138631584972e-02 1.525093659129712724e-02 1.411355002762793714e-02 1.295666752044962074e-02 1.178837872672637566e-02 1.061579114459404970e-02 9.445068097404514182e-03 8.281474665602164137e-03 7.129426928024012143e-03 5.992541044864827665e-03 4.873679612968623460e-03 3.774993333673922185e-03 2.697956352700970478e-03 1.382335561340252220e-03 1.744060811512112077e-02 1.885794580637958212e-02 2.008983863754490451e-02 2.112662886715867966e-02 2.195209498679726728e-02 2.261629928801543732e-02 2.309054659055698178e-02 2.339878617582368328e-02 2.355900630616800107e-02 2.358874463032699376e-02 2.349724256904689446e-02 2.329403512291729553e-02 2.300169210888540830e-02 2.260011189080732980e-02 2.211150680520813580e-02 2.154974004192754602e-02 2.088228534861998054e-02 2.014397563054675863e-02 1.933081441951293306e-02 1.844650571495530522e-02 1.749438254154799671e-02 1.647968528883196615e-02 1.538957267833441188e-02 1.424511757106786125e-02 1.303622277071189717e-02 1.176898126028333956e-02 1.040772140743967920e-02 8.992107162263857784e-03 7.494752898449303161e-03 5.909545145169906900e-03 4.225214916631667844e-03 2.455987221883627544e-03 -1.975008130650833209e+02 -1.264738519983401588e+00 -1.135781362332064504e+00 -1.033079007636354962e+00 -9.490946581090108358e-01 -8.785239673220803791e-01 -8.175370660842812276e-01 -7.633262066686290481e-01 -7.138395831900899990e-01 -6.675793601852210157e-01 -6.235157476317301217e-01 -5.809559206396570641e-01 -5.394472773692738921e-01 -4.988175262135329802e-01 -4.590399193125911381e-01 -4.202017355951384037e-01 -3.824676151641466237e-01 -3.460330130654382663e-01 -3.110859127230504728e-01 -2.777812684957388090e-01 -2.462616892762728993e-01 -2.165879084227708695e-01 -1.888054624283439786e-01 -1.628747621423194125e-01 -1.387621966318797473e-01 -1.163832901683893445e-01 -9.565230148795364484e-02 -7.646220945275064573e-02 -5.871220426739534592e-02 -4.228589661532505123e-02 -2.708596533011921673e-02 -1.301862932639992476e-02 0.000000000000000000e+00
1.274944264053713217e-03 1.644369835996983137e-02 1.781160012435063084e-02 1.903354931291290422e-02 2.009966272006574739e-02 2.100174293869341846e-02 2.173371068592559741e-02 2.229195893492115152e-02 2.267558882578236262e-02 2.288648677716528107e-02 2.292923264245621054e-02 2.281086000926039678e-02 2.254050721030470203e-02 2.212900137347526344e-02 2.158841377541921222e-02 2.093161813158612647e-02 2.017187671028058613e-02 1.932247263946826679e-02 1.839640022561467303e-02 1.740611862887776057e-02 1.636336839396750412e-02 1.527904575079592174e-02 1.416312663076047147e-02 1.302463097385420966e-02 1.187161782794175606e-02 1.071120254363951488e-02 9.549588638504281912e-03 8.392108320163328694e-03 7.243267001609663205e-03 6.106788286815645166e-03 4.985656790635472659e-03 3.882156762244143126e-03 2.797904800999998030e-03 1.274949801818007654e-03 1.697142333607935122e-02 1.837759119801580035e-02 1.960666741225090132e-02 2.064838099044341221e-02 2.148557060673807889e-02 2.216678889331185481e-02 2.266144779406358348e-02 2.299353634778997582e-02 2.317953091400657556e-02 2.323640635437337204e-02 2.317306859913517009e-02 2.299888415581904239e-02 2.273608769572684624e-02 2.236481545558281075e-02 2.190687034559862106e-02 2.137405525896432859e-02 2.073817035410474227e-02 2.002988965671340105e-02 1.924603268857385391e-02 1.839011167529120208e-02 1.746521665217395242e-02 1.647599749658078608e-02 1.541122793463229300e-02 1.428918392812569133e-02 1.310081773355290490e-02 1.185152243368038649e-02 1.050712511949636156e-02 9.104690884217309099e-03 7.617698851035538919e-03 6.039649138181387572e-03 4.358913203942899744e-03 2.589608406243875966e-03 -2.056314644826386484e+02 -1.315174406153051700e+00 -1.184609510549792244e+00 -1.080471483531523669e+00 -9.950919029863548593e-01 -9.230916659821825077e-01 -8.605969979120331459e-01 -8.047747284605254459e-01 -7.535585226837989703e-01 -7.054444181331933628e-01 -6.594054016824363318e-01 -6.147588119756060010e-01 -5.710660960180862222e-01 -5.281794618200507108e-01 -4.861006004783948176e-01 -4.449482670234905513e-01 -4.049187836168415267e-01 -3.662383599227688191e-01 -3.291221842395036790e-01 -2.937476835776785533e-01 -2.602762710064518981e-01 -2.287791494804450876e-01 -1.993092586013013034e-01 -1.718260691556608433e-01 -1.462942612645666551e-01 -1.226229368834407529e-01 -1.007188637271463211e-01 -8.046544790922771639e-02 -6.175225020201731418e-02 -4.445241812313098506e-02 -2.845989658054303220e-02 -1.367272603823228329e-02 0.000000000000000000e+00
1.170964520081970795e-03 1.590286361178835928e-02 1.724750392124659026e-02 1.845418301876859332e-02 1.951301346050446708e-02 2.041560113504727395e-02 2.115549875040167657e-02 2.172858060083964968e-02 2.213329864915654019e-02 2.237078303459980738e-02 2.244477859351165158e-02 2.236143718177815640e-02 2.212900137347526344e-02 2.175741878325264042e-02 2.125792302523119015e-02 2.064261175787018843e-02 1.992404644634806002e-02 1.911489261539201651e-02 1.822761321587263936e-02 1.727422144294401760e-02 1.626609353095203464e-02 1.521383738869271952e-02 1.412720982802957888e-02 1.301507359741136370e-02 1.188538518765814948e-02 1.074520502853376289e-02 9.600722842409420768e-03 8.457292244858879635e-03 7.319469960369646977e-03 6.191056123220559093e-03 5.075132993195831561e-03 3.974100006955450480e-03 2.889703399518126891e-03 1.170968960534673814e-03 1.641258596762062288e-02 1.779719155349593351e-02 1.901395858246700613e-02 2.005220199273484785e-02 2.089396759970091333e-02 2.158632512928113090e-02 2.209682690988981971e-02 2.244938615705257060e-02 2.265885426767221336e-02 2.274151209354583966e-02 2.270584032023227616e-02 2.256095605556775879e-02 2.232868881370624753e-02 2.198939778045822316e-02 2.156446112424617936e-02 2.106358376828813481e-02 2.046298252238023044e-02 1.978907097517597705e-02 1.903947986542842141e-02 1.821749882146384003e-02 1.732594359383834992e-02 1.636883691072057653e-02 1.533658062150105097e-02 1.424457715740768196e-02 1.308484062697102407e-02 1.186204421032252196e-02 1.054357333267645289e-02 9.163832115578408183e-03 7.697226106742543345e-03 6.136903195405036746e-03 4.470935822261222319e-03 2.713245381918288641e-03 -2.124048830225029008e+02 -1.357344710422339507e+00 -1.225815509120992575e+00 -1.120758629081635815e+00 -1.034415264393699241e+00 -9.613596002214878089e-01 -8.976935979139607502e-01 -8.405725963046287719e-01 -7.879256325815211515e-01 -7.382495488156183283e-01 -6.905244953498110849e-01 -6.440805485937103336e-01 -5.984945436908115646e-01 -5.536427754690279590e-01 -5.095541560664251790e-01 -4.663770477884667809e-01 -4.243372167620001467e-01 -3.836892983094408183e-01 -3.446735190538910421e-01 -3.074879743375611985e-01 -2.723112741980093232e-01 -2.392242525282556598e-01 -2.082865869951494031e-01 -1.794568957513951180e-01 -1.526982462630624982e-01 -1.279138533294888191e-01 -1.050035717574493849e-01 -8.384200327657383156e-02 -6.430981745334410360e-02 -4.627055457204051064e-02 -2.961012474248993567e-02 -1.421905514940306932e-02 0.000000000000000000e+00
1.070882837103198388e-03 1.528779538075830322e-02 1.660031966771851469e-02 1.778330857209658653e-02 1.882699764667038200e-02 1.972292861125714974e-02 2.046441295094979240e-02 2.104691829016999000e-02 2.146833818620520751e-02 2.172911191260259306e-02 2.183218723113951321e-02 2.178284439590234128e-02 2.158841377541921222e-02 2.125792302523119015e-02 2.080170726329061762e-02 2.023101114279905743e-02 1.955760680214706226e-02 1.879344649842806456e-02 1.795036305199543269e-02 1.703982523273896155e-02 1.607274954372129097e-02 1.505936521069538812e-02 1.400912599859734792e-02 1.293066080138636706e-02 1.183175455087141087e-02 1.071935148728127285e-02 9.599573846776556993e-03 8.477750235263552606e-03 7.358449153702329923e-03 6.245514183548113961e-03 5.142098161935699553e-03 4.050694243955945371e-03 2.973162050788720565e-03 1.070886223511689252e-03 1.577627491250226111e-02 1.712986100951802496e-02 1.832553790182002082e-02 1.935239640057737423e-02 2.019184504209320039e-02 2.088953331295057697e-02 2.141121611632962329e-02 2.178064955304688521e-02 2.201097950069445461e-02 2.211768269758198138e-02 2.210873298488409688e-02 2.199292069289308579e-02 2.179160548631506669e-02 2.148534939195434479e-02 2.109509748130802484e-02 2.062845769850503094e-02 2.006607804684121601e-02 1.943009046919630042e-02 1.871892297172980668e-02 1.793562121477297253e-02 1.708270529422042938e-02 1.616354977318066807e-02 1.517017270529408789e-02 1.411508111826611025e-02 1.299134765782701366e-02 1.180292736528598153e-02 1.051876423542292237e-02 9.170631652425114202e-03 7.733885277119744057e-03 6.201362225228183520e-03 4.560900607992550079e-03 2.826141872012844641e-03 -2.176140293429937458e+02 -1.389841611153377343e+00 -1.258093074872335571e+00 -1.152719886061317478e+00 -1.065919429587648626e+00 -9.922506289566629389e-01 -9.278130847123584601e-01 -8.697661321536303003e-01 -8.160451837983503376e-01 -7.651556090716978842e-01 -7.160896168259512917e-01 -6.681928830760914817e-01 -6.210591200391574196e-01 -5.745881829783522354e-01 -5.288347469299090609e-01 -4.839745667609469670e-01 -4.402602140645237583e-01 -3.979720035435668768e-01 -3.573726526074041954e-01 -3.186788073652195297e-01 -2.820844006000177151e-01 -2.476789327196151635e-01 -2.155280755090599187e-01 -1.855897549376138989e-01 -1.578256002825895177e-01 -1.321336395963817190e-01 -1.084075744737850178e-01 -8.651419051958247897e-02 -6.632622235495255758e-02 -4.769869457199613083e-02 -3.051038447578914570e-02 -1.464516404906449944e-02 0.000000000000000000e+00
