6.575416600503893039e-02 5.022343450942062110e-02 4.842686218545833032e-02 4.651428462697826394e-02 4.448617357923629473e-02 4.238129851795705005e-02 4.015984195701593346e-02 3.781456765756448235e-02 3.544140098640038983e-02 3.303486128207309969e-02 3.064481690172686165e-02 2.826956541585293192e-02 2.594022052293203442e-02 2.369958720915924660e-02 2.154415242443983095e-02 1.951427762322629697e-02 1.761438062717389508e-02 1.581919208093444246e-02 1.415000376016258866e-02 1.261747522024992026e-02 1.121015065822899073e-02 9.861645047323194455e-03 8.672591778568531154e-03 7.618676984297201478e-03 6.641185959959973462e-03 5.756975916063782235e-03 4.956450238484223086e-03 4.246773079796780856e-03 3.596698304044938701e-03 3.018490022791257572e-03 2.551979252073619583e-03 2.052755511532051817e-03 1.849420305716935331e-03 7.041513322339627845e-02 5.904439388344685097e-02 5.737164269194248989e-02 5.545696454607320497e-02 5.322496395755159371e-02 5.080892531025078818e-02 4.812543313105750037e-02 4.520529716555864164e-02 4.213730075193055508e-02 3.899330419025157091e-02 3.584351298428151839e-02 3.268385646760776225e-02 2.960954643036154549e-02 2.663854721664350028e-02 2.378294253868202396e-02 2.112542771416257154e-02 1.864705708182442731e-02 1.640638436104027015e-02 1.430124601716036177e-02 1.236493129841258545e-02 1.062616514034464034e-02 9.023567173681410966e-03 7.658188501721535646e-03 6.404540123002171181e-03 5.274081722061773995e-03 4.290893583786997527e-03 3.439304560272340473e-03 2.710247984615117133e-03 2.069220050085016950e-03 1.520022793148923055e-03 1.052932257693940969e-03 6.635668481615046620e-04 4.538599407660374790e-04 3.130129389693038305e-04 1.392998013915535196e-02 9.680783032121912865e-03 -3.749040465223706271e-03 2.473520477987831059e-03 5.532456805809351369e-03 1.219920253076787683e-02 -7.906536205890761504e-03 -3.619307009310498546e-04 1.570439792651431160e-02 -1.821109640955750203e-02 -6.146995908606827513e-03 -6.511242034151400182e-02 5.889350416267908478e-02 1.194586992615753220e-02 -2.990093072406072982e-03 1.074881277798613206e-02 -8.327897099986198912e-03 -6.256890158128828802e-03 8.942079504687519336e-04 -1.924222431368465425e-03 -6.981449715376951718e-04 -4.748659927458979534e-04 -1.632263135846093605e-03 -1.153724104372201489e-03 6.116518450128459938e-04 -8.241998492089248202e-03 2.815223142406658567e-04 2.454445045015505623e-03 -1.846557406550908579e-03 2.465460473870565924e-02 -1.248819082783946405e-01 4.833725593086812822e-02
5.022343450942062110e-02 5.864032419909522703e-02 5.920557767751757905e-02 5.947050261139497779e-02 5.943047487636882176e-02 5.908946736109103870e-02 5.839274066704298188e-02 5.730907969950970599e-02 5.594070805027859944e-02 5.426393182318230146e-02 5.232770768204677431e-02 5.016796825543586719e-02 4.780504773921601808e-02 4.533483432087535847e-02 4.276120761221403194e-02 4.015524240734948125e-02 3.754449455096015714e-02 3.492574119104574493e-02 3.234308803693643902e-02 2.982089806230488194e-02 2.734833538950520726e-02 2.499060372383790987e-02 2.268066853595696389e-02 2.046417480832314270e-02 1.832751439818894323e-02 1.627548905122283562e-02 1.430124933549497754e-02 1.244215355228969581e-02 1.062302167684614496e-02 8.888162996331681887e-03 7.239910085323974023e-03 5.650285381079768118e-03 4.307522321986990282e-03 5.387702568902596328e-02 6.812805979329844552e-02 6.956961421856105998e-02 7.059610508018074326e-02 7.107902020038474322e-02 7.108589887955883702e-02 7.049298444497711924e-02 6.928308811035351067e-02 6.754322308203902780e-02 6.530818354975009843e-02 6.264604678428707663e-02 5.961827919856876185e-02 5.634872174180905607e-02 5.288386146102872637e-02 4.929571016390711657e-02 4.572667872722006172e-02 4.219011482126718005e-02 3.878348952036056452e-02 3.542813766585669460e-02 3.218026164209721041e-02 2.907720270144826397e-02 2.612354083343849942e-02 2.332603283625446153e-02 2.066817129038412901e-02 1.811381182148705596e-02 1.568984869395371670e-02 1.338168064420450568e-02 1.115991989535175880e-02 9.024308701257926710e-03 6.959759585520922803e-03 4.933459148448356320e-03 2.935972491476254893e-03 1.014497317679371579e-03 1.798441653980515319e-04 1.476510804589105733e-02 1.337274577964393113e-02 -2.274725930930544034e-03 7.659676193622205753e-03 9.528043747481330450e-04 1.048676863155175235e-02 -3.239954139740981124e-03 7.425930156935988367e-03 -2.445649072337482272e-02 -6.643068859691761592e-03 -1.844709126748406841e-02 1.249660649533003605e-02 3.503145693255962922e-02 1.868260876388288041e-02 8.772111755897924953e-03 1.452261617720946099e-02 4.637092381059183983e-03 2.306367909233260436e-03 1.012058759354372492e-02 4.881679099841593206e-03 7.428000114783891300e-03 6.454265506031306096e-03 4.720623282008858286e-03 4.964379959438425943e-03 3.293565690356609586e-03 -6.111166799289929723e-03 2.409090130706027615e-03 7.313799393427111370e-03 -3.312851858680203126e-04 2.487055759780828004e-02 -1.126417652964573912e-01 9.027557884063047017e-03
4.842686218545833032e-02 5.920557767751757905e-02 6.011409140454970768e-02 6.071512860943117235e-02 6.100410578526303806e-02 6.097304088246276871e-02 6.055801339170008984e-02 5.972109585145876642e-02 5.856137258460203388e-02 5.704879724940640356e-02 5.523098345192777037e-02 5.314632507170600345e-02 5.081552688998151185e-02 4.834165386660944225e-02 4.573139164440350596e-02 4.306064577019134282e-02 4.036146663815980140e-02 3.763575318121395452e-02 3.493028469898468158e-02 3.227491682488808911e-02 2.965969090461277255e-02 2.715911701680305199e-02 2.469848147706994734e-02 2.232298925851599822e-02 2.002743874725602599e-02 1.781491271097810497e-02 1.567853304922358151e-02 1.365826177271457775e-02 1.167440598627093699e-02 9.773829425253146436e-03 7.956631321667495191e-03 6.194700800886173385e-03 4.668041905017798927e-03 5.197162435538834474e-02 6.871015445089542761e-02 7.061080011260008338e-02 7.210473384668771024e-02 7.304225730303487429e-02 7.348352399595423079e-02 7.328420018014875081e-02 7.241544733174025417e-02 7.095584247153562119e-02 6.892962254450714366e-02 6.640254680240267882e-02 6.344133349819379430e-02 6.017687703121910731e-02 5.666301077427768340e-02 5.298327503676074357e-02 4.928964743959728806e-02 4.560364571998842820e-02 4.202971156059029378e-02 3.849814345785897152e-02 3.506577589007896234e-02 3.177504397582910090e-02 2.863552869813501198e-02 2.564570486350860323e-02 2.280064117140419289e-02 2.005658046764696029e-02 1.744120052715026487e-02 1.493880634806520578e-02 1.251744621477123183e-02 1.017653565669180034e-02 7.899628785631206476e-03 5.648522534805214441e-03 3.407745087184006760e-03 1.210589619804545341e-03 1.679841670628002084e-04 1.448752785243345893e-02 1.374475717802480131e-02 -2.209653612260515081e-03 8.370101919691832690e-03 6.256336225091370168e-04 1.101968999883723953e-02 -2.640387977036636608e-03 7.808563431881623482e-03 -3.198163798692593013e-02 -5.710233893074403815e-03 -1.417709366346324266e-02 1.946594417359083506e-02 3.651520440841012072e-02 1.963416377502304883e-02 1.035931651707540195e-02 1.475956672611831826e-02 6.251725686960162010e-03 3.515470775572510868e-03 1.145959687674897969e-02 5.963127718695697063e-03 8.604713427319249375e-03 7.526078336825767212e-03 5.707075450500785803e-03 6.033485187871799604e-03 4.023032005806809197e-03 -5.432196570761855560e-03 2.873901593052096901e-03 7.837600915374522831e-03 -1.389924580538789184e-05 2.464303572882748858e-02 -1.108576124494875387e-01 4.312239080625251963e-03
4.651428462697826394e-02 5.947050261139497779e-02 6.071512860943117235e-02 6.172948454088062614e-02 6.230660580893999934e-02 6.261413021698629400e-02 6.251125104740323790e-02 6.195348380323981857e-02 6.103541962063702142e-02 5.971821235858326693e-02 5.804679737166863057e-02 5.606138134605770373e-02 5.378306103084570799e-02 5.132198196083014724e-02 4.868802011759038040e-02 4.596217011523076601e-02 4.318139516499062275e-02 4.035353882036220308e-02 3.752537228379077688e-02 3.474079303913608918e-02 3.198360847778210919e-02 2.933887514592734350e-02 2.672912014454744203e-02 2.419272094583863747e-02 2.173676748798627698e-02 1.936185353995266770e-02 1.706103482421783904e-02 1.487639412912015839e-02 1.272444656870328449e-02 1.065391562452801776e-02 8.663167349087605440e-03 6.721310639353226049e-03 5.001544498821198885e-03 4.993773043711572518e-02 6.893113827911130642e-02 7.128232999133586600e-02 7.329948670461558513e-02 7.466582591949737224e-02 7.558976821370298749e-02 7.583241259191730865e-02 7.535565740765397258e-02 7.422612108365878036e-02 7.245427663815662278e-02 7.010094809465967913e-02 6.723729665517991227e-02 6.400136694598917986e-02 6.045538112032713962e-02 5.669521916794870164e-02 5.288321831432906545e-02 4.905021304998245790e-02 4.530872486451234527e-02 4.160283801273099991e-02 3.798219797398912079e-02 3.450196281056376602e-02 3.117383471806269013e-02 2.799097463249215073e-02 2.495709156164151177e-02 2.202248256481513858e-02 1.921462333374451825e-02 1.651664631420527579e-02 1.389439505704003104e-02 1.134523301973875374e-02 8.852059549651338996e-03 6.370604625964418517e-03 3.878253423250789794e-03 1.392758033101129927e-03 1.449038556463045334e-04 1.414933960468190387e-02 1.411469999793745281e-02 -2.115177760253700041e-03 9.126084907035579910e-03 4.967552636442523544e-04 1.160174294312236488e-02 -1.960256795368893641e-03 8.155377103718145296e-03 -3.960102996744674364e-02 -4.800891855479950607e-03 -1.025768043902920007e-02 2.593802184913918119e-02 3.879513091963124327e-02 2.065245262202437815e-02 1.203311925611419766e-02 1.507343813866602808e-02 7.959728854433209197e-03 4.832175575719343912e-03 1.293548273622242666e-02 7.219046994687105048e-03 9.905840887674519785e-03 8.737648336985363862e-03 6.837163177258053989e-03 7.268703335075852104e-03 5.016909772167894681e-03 -4.470429333882238419e-03 3.480242095427731833e-03 8.391106681554898195e-03 4.444944824059084902e-04 2.439742909016869021e-02 -1.087422710690826300e-01 -1.452121443195427580e-04
4.448617357923629473e-02 5.943047487636882176e-02 6.100410578526303806e-02 6.230660580893999934e-02 6.335436216330557480e-02 6.397895479453992451e-02 6.421199768422136689e-02 6.396328012666691043e-02 6.332056012765759079e-02 6.223171591024892479e-02 6.073725357638683903e-02 5.887821200122722587e-02 5.667582812653462060e-02 5.424705980034435354e-02 5.160518370101332269e-02 4.883643980871638784e-02 4.598283559404799797e-02 4.305753440570103674e-02 4.014166742079196271e-02 3.721142755460908613e-02 3.431497984631547843e-02 3.153016635292878178e-02 2.876579563356639752e-02 2.607512107170452398e-02 2.346213766736054973e-02 2.092783504675140363e-02 1.846543906235423305e-02 1.611856513892932080e-02 1.380112064612827594e-02 1.156270601238277261e-02 9.400555940044083916e-03 7.278662328375425788e-03 5.364385418987778660e-03 4.778165014197570393e-02 6.878377743220973062e-02 7.155976469369833282e-02 7.399087959689729099e-02 7.602559704342878866e-02 7.737970597365488590e-02 7.809917694080602268e-02 7.806130018972064211e-02 7.731259538634076278e-02 7.584385060245639465e-02 7.370700372752533869e-02 7.097611076027646182e-02 6.779596274696896019e-02 6.423793557891761818e-02 6.041092474831966097e-02 5.648858055631712782e-02 5.251263782747278563e-02 4.860683729288207966e-02 4.469322798221609522e-02 4.090621354428244927e-02 3.723731239020937334e-02 3.372057458578456290e-02 3.034503283193040052e-02 2.712434017851140383e-02 2.400208393739405865e-02 2.100526811348789671e-02 1.811570247008929130e-02 1.529791686748530923e-02 1.254441245852966000e-02 9.839078555001733173e-03 7.130831130305850980e-03 4.388815844020246826e-03 1.613370082931979681e-03 1.282920292077011830e-04 1.400518776138780924e-02 1.450707024093269605e-02 -2.017035269908829150e-03 9.866953422731682480e-03 5.390958178089546313e-04 1.214902920266468928e-02 -1.265572736900587606e-03 8.466718306466329558e-03 -4.730695769760007163e-02 -3.970971463206851571e-03 -6.686319546219544017e-03 3.193585502138038962e-02 4.174100802686989825e-02 2.169148488277835435e-02 1.375135438482196111e-02 1.544951994185466727e-02 9.736608656282726842e-03 6.250286290145392817e-03 1.452157557200441790e-02 8.639369179702658177e-03 1.131611516993796980e-02 1.007634337262061121e-02 8.100606368047897493e-03 8.670427762486349749e-03 6.280547893690146231e-03 -3.212554709374192911e-03 4.227150991604553508e-03 8.974026712365457820e-03 1.051065211791758292e-03 2.413640054460215734e-02 -1.062540658623355450e-01 -4.266712678295594800e-03
4.238129851795705005e-02 5.908946736109103870e-02 6.097304088246276871e-02 6.261413021698629400e-02 6.397895479453992451e-02 6.498805979857037729e-02 6.558456503191087417e-02 6.567182497353754589e-02 6.533944251242986001e-02 6.451426082206761226e-02 6.323097684691134091e-02 6.153021038149839722e-02 5.943257340798965144e-02 5.706129192874163231e-02 5.443293915898464452e-02 5.163914093191458027e-02 4.872747624549917528e-02 4.571932031708546285e-02 4.268384830441675909e-02 3.964412970691215399e-02 3.661678012389090603e-02 3.369262829314154800e-02 3.078662506842421917e-02 2.794286861021682764e-02 2.517608210482864817e-02 2.248538913092026914e-02 1.986403965653219320e-02 1.735588746864424534e-02 1.487465640640834620e-02 1.246866485270526140e-02 1.013465322977724105e-02 7.829426506153607315e-03 5.715121445504701796e-03 4.553935955468684654e-02 6.827395379310446932e-02 7.144618721501969083e-02 7.433492835343111227e-02 7.678894847163336701e-02 7.870054782754086486e-02 7.994415382432663864e-02 8.039308346590068322e-02 8.008092480353068421e-02 7.897149145054395414e-02 7.710344962060801388e-02 7.455153824261298579e-02 7.146595161912952521e-02 6.792711922574500016e-02 6.405701035648822539e-02 6.004094770412571336e-02 5.593228731192528835e-02 5.186516740802575576e-02 4.779390685228472602e-02 4.381171951348630800e-02 3.995499041618326419e-02 3.624751196154576971e-02 3.268423980883657792e-02 2.927922556951675220e-02 2.597279311001828017e-02 2.279063170819191006e-02 1.971285649377245430e-02 1.670514668207952885e-02 1.374840755389641553e-02 1.083204823078052527e-02 7.896449499506040526e-03 4.901183775355224398e-03 1.827311793471032234e-03 1.255833046234359259e-04 1.330372342901635363e-02 1.461197804250492262e-02 -2.104331398755529981e-03 1.044412597287027074e-02 6.147666067358293187e-04 1.249553634179930393e-02 -6.789820354985800534e-04 8.512477759568856661e-03 -5.529798589216023547e-02 -3.375905656133457253e-03 -3.547082821909064258e-03 3.741144916306456819e-02 4.463668102785540298e-02 2.257287025475162787e-02 1.533483620353134208e-02 1.571556003661295220e-02 1.140526521517792012e-02 7.630381172819459580e-03 1.601630524227047603e-02 1.003418019013192601e-02 1.264806585416648234e-02 1.135283547345529442e-02 9.303927231043831667e-03 1.007087972646037756e-02 7.609672712001012453e-03 -1.860283525299470490e-03 4.926273930403744609e-03 9.412619463848335283e-03 1.614779742812023910e-03 2.366655298010917480e-02 -1.035124440643735572e-01 -8.218609758409878285e-03
4.015984195701593346e-02 5.839274066704298188e-02 6.055801339170008984e-02 6.251125104740323790e-02 6.421199768422136689e-02 6.558456503191087417e-02 6.655257101932347819e-02 6.697558743721165886e-02 6.698903863064616104e-02 6.646142538365784613e-02 6.542448362656862193e-02 6.391674231091386271e-02 6.195662772451430989e-02 5.967244557527410370e-02 5.708333310663475657e-02 5.428612059363139425e-02 5.133361744905016316e-02 4.825568962369721632e-02 4.512574273880825410e-02 4.197691297499028806e-02 3.882668466192062962e-02 3.576868931109602329e-02 3.272677507669147223e-02 2.973711619394309863e-02 2.682273158461157339e-02 2.398160963216561942e-02 2.120737694407442628e-02 1.853851163162237303e-02 1.590101314906231314e-02 1.333185179939567165e-02 1.082979743068220903e-02 8.343245719789114598e-03 6.029617695278314225e-03 4.317061292953352364e-02 6.734255576422579215e-02 7.086606179877039113e-02 7.416606451789717336e-02 7.707947248529582740e-02 7.950790684357691984e-02 8.128644491351945389e-02 8.223583191028935313e-02 8.241073945664983968e-02 8.171537603037049013e-02 8.017157627669130315e-02 7.785124172935038722e-02 7.490699181807354556e-02 7.142692715335240139e-02 6.754519522419800970e-02 6.345883561941349782e-02 5.923371732727239491e-02 5.501679580814948511e-02 5.077955942277955631e-02 4.661730947945074560e-02 4.257713466325880464e-02 3.868022954414618991e-02 3.493351099680808147e-02 3.134801598244577048e-02 2.786212512886539205e-02 2.449981966460788169e-02 2.123855978935158817e-02 1.805953286780119169e-02 1.489878584838184340e-02 1.177716446349337011e-02 8.619929285090291785e-03 5.376000810104990604e-03 2.006057885622847519e-03 1.209799125044501834e-04 1.270338701786344858e-02 1.474080813063762332e-02 -2.126640550141134425e-03 1.104108870121704028e-02 8.505596706666689825e-04 1.275449718873684045e-02 -2.664423523244586513e-05 8.532691695968460180e-03 -6.327482694460792589e-02 -2.852408783316897310e-03 -6.135492758834153052e-04 4.254189773124906343e-02 4.764866978570908573e-02 2.345669746677393752e-02 1.692510345731605345e-02 1.606971828094423682e-02 1.312429502678620977e-02 9.174212868486970873e-03 1.757632788639670526e-02 1.156295189604990628e-02 1.407547201960349624e-02 1.274334728178869169e-02 1.062680063072875963e-02 1.166192081278411355e-02 9.158912183296855081e-03 -2.406868569185625494e-04 5.782584095491566378e-03 9.942145515255020397e-03 2.350822354802299761e-03 2.323517130579465934e-02 -1.003096431117693199e-01 -1.167714350989715322e-02
3.781456765756448235e-02 5.730907969950970599e-02 5.972109585145876642e-02 6.195348380323981857e-02 6.396328012666691043e-02 6.567182497353754589e-02 6.697558743721165886e-02 6.791696806965098754e-02 6.818981291490151808e-02 6.797869003200264493e-02 6.721894195674893435e-02 6.594027462404947193e-02 6.415491066200763870e-02 6.199374077014406514e-02 5.947644019028762441e-02 5.670569084099262580e-02 5.373674944184045343e-02 5.060984119323823360e-02 4.740431902957007587e-02 4.416125253313501337e-02 4.090198530014672873e-02 3.772193382178649912e-02 3.455516851808691781e-02 3.143089635316025088e-02 2.837917281568285918e-02 2.539672633072705479e-02 2.247446193571500314e-02 1.969778518232961212e-02 1.688606390431749912e-02 1.415980919218831971e-02 1.149700671723370357e-02 8.835651616107454906e-03 6.328311957183259395e-03 4.066229188017139035e-02 6.596446817482484737e-02 6.978784140199190134e-02 7.344891774960797537e-02 7.678271026346050743e-02 7.968874109168129494e-02 8.196542168343778911e-02 8.359215281025171584e-02 8.417735866287262558e-02 8.393941463752706278e-02 8.277479358807006415e-02 8.074557669798618220e-02 7.800064777886529799e-02 7.463203209463303844e-02 7.078346881154641557e-02 6.666308237743806542e-02 6.234873842962147805e-02 5.800215338494802558e-02 5.361292595570116282e-02 4.928316195530280108e-02 4.506938387932050982e-02 4.099123604216416139e-02 3.707052251951300365e-02 3.331415271631266162e-02 2.966020407828522804e-02 2.613215479299121902e-02 2.271305816028739571e-02 1.925932090238811553e-02 1.598001525236037931e-02 1.267290659289892554e-02 9.309288510863938590e-03 5.830206757233516446e-03 2.176296051268450295e-03 9.900153382660132771e-05 1.207454080209778395e-02 1.485096782522469204e-02 -2.092905309053926920e-03 1.160956368331838261e-02 1.139611415097003221e-03 1.275393606840308398e-02 6.451639289998041971e-04 8.472419409535216633e-03 -7.120479343508769043e-02 -2.429726018220480788e-03 2.130897671611487430e-03 4.736292849364849566e-02 5.077267429320275055e-02 2.439897872194676104e-02 1.857363656858809775e-02 1.662902381142935399e-02 1.498031542350904306e-02 1.102851250084252270e-02 1.929243865554212956e-02 1.332653454667653663e-02 1.570906846879914498e-02 1.435966262856052701e-02 1.218209344237591515e-02 1.356757192689535436e-02 1.099565304204576204e-02 1.749081356055724387e-03 6.919517613529111225e-03 1.072739820217996978e-02 3.390088271255370898e-03 2.301190978976832072e-02 -9.651104110945285530e-02 -1.443840385681369534e-02
3.544140098640038983e-02 5.594070805027859944e-02 5.856137258460203388e-02 6.103541962063702142e-02 6.332056012765759079e-02 6.533944251242986001e-02 6.698903863064616104e-02 6.818981291490151808e-02 6.888659241665005817e-02 6.901273330906844417e-02 6.855957096504698700e-02 6.754555389345094640e-02 6.597283646464086049e-02 6.397253217176242235e-02 6.156367456145718509e-02 5.884630821501327796e-02 5.588799074862282196e-02 5.273421498292571452e-02 4.947188110180657239e-02 4.615008447157632754e-02 4.279541687755972212e-02 3.950473499448618753e-02 3.622392817059093967e-02 3.297608763514375124e-02 2.979784687624122477e-02 2.668571461151792931e-02 2.363202530830380010e-02 2.069962062941524406e-02 1.775876686226976822e-02 1.488746926227164057e-02 1.207314640906075390e-02 9.244256590797278461e-03 6.548086411798028673e-03 3.812695012244884940e-02 6.424768265354022234e-02 6.831230976115541809e-02 7.227400416283169537e-02 7.597123089567826837e-02 7.930505738748841460e-02 8.206660056348985544e-02 8.410365469458984389e-02 8.530681847639089155e-02 8.554363339163086055e-02 8.480356197887896352e-02 8.312322111986905626e-02 8.063874522534798805e-02 7.743983093137241092e-02 7.367628689913237328e-02 6.956279150155543489e-02 6.519173103171790884e-02 6.073903886691053855e-02 5.621448570526341865e-02 5.172947341346351147e-02 4.735077247008141060e-02 4.309729469866598051e-02 3.900843661871241513e-02 3.508596600868191251e-02 3.126846485781605012e-02 2.757712416071286116e-02 2.398962517640049891e-02 2.042356252096578367e-02 1.693888802498688673e-02 1.344674627679431911e-02 9.883180852294188440e-03 6.176304759763915492e-03 2.244403662393653232e-03 9.437919611104667158e-05 1.121535309130697149e-02 1.481353445392595385e-02 -2.089474099771245104e-03 1.207501272693999560e-02 1.402698355521746990e-03 1.210687683582095490e-02 1.368955158810427524e-03 8.350242721858068887e-03 -7.920041987512278781e-02 -2.096829192370715418e-03 4.638980945054166881e-03 5.190164151682719745e-02 5.377426875643628174e-02 2.522040611752614583e-02 2.004638246952867436e-02 1.714902698474084219e-02 1.669391982051374526e-02 1.295573263994202924e-02 2.084070951166583016e-02 1.501608845616423174e-02 1.723302155793450183e-02 1.588241633735116426e-02 1.364628347329753869e-02 1.548566527681470226e-02 1.274848611681582596e-02 3.784639262400840871e-03 8.014114798683937696e-03 1.149379331908408249e-02 4.417268976182695678e-03 2.271375104170851589e-02 -9.235194200102327111e-02 -1.683317398554767114e-02
3.303486128207309969e-02 5.426393182318230146e-02 5.704879724940640356e-02 5.971821235858326693e-02 6.223171591024892479e-02 6.451426082206761226e-02 6.646142538365784613e-02 6.797869003200264493e-02 6.901273330906844417e-02 6.948438933624559444e-02 6.935528205414141778e-02 6.864006069204836580e-02 6.732093054779897390e-02 6.552592867212601868e-02 6.326794994986086051e-02 6.064845885017745852e-02 5.773630459184972419e-02 5.458736657064883896e-02 5.129604407216749318e-02 4.791971893803120830e-02 4.449102270137580278e-02 4.110814166541824910e-02 3.773018192722098207e-02 3.437492573850716576e-02 3.108509403369670576e-02 2.785717559307085076e-02 2.468365341209514605e-02 2.162801224304698386e-02 1.855898956288158305e-02 1.555383142450531692e-02 1.259920502065894551e-02 9.613320897913286978e-03 6.736876033280004769e-03 3.554851025993146368e-02 6.217813501141827154e-02 6.642016510511314364e-02 7.061346132986894009e-02 7.460254742974418984e-02 7.829252722968799150e-02 8.147111497671333247e-02 8.397053363785836333e-02 8.565307800858072695e-02 8.639294542923953157e-02 8.611368907619001978e-02 8.484496244429805267e-02 8.269436773678515151e-02 7.973998389355865801e-02 7.613163094810136700e-02 7.208814628156839932e-02 6.771163044259634334e-02 6.319416581077369477e-02 5.856722058428485977e-02 5.395322351271376188e-02 4.943052332454805908e-02 4.501858438462938428e-02 4.077680873525219019e-02 3.670200534562647471e-02 3.273486334375849682e-02 2.889522351305989431e-02 2.515924558702654565e-02 2.144515033258344305e-02 1.780218545951710654e-02 1.414340472887442440e-02 1.039681906060489422e-02 6.478598266688817206e-03 2.284242153794084369e-03 9.169485224401180531e-05 1.024976309589100028e-02 1.473558868609451712e-02 -2.011933649937759465e-03 1.247270491549405842e-02 1.647727645967897100e-03 7.685117972210508269e-03 2.182881773010331324e-03 8.148726480281698326e-03 -8.722668136438654907e-02 -1.856744516537424611e-03 6.854130100796998297e-03 5.611597443548344000e-02 5.648831704219055283e-02 2.595387162270220566e-02 2.137293377686801804e-02 1.773370082026905215e-02 1.833774004716418743e-02 1.505132094250347628e-02 2.232252812862863672e-02 1.675388495546269174e-02 1.876924089570292803e-02 1.744122780959189711e-02 1.515935470552606280e-02 1.755627888532769465e-02 1.454126120258842844e-02 6.044502380592065016e-03 9.240844163147174384e-03 1.246227647733491595e-02 5.645706774535656433e-03 2.261845710985133442e-02 -8.760537317184295680e-02 -1.856962067609978229e-02
3.064481690172686165e-02 5.232770768204677431e-02 5.523098345192777037e-02 5.804679737166863057e-02 6.073725357638683903e-02 6.323097684691134091e-02 6.542448362656862193e-02 6.721894195674893435e-02 6.855957096504698700e-02 6.935528205414141778e-02 6.957091496703683708e-02 6.916890002456312081e-02 6.813605066908404173e-02 6.658865509734887556e-02 6.452610919099947828e-02 6.204702205739775350e-02 5.922093366621663385e-02 5.611264678933128303e-02 5.282415994295797806e-02 4.942136286581812893e-02 4.594337940552975508e-02 4.248971166519801418e-02 3.903402599407474610e-02 3.558957868355951126e-02 3.220499931803830901e-02 2.887715035959492749e-02 2.559838813774460708e-02 2.243993010460098095e-02 1.925309038167010919e-02 1.612751282213351761e-02 1.304551444054403118e-02 9.915205824807838200e-03 6.869118032775056552e-03 3.299264966046846353e-02 5.981644796565359357e-02 6.417119034542013989e-02 6.852386481813327324e-02 7.272633249507839959e-02 7.668994871677697889e-02 8.020380633638302115e-02 8.309562934243647225e-02 8.521565546241641198e-02 8.642475128869080148e-02 8.664871020979147964e-02 8.581914957308722780e-02 8.406718472249409546e-02 8.142993747467687504e-02 7.805068354070129888e-02 7.414529817975103188e-02 6.982242201381053115e-02 6.528933758139172927e-02 6.060017343322281896e-02 5.588940342956886381e-02 5.124818218637678530e-02 4.669797050445779335e-02 4.232020525738715289e-02 3.810754882881284278e-02 3.400430874650729046e-02 3.002968505320009751e-02 2.615928961992304222e-02 2.229478099846993883e-02 1.852478028448063460e-02 1.471492333726521703e-02 1.080262612007466989e-02 6.691910014170326070e-03 2.255061492104222000e-03 8.747989371772792308e-05 9.195342786268358160e-03 1.463871273960086310e-02 -1.844271106314581896e-03 1.284926263380667399e-02 1.962162745295505800e-03 2.205542692950239123e-02 2.614251610473358224e-03 7.731192101145000807e-03 -9.535436669968791468e-02 -1.676660140663039766e-03 8.635348467585790555e-03 5.990890802113316843e-02 5.870816002385731425e-02 2.652207348868523135e-02 2.245340318782784381e-02 1.830911425702722722e-02 1.981449794158215982e-02 1.719672580087622596e-02 2.364811521138792880e-02 1.846483996731277180e-02 2.023053769959384796e-02 1.894837793760498212e-02 1.663464212926488509e-02 1.968390017047192200e-02 1.626702408416674100e-02 8.451805437206909299e-03 1.050226365403704454e-02 1.355629906628146378e-02 6.984643035665526536e-03 2.267271085585176316e-02 -8.236155196269570600e-02 -1.978025954664322170e-02
2.826956541585293192e-02 5.016796825543586719e-02 5.314632507170600345e-02 5.606138134605770373e-02 5.887821200122722587e-02 6.153021038149839722e-02 6.391674231091386271e-02 6.594027462404947193e-02 6.754555389345094640e-02 6.864006069204836580e-02 6.916890002456312081e-02 6.910433112495857622e-02 6.837215454466018250e-02 6.711383170700846446e-02 6.529155604463143803e-02 6.299919567836960443e-02 6.030418765023327216e-02 5.727864538273565870e-02 5.403144652212563126e-02 5.063672511227199080e-02 4.714005819148657517e-02 4.364215438184981810e-02 4.013251963223338215e-02 3.662062016850418933e-02 3.316095630031592328e-02 2.975093361983370890e-02 2.638030784745694357e-02 2.315701887417569160e-02 1.986086218476668455e-02 1.662927961305880539e-02 1.343499108827688263e-02 1.017581389112888132e-02 6.974058130941310739e-03 3.044184360966915165e-02 5.720709693221037728e-02 6.161463438870908027e-02 6.605858414724166683e-02 7.039862846221474346e-02 7.455420731742519458e-02 7.831936253293046712e-02 8.152511786872758404e-02 8.401726440638353222e-02 8.565734917125752967e-02 8.633184476463469370e-02 8.598352870545879212e-02 8.469312511958321243e-02 8.243788955073232116e-02 7.936419295720263667e-02 7.567343586395025579e-02 7.147485750035934005e-02 6.698861852731523292e-02 6.229098261961572153e-02 5.752833862805405846e-02 5.280531498989050887e-02 4.814678815324971439e-02 4.365781095059032002e-02 3.932842440463243244e-02 3.510830435689372281e-02 3.101764366395190139e-02 2.703622538581443302e-02 2.303842357530921578e-02 1.913436963447230979e-02 1.519589873805922593e-02 1.113794838581320772e-02 6.855078387930198941e-03 2.196801104641763532e-03 8.676325711800510546e-05 8.036558139242403268e-03 1.487511365407003135e-02 -1.671113955392505021e-03 1.302771520895753404e-02 2.135208796626162590e-03 1.702547903072993210e-02 3.332490070855332037e-03 7.308474687864708469e-03 -1.033751381616878906e-01 -1.696242679610455084e-03 1.050657663839565936e-02 6.370478368158455362e-02 6.055822753762323679e-02 2.714897134455618657e-02 2.345943963911981817e-02 1.905236446689389379e-02 2.127163378682386460e-02 1.947834438923342834e-02 2.498229555748737035e-02 2.032135977842451646e-02 2.177911338878852840e-02 2.056696328848580876e-02 1.824001880402780634e-02 2.201117927590007586e-02 1.808822719647880384e-02 1.118624451376726801e-02 1.196075370663428859e-02 1.494548677095631703e-02 8.606069294562821229e-03 2.309050711119868191e-02 -7.650963495462520525e-02 -2.031636527650990814e-02
2.594022052293203442e-02 4.780504773921601808e-02 5.081552688998151185e-02 5.378306103084570799e-02 5.667582812653462060e-02 5.943257340798965144e-02 6.195662772451430989e-02 6.415491066200763870e-02 6.597283646464086049e-02 6.732093054779897390e-02 6.813605066908404173e-02 6.837215454466018250e-02 6.800760537796952943e-02 6.704240423637719548e-02 6.549370428614012529e-02 6.343135963753999962e-02 6.091455727298625972e-02 5.801931147820064277e-02 5.485923504059538047e-02 5.151542378071612138e-02 4.803913501877433295e-02 4.453179101907162041e-02 4.100010034180465168e-02 3.745047281474318812e-02 3.394419403845441718e-02 3.048197887018753646e-02 2.706633159164664390e-02 2.367396838476516774e-02 2.035133946065214444e-02 1.704267486524937980e-02 1.375866850853634839e-02 1.039174086436348877e-02 7.053031448171966956e-03 2.793866578538143838e-02 5.437923059645972945e-02 5.878065127133265400e-02 6.324889667534645821e-02 6.765154981979717985e-02 7.191726632889425264e-02 7.584725432577214821e-02 7.928080465865673665e-02 8.206446702772805801e-02 8.406776872679028179e-02 8.516427413196789309e-02 8.529107441415055557e-02 8.440860842987535362e-02 8.261197169425688047e-02 7.991465438823526501e-02 7.651576633261326921e-02 7.251872607706334739e-02 6.815260315007154457e-02 6.351306032142409186e-02 5.875651053678329627e-02 5.400051080556049488e-02 4.927404909709893338e-02 4.470683569198001528e-02 4.028755076236812532e-02 3.597210668088303420e-02 3.178032064388593148e-02 2.767995113134462046e-02 2.368914434735536895e-02 1.962715963591046484e-02 1.556804113681964190e-02 1.138139889727682146e-02 6.947385560589003535e-03 2.091699517258520553e-03 7.029562798985476951e-05 7.290176024171852662e-03 1.201852372220104000e-02 -1.788727119540697158e-03 1.292450379209271298e-02 2.141890642581029212e-03 1.569925828537976562e-02 3.740224720579871705e-03 6.676008618949492122e-03 -1.113610411675021450e-01 -1.719463540721174718e-03 1.173929847547391242e-02 6.692652114943521691e-02 6.150945151689071744e-02 2.742748189149620680e-02 2.400967745139227436e-02 1.955795984841219790e-02 2.235762502559541023e-02 2.150493727461758389e-02 2.599932114125582186e-02 2.202170874342439591e-02 2.310900260904789894e-02 2.199569739074973274e-02 1.967844841729340238e-02 2.423459982842698923e-02 1.971219234790917707e-02 1.396115978123289338e-02 1.331915048119244362e-02 1.633736784228934438e-02 1.021844969785960788e-02 2.360353242301276369e-02 -7.033407242048846097e-02 -2.056047746442907914e-02
2.369958720915924660e-02 4.533483432087535847e-02 4.834165386660944225e-02 5.132198196083014724e-02 5.424705980034435354e-02 5.706129192874163231e-02 5.967244557527410370e-02 6.199374077014406514e-02 6.397253217176242235e-02 6.552592867212601868e-02 6.658865509734887556e-02 6.711383170700846446e-02 6.704240423637719548e-02 6.639930803037938367e-02 6.514724390963604062e-02 6.335279102328300604e-02 6.105937521420774783e-02 5.834296929003499749e-02 5.531840845006109203e-02 5.207141920775482796e-02 4.865721096740353857e-02 4.517677355643368725e-02 4.165503726869276835e-02 3.809541162651089441e-02 3.456563828149527423e-02 3.106820764616105568e-02 2.760336755191071523e-02 2.419508044985598655e-02 2.079643668789077707e-02 1.741931969258728174e-02 1.405944404905165243e-02 1.060178954506532656e-02 7.143905365181019845e-03 2.552846691720117925e-02 5.144056819697984811e-02 5.579006702386819089e-02 6.022938963142241559e-02 6.463352112085291035e-02 6.894093514904264808e-02 7.296067636898828646e-02 7.654289922496010368e-02 7.953817657130586583e-02 8.182795732734864103e-02 8.327978400501453993e-02 8.381857035402209832e-02 8.341124350282169697e-02 8.206990238803715809e-02 7.977829683716741727e-02 7.673569855391612626e-02 7.301472014215562578e-02 6.884668888158324007e-02 6.434016352525873117e-02 5.965739991654453456e-02 5.492683035067517233e-02 5.018153787615902556e-02 4.557653762964861827e-02 4.110112269095944626e-02 3.671980763290827454e-02 3.245600204850565551e-02 2.828411827494058811e-02 2.417079378602332920e-02 2.004073677743261825e-02 1.588852227406162623e-02 1.159578068076798016e-02 7.034196514130594373e-03 2.008598344961792532e-03 7.292421346162114972e-05 6.339830767392336600e-03 1.205006007801013961e-02 -1.659767697194929103e-03 1.291321660213629388e-02 2.267066058918191813e-03 1.493601924513254103e-02 4.096821369089790471e-03 6.082396422001879084e-03 -1.187884162471548460e-01 -1.695035390136107999e-03 1.284664329447300635e-02 7.005028125190532196e-02 6.170404136356602565e-02 2.763222174727269012e-02 2.436332743113739721e-02 2.004411322538487625e-02 2.328957005490199170e-02 2.340717634016927298e-02 2.689026119137163245e-02 2.374142349277262240e-02 2.437779138806220325e-02 2.338504961344992084e-02 2.110023802878469024e-02 2.646602269970731863e-02 2.128629804014395277e-02 1.691972978043549888e-02 1.470863368272091153e-02 1.785373408280248320e-02 1.195334436926671559e-02 2.436839675296848667e-02 -6.383191424636162903e-02 -2.039774561508208087e-02
2.154415242443983095e-02 4.276120761221403194e-02 4.573139164440350596e-02 4.868802011759038040e-02 5.160518370101332269e-02 5.443293915898464452e-02 5.708333310663475657e-02 5.947644019028762441e-02 6.156367456145718509e-02 6.326794994986086051e-02 6.452610919099947828e-02 6.529155604463143803e-02 6.549370428614012529e-02 6.514724390963604062e-02 6.420709540652422276e-02 6.270391262535555954e-02 6.067434001819773520e-02 5.818639338217764662e-02 5.535085635969252266e-02 5.225384824894824948e-02 4.895181290165225713e-02 4.554334675009120981e-02 4.207265598902059506e-02 3.853997357206618429e-02 3.501990444317599344e-02 3.151788965106575024e-02 2.803593924949902838e-02 2.460661105082924405e-02 2.116979671262543203e-02 1.774800862708249272e-02 1.433391897806325296e-02 1.080851854132480402e-02 7.254501474318144662e-03 2.320775967260571560e-02 4.840355744416734163e-02 5.265937830773943784e-02 5.702133865034839100e-02 6.137106709301113489e-02 6.565712607693140190e-02 6.969605692378186279e-02 7.334947553122277142e-02 7.647795286408905213e-02 7.897127720211670476e-02 8.070083108028044960e-02 8.158926288902740298e-02 8.159141539179350089e-02 8.067488176724069149e-02 7.884243286742674550e-02 7.619805181305482067e-02 7.282254683259933858e-02 6.893489715616867020e-02 6.464603540163439688e-02 6.011690850392496788e-02 5.548321740208310426e-02 5.078083055811829366e-02 4.618990114412561965e-02 4.170145500515180098e-02 3.728988168168963918e-02 3.298304179170249290e-02 2.875957694143723570e-02 2.457972656430381514e-02 2.038587815786616422e-02 1.615926222465608950e-02 1.178150604273795268e-02 7.116696861867223035e-03 1.950804960794776197e-03 6.569239547774630226e-05 5.629037341343532362e-03 1.122501774479690503e-02 -1.688711452955446446e-03 1.274701279679713896e-02 2.285276520266280292e-03 1.421130401337310223e-02 4.236238978566652866e-03 5.392204981359749807e-03 -1.255228862991830119e-01 -1.743309623920842686e-03 1.369259691299533170e-02 7.309102299317182805e-02 6.082288799796617407e-02 2.759818441013418139e-02 2.440288486512978000e-02 2.034495106874834383e-02 2.394756330817404688e-02 2.502132346390041270e-02 2.752890480026780676e-02 2.535797714163165115e-02 2.546423913162648017e-02 2.461867744396136273e-02 2.239599451891174237e-02 2.858196903538069711e-02 2.271602602762173156e-02 1.996270888168320823e-02 1.603248326913141175e-02 1.939568369000101850e-02 1.372103305133729259e-02 2.529973783842404816e-02 -5.716396170257877912e-02 -1.994073984396961194e-02
1.951427762322629697e-02 4.015524240734948125e-02 4.306064577019134282e-02 4.596217011523076601e-02 4.883643980871638784e-02 5.163914093191458027e-02 5.428612059363139425e-02 5.670569084099262580e-02 5.884630821501327796e-02 6.064845885017745852e-02 6.204702205739775350e-02 6.299919567836960443e-02 6.343135963753999962e-02 6.335279102328300604e-02 6.270391262535555954e-02 6.150449521372620271e-02 5.977165947317079897e-02 5.755912542385852732e-02 5.496653018046868122e-02 5.207520173037166744e-02 4.893919751963595605e-02 4.565179160371042599e-02 4.227758822382689241e-02 3.881257164162300183e-02 3.533832087476770217e-02 3.186388341829261839e-02 2.839411263090302687e-02 2.496525791632705354e-02 2.151595043106684091e-02 1.807187707909990379e-02 1.462447300941482897e-02 1.105433348385858293e-02 7.427416002227367649e-03 2.101913220134303192e-02 4.534671048877704502e-02 4.947485628759448056e-02 5.371964401827847985e-02 5.796834382298071686e-02 6.217996076199643063e-02 6.617760434748228004e-02 6.983744550771980864e-02 7.301320905399333316e-02 7.563121267991304575e-02 7.755553194710308740e-02 7.871447766813544078e-02 7.905685069344145499e-02 7.853498877898260067e-02 7.712182847928508722e-02 7.490706798693741453e-02 7.194101950354093999e-02 6.841873730572210766e-02 6.443752557192666819e-02 6.014989573488883218e-02 5.569408328781175199e-02 5.110622769153840006e-02 4.659094751849304078e-02 4.214129751302077287e-02 3.774264659140556116e-02 3.342846055075191641e-02 2.918245725927985298e-02 2.496606929038758249e-02 2.072848792603476306e-02 1.644809535457167696e-02 1.200637544027718419e-02 7.261885698858264702e-03 1.984299739550109219e-03 5.364277335273112988e-05 5.096215257998791895e-03 1.018388069111281040e-02 -1.801814649969862977e-03 1.248290733047029664e-02 2.217821650192109383e-03 1.355831636764489104e-02 4.259481791794761558e-03 4.704419266918522489e-03 -1.311968808030420930e-01 -1.776239431556174680e-03 1.433730218913590801e-02 7.631456296016990437e-02 5.865716213785592686e-02 2.733462598436715851e-02 2.419622844002228615e-02 2.045389537075231398e-02 2.434638039494489356e-02 2.630704205637349885e-02 2.787605791324658869e-02 2.680360135017819875e-02 2.629241982167574918e-02 2.560625156727293697e-02 2.346415563208978025e-02 3.045513104884048361e-02 2.389025364808277513e-02 2.295354191624050799e-02 1.716418966844798777e-02 2.082657900439751145e-02 1.538562637917631135e-02 2.623396044013107109e-02 -5.054767036404079344e-02 -1.932916143619727023e-02
