6.575416600503893039e-02 5.022343450942062110e-02 4.842686218545833032e-02 4.651428462697826394e-02 4.448617357923629473e-02 4.238129851795705005e-02 4.015984195701593346e-02 3.781456765756448235e-02 3.544140098640038983e-02 3.303486128207309969e-02 3.064481690172686165e-02 2.826956541585293192e-02 2.594022052293203442e-02 2.369958720915924660e-02 2.154415242443983095e-02 1.951427762322629697e-02 1.761438062717389508e-02 1.581919208093444246e-02 1.415000376016258866e-02 1.261747522024992026e-02 1.121015065822899073e-02 9.861645047323194455e-03 8.672591778568531154e-03 7.618676984297201478e-03 6.641185959959973462e-03 5.756975916063782235e-03 4.956450238484223086e-03 4.246773079796780856e-03 3.596698304044938701e-03 3.018490022791257572e-03 2.551979252073619583e-03 2.052755511532051817e-03 1.849420305716935331e-03 7.041513322339627845e-02 5.904439388344685097e-02 5.737164269194248989e-02 5.545696454607320497e-02 5.322496395755159371e-02 5.080892531025078818e-02 4.812543313105750037e-02 4.520529716555864164e-02 4.213730075193055508e-02 3.899330419025157091e-02 3.584351298428151839e-02 3.268385646760776225e-02 2.960954643036154549e-02 2.663854721664350028e-02 2.378294253868202396e-02 2.112542771416257154e-02 1.864705708182442731e-02 1.640638436104027015e-02 1.430124601716036177e-02 1.236493129841258545e-02 1.062616514034464034e-02 9.023567173681410966e-03 7.658188501721535646e-03 6.404540123002171181e-03 5.274081722061773995e-03 4.290893583786997527e-03 3.439304560272340473e-03 2.710247984615117133e-03 2.069220050085016950e-03 1.520022793148923055e-03 1.052932257693940969e-03 6.635668481615046620e-04 4.538599407660374790e-04 5.784833310334990131e+01 3.426548699199069570e-01 3.145257696428903627e-01 2.916425401921616811e-01 2.722678807748460938e-01 2.552424851862055144e-01 2.397713916159368019e-01 2.253119761997976755e-01 2.115177649236543445e-01 1.981805080946149322e-01 1.851938212814606688e-01 1.725187316016063566e-01 1.601549224140838834e-01 1.481251500863226545e-01 1.364626574908533174e-01 1.251963687888366927e-01 1.143525777623516787e-01 1.039490411867143999e-01 9.400227791218573881e-02 8.451709678026013417e-02 7.549045895511719007e-02 6.691751450133537338e-02 5.878559204363330987e-02 5.108099108940921534e-02 4.378826204154964707e-02 3.689391770238750756e-02 3.039865080631835512e-02 2.429274248626046503e-02 1.858192853258694432e-02 1.327656520904040537e-02 8.395819079618702802e-03 3.961246429019792646e-03 0.000000000000000000e+00
5.022343450942062110e-02 5.864032419909522703e-02 5.920557767751757905e-02 5.947050261139497779e-02 5.943047487636882176e-02 5.908946736109103870e-02 5.839274066704298188e-02 5.730907969950970599e-02 5.594070805027859944e-02 5.426393182318230146e-02 5.232770768204677431e-02 5.016796825543586719e-02 4.780504773921601808e-02 4.533483432087535847e-02 4.276120761221403194e-02 4.015524240734948125e-02 3.754449455096015714e-02 3.492574119104574493e-02 3.234308803693643902e-02 2.982089806230488194e-02 2.734833538950520726e-02 2.499060372383790987e-02 2.268066853595696389e-02 2.046417480832314270e-02 1.832751439818894323e-02 1.627548905122283562e-02 1.430124933549497754e-02 1.244215355228969581e-02 1.062302167684614496e-02 8.888162996331681887e-03 7.239910085323974023e-03 5.650285381079768118e-03 4.307522321986990282e-03 5.387702568902596328e-02 6.812805979329844552e-02 6.956961421856105998e-02 7.059610508018074326e-02 7.107902020038474322e-02 7.108589887955883702e-02 7.049298444497711924e-02 6.928308811035351067e-02 6.754322308203902780e-02 6.530818354975009843e-02 6.264604678428707663e-02 5.961827919856876185e-02 5.634872174180905607e-02 5.288386146102872637e-02 4.929571016390711657e-02 4.572667872722006172e-02 4.219011482126718005e-02 3.878348952036056452e-02 3.542813766585669460e-02 3.218026164209721041e-02 2.907720270144826397e-02 2.612354083343849942e-02 2.332603283625446153e-02 2.066817129038412901e-02 1.811381182148705596e-02 1.568984869395371670e-02 1.338168064420450568e-02 1.115991989535175880e-02 9.024308701257926710e-03 6.959759585520922803e-03 4.933459148448356320e-03 2.935972491476254893e-03 1.014497317679371579e-03 3.518873690410752886e+01 2.629563995143640587e-01 2.377171153090986422e-01 2.165393112761535011e-01 1.981202752864197614e-01 1.816475468801605209e-01 1.665857186418490954e-01 1.525773050507357176e-01 1.394010015281973991e-01 1.269298267150079651e-01 1.151054447854154977e-01 1.039115829578617645e-01 9.335284965942149127e-02 8.344291824944340130e-02 7.419507129842947690e-02 6.561247210003227914e-02 5.769153635500606780e-02 5.041880688110510905e-02 4.377722428890535450e-02 3.774046341909480934e-02 3.227752219073107276e-02 2.735643400136451506e-02 2.294135432012127732e-02 1.899437127881510937e-02 1.548043451440251662e-02 1.236463042546072366e-02 9.625936541987820810e-03 7.234255771703210214e-03 5.171914508507299314e-03 3.424104354856462220e-03 1.983309003372215207e-03 8.427221737773219184e-04 0.000000000000000000e+00
4.842686218545833032e-02 5.920557767751757905e-02 6.011409140454970768e-02 6.071512860943117235e-02 6.100410578526303806e-02 6.097304088246276871e-02 6.055801339170008984e-02 5.972109585145876642e-02 5.856137258460203388e-02 5.704879724940640356e-02 5.523098345192777037e-02 5.314632507170600345e-02 5.081552688998151185e-02 4.834165386660944225e-02 4.573139164440350596e-02 4.306064577019134282e-02 4.036146663815980140e-02 3.763575318121395452e-02 3.493028469898468158e-02 3.227491682488808911e-02 2.965969090461277255e-02 2.715911701680305199e-02 2.469848147706994734e-02 2.232298925851599822e-02 2.002743874725602599e-02 1.781491271097810497e-02 1.567853304922358151e-02 1.365826177271457775e-02 1.167440598627093699e-02 9.773829425253146436e-03 7.956631321667495191e-03 6.194700800886173385e-03 4.668041905017798927e-03 5.197162435538834474e-02 6.871015445089542761e-02 7.061080011260008338e-02 7.210473384668771024e-02 7.304225730303487429e-02 7.348352399595423079e-02 7.328420018014875081e-02 7.241544733174025417e-02 7.095584247153562119e-02 6.892962254450714366e-02 6.640254680240267882e-02 6.344133349819379430e-02 6.017687703121910731e-02 5.666301077427768340e-02 5.298327503676074357e-02 4.928964743959728806e-02 4.560364571998842820e-02 4.202971156059029378e-02 3.849814345785897152e-02 3.506577589007896234e-02 3.177504397582910090e-02 2.863552869813501198e-02 2.564570486350860323e-02 2.280064117140419289e-02 2.005658046764696029e-02 1.744120052715026487e-02 1.493880634806520578e-02 1.251744621477123183e-02 1.017653565669180034e-02 7.899628785631206476e-03 5.648522534805214441e-03 3.407745087184006760e-03 1.210589619804545341e-03 3.180739604299021650e+01 2.491533649630447433e-01 2.249748752122192608e-01 2.045379969587242663e-01 1.866508498383831205e-01 1.705778466610541333e-01 1.558381183901685896e-01 1.421130402868795717e-01 1.292081976409007738e-01 1.170147925344453832e-01 1.054859959345600950e-01 9.461204894056758630e-02 8.440045772094614818e-02 7.486512749621543339e-02 6.601750251823351734e-02 5.785796622503702052e-02 5.037938557029258968e-02 4.356464753777151283e-02 3.739277898453011173e-02 3.183400201668275947e-02 2.685443483535786269e-02 2.241942077859089555e-02 1.849100804727145386e-02 1.502903098177086824e-02 1.199691785257869965e-02 9.357808832116029304e-03 7.088638745922723298e-03 5.157507968906322772e-03 3.544385741052917971e-03 2.231854981281386572e-03 1.209540950556893014e-03 4.675041871724728757e-04 0.000000000000000000e+00
4.651428462697826394e-02 5.947050261139497779e-02 6.071512860943117235e-02 6.172948454088062614e-02 6.230660580893999934e-02 6.261413021698629400e-02 6.251125104740323790e-02 6.195348380323981857e-02 6.103541962063702142e-02 5.971821235858326693e-02 5.804679737166863057e-02 5.606138134605770373e-02 5.378306103084570799e-02 5.132198196083014724e-02 4.868802011759038040e-02 4.596217011523076601e-02 4.318139516499062275e-02 4.035353882036220308e-02 3.752537228379077688e-02 3.474079303913608918e-02 3.198360847778210919e-02 2.933887514592734350e-02 2.672912014454744203e-02 2.419272094583863747e-02 2.173676748798627698e-02 1.936185353995266770e-02 1.706103482421783904e-02 1.487639412912015839e-02 1.272444656870328449e-02 1.065391562452801776e-02 8.663167349087605440e-03 6.721310639353226049e-03 5.001544498821198885e-03 4.993773043711572518e-02 6.893113827911130642e-02 7.128232999133586600e-02 7.329948670461558513e-02 7.466582591949737224e-02 7.558976821370298749e-02 7.583241259191730865e-02 7.535565740765397258e-02 7.422612108365878036e-02 7.245427663815662278e-02 7.010094809465967913e-02 6.723729665517991227e-02 6.400136694598917986e-02 6.045538112032713962e-02 5.669521916794870164e-02 5.288321831432906545e-02 4.905021304998245790e-02 4.530872486451234527e-02 4.160283801273099991e-02 3.798219797398912079e-02 3.450196281056376602e-02 3.117383471806269013e-02 2.799097463249215073e-02 2.495709156164151177e-02 2.202248256481513858e-02 1.921462333374451825e-02 1.651664631420527579e-02 1.389439505704003104e-02 1.134523301973875374e-02 8.852059549651338996e-03 6.370604625964418517e-03 3.878253423250789794e-03 1.392758033101129927e-03 2.859077609740257131e+01 2.362017143071818981e-01 2.131211043121621074e-01 1.934269792397970145e-01 1.760571294626355754e-01 1.603602862197720524e-01 1.459134326155228367e-01 1.324387671777439157e-01 1.197700977551759277e-01 1.078177441647008572e-01 9.654700641711042031e-02 8.595506194663464494e-02 7.605258998160999151e-02 6.685392226307268482e-02 5.836880905532838837e-02 5.059499524782846286e-02 4.352192117075648348e-02 3.712893907702046609e-02 3.139126829847805472e-02 2.627578691813003270e-02 2.174584082764447271e-02 1.776417838207360392e-02 1.429081989123243482e-02 1.128342353048298989e-02 8.703947342787118208e-03 6.513615443352490514e-03 4.687306008503818767e-03 3.191309761340228521e-03 2.003187944090591317e-03 1.102859438099243602e-03 4.770108166340498675e-04 1.124790181527881699e-04 0.000000000000000000e+00
4.448617357923629473e-02 5.943047487636882176e-02 6.100410578526303806e-02 6.230660580893999934e-02 6.335436216330557480e-02 6.397895479453992451e-02 6.421199768422136689e-02 6.396328012666691043e-02 6.332056012765759079e-02 6.223171591024892479e-02 6.073725357638683903e-02 5.887821200122722587e-02 5.667582812653462060e-02 5.424705980034435354e-02 5.160518370101332269e-02 4.883643980871638784e-02 4.598283559404799797e-02 4.305753440570103674e-02 4.014166742079196271e-02 3.721142755460908613e-02 3.431497984631547843e-02 3.153016635292878178e-02 2.876579563356639752e-02 2.607512107170452398e-02 2.346213766736054973e-02 2.092783504675140363e-02 1.846543906235423305e-02 1.611856513892932080e-02 1.380112064612827594e-02 1.156270601238277261e-02 9.400555940044083916e-03 7.278662328375425788e-03 5.364385418987778660e-03 4.778165014197570393e-02 6.878377743220973062e-02 7.155976469369833282e-02 7.399087959689729099e-02 7.602559704342878866e-02 7.737970597365488590e-02 7.809917694080602268e-02 7.806130018972064211e-02 7.731259538634076278e-02 7.584385060245639465e-02 7.370700372752533869e-02 7.097611076027646182e-02 6.779596274696896019e-02 6.423793557891761818e-02 6.041092474831966097e-02 5.648858055631712782e-02 5.251263782747278563e-02 4.860683729288207966e-02 4.469322798221609522e-02 4.090621354428244927e-02 3.723731239020937334e-02 3.372057458578456290e-02 3.034503283193040052e-02 2.712434017851140383e-02 2.400208393739405865e-02 2.100526811348789671e-02 1.811570247008929130e-02 1.529791686748530923e-02 1.254441245852966000e-02 9.839078555001733173e-03 7.130831130305850980e-03 4.388815844020246826e-03 1.613370082931979681e-03 2.563023698353481095e+01 2.246136104737673500e-01 2.025961525008002084e-01 1.836036354421496652e-01 1.667079678057019898e-01 1.513426112202933549e-01 1.371421377194820268e-01 1.238695552656197546e-01 1.113871020590576910e-01 9.962451993624643620e-02 8.855954268724826328e-02 7.819658210340513227e-02 6.854975918440997518e-02 5.963408815874125107e-02 5.145787701309650214e-02 4.401649834575608461e-02 3.729622280090637981e-02 3.127312176401942506e-02 2.591883733809854928e-02 2.119712290057033238e-02 1.706875045520365314e-02 1.349404400049680590e-02 1.043113188655613727e-02 7.835626425520559810e-03 5.668076605934719257e-03 3.887841796865244750e-03 2.467722200495266107e-03 1.372180957513183079e-03 5.762939831694707154e-04 5.722568379378068057e-05 -2.014094624227436199e-04 -2.161538966944589351e-04 0.000000000000000000e+00
4.238129851795705005e-02 5.908946736109103870e-02 6.097304088246276871e-02 6.261413021698629400e-02 6.397895479453992451e-02 6.498805979857037729e-02 6.558456503191087417e-02 6.567182497353754589e-02 6.533944251242986001e-02 6.451426082206761226e-02 6.323097684691134091e-02 6.153021038149839722e-02 5.943257340798965144e-02 5.706129192874163231e-02 5.443293915898464452e-02 5.163914093191458027e-02 4.872747624549917528e-02 4.571932031708546285e-02 4.268384830441675909e-02 3.964412970691215399e-02 3.661678012389090603e-02 3.369262829314154800e-02 3.078662506842421917e-02 2.794286861021682764e-02 2.517608210482864817e-02 2.248538913092026914e-02 1.986403965653219320e-02 1.735588746864424534e-02 1.487465640640834620e-02 1.246866485270526140e-02 1.013465322977724105e-02 7.829426506153607315e-03 5.715121445504701796e-03 4.553935955468684654e-02 6.827395379310446932e-02 7.144618721501969083e-02 7.433492835343111227e-02 7.678894847163336701e-02 7.870054782754086486e-02 7.994415382432663864e-02 8.039308346590068322e-02 8.008092480353068421e-02 7.897149145054395414e-02 7.710344962060801388e-02 7.455153824261298579e-02 7.146595161912952521e-02 6.792711922574500016e-02 6.405701035648822539e-02 6.004094770412571336e-02 5.593228731192528835e-02 5.186516740802575576e-02 4.779390685228472602e-02 4.381171951348630800e-02 3.995499041618326419e-02 3.624751196154576971e-02 3.268423980883657792e-02 2.927922556951675220e-02 2.597279311001828017e-02 2.279063170819191006e-02 1.971285649377245430e-02 1.670514668207952885e-02 1.374840755389641553e-02 1.083204823078052527e-02 7.896449499506040526e-03 4.901183775355224398e-03 1.827311793471032234e-03 2.274395828487678273e+01 2.132087859039140387e-01 1.923147030105570310e-01 1.740794394544375179e-01 1.577068328860042890e-01 1.427135781308505325e-01 1.287914030007153710e-01 1.157443988437105026e-01 1.034638172484105556e-01 9.189950232133760333e-02 8.104229222791872744e-02 7.090448922789102659e-02 6.150427588260185680e-02 5.285794988149382367e-02 4.497297196895688048e-02 3.784296140166260730e-02 3.145162853576397022e-02 2.577237593288670553e-02 2.077385362181142711e-02 1.641725920959975077e-02 1.266132272982416207e-02 9.464428725636511372e-03 6.783240063939420875e-03 4.571726417457267454e-03 2.789309016004318329e-03 1.393751916516070433e-03 3.559187834335361873e-04 -3.614106714661992630e-04 -7.855892925153550943e-04 -9.421775730930653965e-04 -8.506602032817326374e-04 -5.309985753707841937e-04 0.000000000000000000e+00
4.015984195701593346e-02 5.839274066704298188e-02 6.055801339170008984e-02 6.251125104740323790e-02 6.421199768422136689e-02 6.558456503191087417e-02 6.655257101932347819e-02 6.697558743721165886e-02 6.698903863064616104e-02 6.646142538365784613e-02 6.542448362656862193e-02 6.391674231091386271e-02 6.195662772451430989e-02 5.967244557527410370e-02 5.708333310663475657e-02 5.428612059363139425e-02 5.133361744905016316e-02 4.825568962369721632e-02 4.512574273880825410e-02 4.197691297499028806e-02 3.882668466192062962e-02 3.576868931109602329e-02 3.272677507669147223e-02 2.973711619394309863e-02 2.682273158461157339e-02 2.398160963216561942e-02 2.120737694407442628e-02 1.853851163162237303e-02 1.590101314906231314e-02 1.333185179939567165e-02 1.082979743068220903e-02 8.343245719789114598e-03 6.029617695278314225e-03 4.317061292953352364e-02 6.734255576422579215e-02 7.086606179877039113e-02 7.416606451789717336e-02 7.707947248529582740e-02 7.950790684357691984e-02 8.128644491351945389e-02 8.223583191028935313e-02 8.241073945664983968e-02 8.171537603037049013e-02 8.017157627669130315e-02 7.785124172935038722e-02 7.490699181807354556e-02 7.142692715335240139e-02 6.754519522419800970e-02 6.345883561941349782e-02 5.923371732727239491e-02 5.501679580814948511e-02 5.077955942277955631e-02 4.661730947945074560e-02 4.257713466325880464e-02 3.868022954414618991e-02 3.493351099680808147e-02 3.134801598244577048e-02 2.786212512886539205e-02 2.449981966460788169e-02 2.123855978935158817e-02 1.805953286780119169e-02 1.489878584838184340e-02 1.177716446349337011e-02 8.619929285090291785e-03 5.376000810104990604e-03 2.006057885622847519e-03 2.028074817648397499e+01 2.039557628212461116e-01 1.840406995073416152e-01 1.664598058446765394e-01 1.505299263347549266e-01 1.358397054703164297e-01 1.221314926871801126e-01 1.092467180906972063e-01 9.710355358159863948e-02 8.567085468220154987e-02 7.495211338535004431e-02 6.496750215907769188e-02 5.573951360644950614e-02 4.728614960764371267e-02 3.961456682952659014e-02 3.271724162488277160e-02 2.657595188488977300e-02 2.116205166073502689e-02 1.644177761932599444e-02 1.237429783336344187e-02 8.916755339527749832e-03 6.025979327571846268e-03 3.657472427563555027e-03 1.763843796194536047e-03 3.035043910532303382e-04 -7.672376372117186523e-04 -1.479454686320703016e-03 -1.872050382240421276e-03 -1.974877379079566665e-03 -1.816312925571792868e-03 -1.419084185503889737e-03 -8.067136843882658122e-04 0.000000000000000000e+00
3.781456765756448235e-02 5.730907969950970599e-02 5.972109585145876642e-02 6.195348380323981857e-02 6.396328012666691043e-02 6.567182497353754589e-02 6.697558743721165886e-02 6.791696806965098754e-02 6.818981291490151808e-02 6.797869003200264493e-02 6.721894195674893435e-02 6.594027462404947193e-02 6.415491066200763870e-02 6.199374077014406514e-02 5.947644019028762441e-02 5.670569084099262580e-02 5.373674944184045343e-02 5.060984119323823360e-02 4.740431902957007587e-02 4.416125253313501337e-02 4.090198530014672873e-02 3.772193382178649912e-02 3.455516851808691781e-02 3.143089635316025088e-02 2.837917281568285918e-02 2.539672633072705479e-02 2.247446193571500314e-02 1.969778518232961212e-02 1.688606390431749912e-02 1.415980919218831971e-02 1.149700671723370357e-02 8.835651616107454906e-03 6.328311957183259395e-03 4.066229188017139035e-02 6.596446817482484737e-02 6.978784140199190134e-02 7.344891774960797537e-02 7.678271026346050743e-02 7.968874109168129494e-02 8.196542168343778911e-02 8.359215281025171584e-02 8.417735866287262558e-02 8.393941463752706278e-02 8.277479358807006415e-02 8.074557669798618220e-02 7.800064777886529799e-02 7.463203209463303844e-02 7.078346881154641557e-02 6.666308237743806542e-02 6.234873842962147805e-02 5.800215338494802558e-02 5.361292595570116282e-02 4.928316195530280108e-02 4.506938387932050982e-02 4.099123604216416139e-02 3.707052251951300365e-02 3.331415271631266162e-02 2.966020407828522804e-02 2.613215479299121902e-02 2.271305816028739571e-02 1.925932090238811553e-02 1.598001525236037931e-02 1.267290659289892554e-02 9.309288510863938590e-03 5.830206757233516446e-03 2.176296051268450295e-03 1.845714991792581117e+01 1.979000724917372167e-01 1.787091847083514540e-01 1.615963401572295677e-01 1.459637625489785540e-01 1.314550464791533202e-01 1.178525797094505945e-01 1.050284112311734852e-01 9.292339689026381244e-02 8.152282690706606771e-02 7.084140577780130565e-02 6.090658317133681304e-02 5.174514450610056410e-02 4.337714686667598629e-02 3.581005986432372890e-02 2.903596163573568881e-02 2.303549157556815039e-02 1.777873599714815955e-02 1.323024262993528419e-02 9.347785318003643332e-03 6.087445265080003443e-03 3.404920869657602090e-03 1.254874125295191763e-03 -4.111610315685071968e-04 -1.635700816324021966e-03 -2.463770303433867985e-03 -2.928408619324225984e-03 -3.070231396576037289e-03 -2.921682205755347320e-03 -2.514060181977250362e-03 -1.873481180439071211e-03 -1.027153153954767171e-03 0.000000000000000000e+00
3.544140098640038983e-02 5.594070805027859944e-02 5.856137258460203388e-02 6.103541962063702142e-02 6.332056012765759079e-02 6.533944251242986001e-02 6.698903863064616104e-02 6.818981291490151808e-02 6.888659241665005817e-02 6.901273330906844417e-02 6.855957096504698700e-02 6.754555389345094640e-02 6.597283646464086049e-02 6.397253217176242235e-02 6.156367456145718509e-02 5.884630821501327796e-02 5.588799074862282196e-02 5.273421498292571452e-02 4.947188110180657239e-02 4.615008447157632754e-02 4.279541687755972212e-02 3.950473499448618753e-02 3.622392817059093967e-02 3.297608763514375124e-02 2.979784687624122477e-02 2.668571461151792931e-02 2.363202530830380010e-02 2.069962062941524406e-02 1.775876686226976822e-02 1.488746926227164057e-02 1.207314640906075390e-02 9.244256590797278461e-03 6.548086411798028673e-03 3.812695012244884940e-02 6.424768265354022234e-02 6.831230976115541809e-02 7.227400416283169537e-02 7.597123089567826837e-02 7.930505738748841460e-02 8.206660056348985544e-02 8.410365469458984389e-02 8.530681847639089155e-02 8.554363339163086055e-02 8.480356197887896352e-02 8.312322111986905626e-02 8.063874522534798805e-02 7.743983093137241092e-02 7.367628689913237328e-02 6.956279150155543489e-02 6.519173103171790884e-02 6.073903886691053855e-02 5.621448570526341865e-02 5.172947341346351147e-02 4.735077247008141060e-02 4.309729469866598051e-02 3.900843661871241513e-02 3.508596600868191251e-02 3.126846485781605012e-02 2.757712416071286116e-02 2.398962517640049891e-02 2.042356252096578367e-02 1.693888802498688673e-02 1.344674627679431911e-02 9.883180852294188440e-03 6.176304759763915492e-03 2.244403662393653232e-03 1.686348002289891568e+01 1.928382254617693192e-01 1.743430418329859344e-01 1.576993493075628805e-01 1.423787427218005941e-01 1.280703513477663702e-01 1.145910258409446325e-01 1.018400466057015202e-01 8.977888933205763200e-02 7.840807989777306974e-02 6.775301198654573587e-02 5.784837626660235821e-02 4.872560099374735609e-02 4.040745411734528170e-02 3.290261708176455552e-02 2.620381908388319525e-02 2.029167185828456219e-02 1.513612633324239176e-02 1.070113598241026823e-02 6.944086925047653416e-03 3.820898716256781406e-03 1.286929246171709777e-03 -7.033201369007686162e-04 -2.198764575090830613e-03 -3.242436967923084147e-03 -3.880258087624143329e-03 -4.146985661636234249e-03 -4.084693676430880410e-03 -3.728251820621806753e-03 -3.111747619573658214e-03 -2.264621119580250298e-03 -1.217697039396095551e-03 0.000000000000000000e+00
3.303486128207309969e-02 5.426393182318230146e-02 5.704879724940640356e-02 5.971821235858326693e-02 6.223171591024892479e-02 6.451426082206761226e-02 6.646142538365784613e-02 6.797869003200264493e-02 6.901273330906844417e-02 6.948438933624559444e-02 6.935528205414141778e-02 6.864006069204836580e-02 6.732093054779897390e-02 6.552592867212601868e-02 6.326794994986086051e-02 6.064845885017745852e-02 5.773630459184972419e-02 5.458736657064883896e-02 5.129604407216749318e-02 4.791971893803120830e-02 4.449102270137580278e-02 4.110814166541824910e-02 3.773018192722098207e-02 3.437492573850716576e-02 3.108509403369670576e-02 2.785717559307085076e-02 2.468365341209514605e-02 2.162801224304698386e-02 1.855898956288158305e-02 1.555383142450531692e-02 1.259920502065894551e-02 9.613320897913286978e-03 6.736876033280004769e-03 3.554851025993146368e-02 6.217813501141827154e-02 6.642016510511314364e-02 7.061346132986894009e-02 7.460254742974418984e-02 7.829252722968799150e-02 8.147111497671333247e-02 8.397053363785836333e-02 8.565307800858072695e-02 8.639294542923953157e-02 8.611368907619001978e-02 8.484496244429805267e-02 8.269436773678515151e-02 7.973998389355865801e-02 7.613163094810136700e-02 7.208814628156839932e-02 6.771163044259634334e-02 6.319416581077369477e-02 5.856722058428485977e-02 5.395322351271376188e-02 4.943052332454805908e-02 4.501858438462938428e-02 4.077680873525219019e-02 3.670200534562647471e-02 3.273486334375849682e-02 2.889522351305989431e-02 2.515924558702654565e-02 2.144515033258344305e-02 1.780218545951710654e-02 1.414340472887442440e-02 1.039681906060489422e-02 6.478598266688817206e-03 2.284242153794084369e-03 1.567734012688081080e+01 1.894158270701633562e-01 1.715044701191197618e-01 1.552678395572995584e-01 1.402264851681528091e-01 1.261019387530368241e-01 1.127367176741622956e-01 1.000512364500562162e-01 8.802337546618189956e-02 7.666607538430708635e-02 6.601369629414960416e-02 5.610734953218546317e-02 4.698300643669093418e-02 3.866658347159334513e-02 3.116883630936677710e-02 2.448424354476365708e-02 1.859459582729658042e-02 1.347092525657677536e-02 9.077754396482244983e-03 5.373121960950024215e-03 2.313670849747955470e-03 -1.448412022324316111e-04 -2.047478537075098515e-03 -3.443088513123892733e-03 -4.374931007976547680e-03 -4.889521613713468037e-03 -5.023228145664346278e-03 -4.819463369239386855e-03 -4.315497784461754839e-03 -3.548210505685417578e-03 -2.550423906965784606e-03 -1.356623461825038224e-03 0.000000000000000000e+00
3.064481690172686165e-02 5.232770768204677431e-02 5.523098345192777037e-02 5.804679737166863057e-02 6.073725357638683903e-02 6.323097684691134091e-02 6.542448362656862193e-02 6.721894195674893435e-02 6.855957096504698700e-02 6.935528205414141778e-02 6.957091496703683708e-02 6.916890002456312081e-02 6.813605066908404173e-02 6.658865509734887556e-02 6.452610919099947828e-02 6.204702205739775350e-02 5.922093366621663385e-02 5.611264678933128303e-02 5.282415994295797806e-02 4.942136286581812893e-02 4.594337940552975508e-02 4.248971166519801418e-02 3.903402599407474610e-02 3.558957868355951126e-02 3.220499931803830901e-02 2.887715035959492749e-02 2.559838813774460708e-02 2.243993010460098095e-02 1.925309038167010919e-02 1.612751282213351761e-02 1.304551444054403118e-02 9.915205824807838200e-03 6.869118032775056552e-03 3.299264966046846353e-02 5.981644796565359357e-02 6.417119034542013989e-02 6.852386481813327324e-02 7.272633249507839959e-02 7.668994871677697889e-02 8.020380633638302115e-02 8.309562934243647225e-02 8.521565546241641198e-02 8.642475128869080148e-02 8.664871020979147964e-02 8.581914957308722780e-02 8.406718472249409546e-02 8.142993747467687504e-02 7.805068354070129888e-02 7.414529817975103188e-02 6.982242201381053115e-02 6.528933758139172927e-02 6.060017343322281896e-02 5.588940342956886381e-02 5.124818218637678530e-02 4.669797050445779335e-02 4.232020525738715289e-02 3.810754882881284278e-02 3.400430874650729046e-02 3.002968505320009751e-02 2.615928961992304222e-02 2.229478099846993883e-02 1.852478028448063460e-02 1.471492333726521703e-02 1.080262612007466989e-02 6.691910014170326070e-03 2.255061492104222000e-03 1.470186469329314072e+01 1.865296794695145421e-01 1.691933251817975270e-01 1.533870449556109794e-01 1.386664795432877573e-01 1.247762681108603305e-01 1.115779702814105739e-01 9.900823416265822075e-02 8.705774432540995533e-02 7.574931801641883455e-02 6.512466378446679638e-02 5.523050117928846731e-02 4.610723706740074701e-02 3.778439205797100298e-02 3.027571170819480864e-02 2.357861366895677366e-02 1.767738314495767571e-02 1.254547979527030621e-02 8.149302378088748439e-03 4.448718229333847862e-03 1.402116551579490758e-03 -1.033467251741068682e-03 -2.901925776875542706e-03 -4.251386860051643846e-03 -5.124873666591040454e-03 -5.569041998762236378e-03 -5.621583758048900002e-03 -5.326943048423792536e-03 -4.724569865958676805e-03 -3.853935729933053844e-03 -2.751097799646801557e-03 -1.454044125255838727e-03 0.000000000000000000e+00
2.826956541585293192e-02 5.016796825543586719e-02 5.314632507170600345e-02 5.606138134605770373e-02 5.887821200122722587e-02 6.153021038149839722e-02 6.391674231091386271e-02 6.594027462404947193e-02 6.754555389345094640e-02 6.864006069204836580e-02 6.916890002456312081e-02 6.910433112495857622e-02 6.837215454466018250e-02 6.711383170700846446e-02 6.529155604463143803e-02 6.299919567836960443e-02 6.030418765023327216e-02 5.727864538273565870e-02 5.403144652212563126e-02 5.063672511227199080e-02 4.714005819148657517e-02 4.364215438184981810e-02 4.013251963223338215e-02 3.662062016850418933e-02 3.316095630031592328e-02 2.975093361983370890e-02 2.638030784745694357e-02 2.315701887417569160e-02 1.986086218476668455e-02 1.662927961305880539e-02 1.343499108827688263e-02 1.017581389112888132e-02 6.974058130941310739e-03 3.044184360966915165e-02 5.720709693221037728e-02 6.161463438870908027e-02 6.605858414724166683e-02 7.039862846221474346e-02 7.455420731742519458e-02 7.831936253293046712e-02 8.152511786872758404e-02 8.401726440638353222e-02 8.565734917125752967e-02 8.633184476463469370e-02 8.598352870545879212e-02 8.469312511958321243e-02 8.243788955073232116e-02 7.936419295720263667e-02 7.567343586395025579e-02 7.147485750035934005e-02 6.698861852731523292e-02 6.229098261961572153e-02 5.752833862805405846e-02 5.280531498989050887e-02 4.814678815324971439e-02 4.365781095059032002e-02 3.932842440463243244e-02 3.510830435689372281e-02 3.101764366395190139e-02 2.703622538581443302e-02 2.303842357530921578e-02 1.913436963447230979e-02 1.519589873805922593e-02 1.113794838581320772e-02 6.855078387930198941e-03 2.196801104641763532e-03 1.404787957107872387e+01 1.847971624576856819e-01 1.679468601474622402e-01 1.525250913034700839e-01 1.381071981399663307e-01 1.244504027310777278e-01 1.114276177085268549e-01 9.898592122752920830e-02 8.712444164304253280e-02 7.587267775586183094e-02 6.527748002539569827e-02 5.538981364298228849e-02 4.625390574251845438e-02 3.790287262044469974e-02 3.035393580935631316e-02 2.360825105765590112e-02 1.765355208459488262e-02 1.246673137079033593e-02 8.017054881659334969e-03 4.267096243035876750e-03 1.177734366124811834e-03 -1.292095119478391639e-03 -3.184605629375959843e-03 -4.546761078995647555e-03 -5.421030096880766723e-03 -5.853893376303771767e-03 -5.884158850065115097e-03 -5.557051700651139889e-03 -4.913996117229743610e-03 -3.996839098549816172e-03 -2.844666284288732781e-03 -1.498721964799945182e-03 0.000000000000000000e+00
2.594022052293203442e-02 4.780504773921601808e-02 5.081552688998151185e-02 5.378306103084570799e-02 5.667582812653462060e-02 5.943257340798965144e-02 6.195662772451430989e-02 6.415491066200763870e-02 6.597283646464086049e-02 6.732093054779897390e-02 6.813605066908404173e-02 6.837215454466018250e-02 6.800760537796952943e-02 6.704240423637719548e-02 6.549370428614012529e-02 6.343135963753999962e-02 6.091455727298625972e-02 5.801931147820064277e-02 5.485923504059538047e-02 5.151542378071612138e-02 4.803913501877433295e-02 4.453179101907162041e-02 4.100010034180465168e-02 3.745047281474318812e-02 3.394419403845441718e-02 3.048197887018753646e-02 2.706633159164664390e-02 2.367396838476516774e-02 2.035133946065214444e-02 1.704267486524937980e-02 1.375866850853634839e-02 1.039174086436348877e-02 7.053031448171966956e-03 2.793866578538143838e-02 5.437923059645972945e-02 5.878065127133265400e-02 6.324889667534645821e-02 6.765154981979717985e-02 7.191726632889425264e-02 7.584725432577214821e-02 7.928080465865673665e-02 8.206446702772805801e-02 8.406776872679028179e-02 8.516427413196789309e-02 8.529107441415055557e-02 8.440860842987535362e-02 8.261197169425688047e-02 7.991465438823526501e-02 7.651576633261326921e-02 7.251872607706334739e-02 6.815260315007154457e-02 6.351306032142409186e-02 5.875651053678329627e-02 5.400051080556049488e-02 4.927404909709893338e-02 4.470683569198001528e-02 4.028755076236812532e-02 3.597210668088303420e-02 3.178032064388593148e-02 2.767995113134462046e-02 2.368914434735536895e-02 1.962715963591046484e-02 1.556804113681964190e-02 1.138139889727682146e-02 6.947385560589003535e-03 2.091699517258520553e-03 1.324566925611683033e+01 1.815538553467182514e-01 1.653451575591151634e-01 1.504592118850907045e-01 1.364911437676334938e-01 1.232103671740543971e-01 1.105002361809894473e-01 9.831704367995593163e-02 8.666707006838021699e-02 7.558529775704449227e-02 6.512271505573076491e-02 5.533380377096863006e-02 4.626623302139389743e-02 3.795670348066049193e-02 3.042623841520781386e-02 2.368035329215024617e-02 1.771100425939227049e-02 1.249939041247657284e-02 8.018553657247707092e-03 4.234641584920964888e-03 1.111815988823724663e-03 -1.388371235147609073e-03 -3.305810319899467331e-03 -4.685703475596846891e-03 -5.569437007650364715e-03 -6.002816073769404875e-03 -6.025356724508408937e-03 -5.682606370420530822e-03 -5.017565035616732526e-03 -4.074059005867957696e-03 -2.893837243108913874e-03 -1.521019619879823877e-03 0.000000000000000000e+00
2.369958720915924660e-02 4.533483432087535847e-02 4.834165386660944225e-02 5.132198196083014724e-02 5.424705980034435354e-02 5.706129192874163231e-02 5.967244557527410370e-02 6.199374077014406514e-02 6.397253217176242235e-02 6.552592867212601868e-02 6.658865509734887556e-02 6.711383170700846446e-02 6.704240423637719548e-02 6.639930803037938367e-02 6.514724390963604062e-02 6.335279102328300604e-02 6.105937521420774783e-02 5.834296929003499749e-02 5.531840845006109203e-02 5.207141920775482796e-02 4.865721096740353857e-02 4.517677355643368725e-02 4.165503726869276835e-02 3.809541162651089441e-02 3.456563828149527423e-02 3.106820764616105568e-02 2.760336755191071523e-02 2.419508044985598655e-02 2.079643668789077707e-02 1.741931969258728174e-02 1.405944404905165243e-02 1.060178954506532656e-02 7.143905365181019845e-03 2.552846691720117925e-02 5.144056819697984811e-02 5.579006702386819089e-02 6.022938963142241559e-02 6.463352112085291035e-02 6.894093514904264808e-02 7.296067636898828646e-02 7.654289922496010368e-02 7.953817657130586583e-02 8.182795732734864103e-02 8.327978400501453993e-02 8.381857035402209832e-02 8.341124350282169697e-02 8.206990238803715809e-02 7.977829683716741727e-02 7.673569855391612626e-02 7.301472014215562578e-02 6.884668888158324007e-02 6.434016352525873117e-02 5.965739991654453456e-02 5.492683035067517233e-02 5.018153787615902556e-02 4.557653762964861827e-02 4.110112269095944626e-02 3.671980763290827454e-02 3.245600204850565551e-02 2.828411827494058811e-02 2.417079378602332920e-02 2.004073677743261825e-02 1.588852227406162623e-02 1.159578068076798016e-02 7.034196514130594373e-03 2.008598344961792532e-03 1.250459911531997470e+01 1.780547072662851393e-01 1.624944198550109797e-01 1.481663236204164569e-01 1.346811125388295838e-01 1.218173018977537769e-01 1.094660256267149662e-01 9.759042887464444704e-02 8.620186949170356716e-02 7.533901618795067756e-02 6.505545248098555666e-02 5.540789751768818855e-02 4.644648908262332537e-02 3.821086770183649423e-02 3.072552436997820144e-02 2.400029888468605682e-02 1.803151213546738338e-02 1.280494252116277584e-02 8.297760004203739298e-03 4.480048627910213771e-03 1.319594530888339255e-03 -1.219116767170949937e-03 -3.173353959609607772e-03 -4.586255836241202172e-03 -5.497823407475594705e-03 -5.952884441871158887e-03 -5.991381811819656254e-03 -5.658839354266185541e-03 -4.999495539920456935e-03 -4.058792778152556582e-03 -2.880779604910709609e-03 -1.512055312212901145e-03 0.000000000000000000e+00
2.154415242443983095e-02 4.276120761221403194e-02 4.573139164440350596e-02 4.868802011759038040e-02 5.160518370101332269e-02 5.443293915898464452e-02 5.708333310663475657e-02 5.947644019028762441e-02 6.156367456145718509e-02 6.326794994986086051e-02 6.452610919099947828e-02 6.529155604463143803e-02 6.549370428614012529e-02 6.514724390963604062e-02 6.420709540652422276e-02 6.270391262535555954e-02 6.067434001819773520e-02 5.818639338217764662e-02 5.535085635969252266e-02 5.225384824894824948e-02 4.895181290165225713e-02 4.554334675009120981e-02 4.207265598902059506e-02 3.853997357206618429e-02 3.501990444317599344e-02 3.151788965106575024e-02 2.803593924949902838e-02 2.460661105082924405e-02 2.116979671262543203e-02 1.774800862708249272e-02 1.433391897806325296e-02 1.080851854132480402e-02 7.254501474318144662e-03 2.320775967260571560e-02 4.840355744416734163e-02 5.265937830773943784e-02 5.702133865034839100e-02 6.137106709301113489e-02 6.565712607693140190e-02 6.969605692378186279e-02 7.334947553122277142e-02 7.647795286408905213e-02 7.897127720211670476e-02 8.070083108028044960e-02 8.158926288902740298e-02 8.159141539179350089e-02 8.067488176724069149e-02 7.884243286742674550e-02 7.619805181305482067e-02 7.282254683259933858e-02 6.893489715616867020e-02 6.464603540163439688e-02 6.011690850392496788e-02 5.548321740208310426e-02 5.078083055811829366e-02 4.618990114412561965e-02 4.170145500515180098e-02 3.728988168168963918e-02 3.298304179170249290e-02 2.875957694143723570e-02 2.457972656430381514e-02 2.038587815786616422e-02 1.615926222465608950e-02 1.178150604273795268e-02 7.116696861867223035e-03 1.950804960794776197e-03 1.160365254784808897e+01 1.729871553621941949e-01 1.582089392814850226e-01 1.445634791538582264e-01 1.316802996754910526e-01 1.193488773855581053e-01 1.074688455809406362e-01 9.601019678290573234e-02 8.498894224326820901e-02 7.444678636705448493e-02 6.443912886373998061e-02 5.502412432834841854e-02 4.625365385469631940e-02 3.816973946546663166e-02 3.079996976198752165e-02 2.415837327781441765e-02 1.824564733274013084e-02 1.305229100994853564e-02 8.559838436092034181e-03 4.742597350327663885e-03 1.572280210703231240e-03 -9.833791841592203625e-04 -2.958702183148812642e-03 -4.394418380827091845e-03 -5.328759186552086899e-03 -5.805204224360409164e-03 -5.863757525106859728e-03 -5.549496442521881234e-03 -4.907489282589541299e-03 -3.984372816726278535e-03 -2.826090534912215069e-03 -1.481310429157326001e-03 0.000000000000000000e+00
1.951427762322629697e-02 4.015524240734948125e-02 4.306064577019134282e-02 4.596217011523076601e-02 4.883643980871638784e-02 5.163914093191458027e-02 5.428612059363139425e-02 5.670569084099262580e-02 5.884630821501327796e-02 6.064845885017745852e-02 6.204702205739775350e-02 6.299919567836960443e-02 6.343135963753999962e-02 6.335279102328300604e-02 6.270391262535555954e-02 6.150449521372620271e-02 5.977165947317079897e-02 5.755912542385852732e-02 5.496653018046868122e-02 5.207520173037166744e-02 4.893919751963595605e-02 4.565179160371042599e-02 4.227758822382689241e-02 3.881257164162300183e-02 3.533832087476770217e-02 3.186388341829261839e-02 2.839411263090302687e-02 2.496525791632705354e-02 2.151595043106684091e-02 1.807187707909990379e-02 1.462447300941482897e-02 1.105433348385858293e-02 7.427416002227367649e-03 2.101913220134303192e-02 4.534671048877704502e-02 4.947485628759448056e-02 5.371964401827847985e-02 5.796834382298071686e-02 6.217996076199643063e-02 6.617760434748228004e-02 6.983744550771980864e-02 7.301320905399333316e-02 7.563121267991304575e-02 7.755553194710308740e-02 7.871447766813544078e-02 7.905685069344145499e-02 7.853498877898260067e-02 7.712182847928508722e-02 7.490706798693741453e-02 7.194101950354093999e-02 6.841873730572210766e-02 6.443752557192666819e-02 6.014989573488883218e-02 5.569408328781175199e-02 5.110622769153840006e-02 4.659094751849304078e-02 4.214129751302077287e-02 3.774264659140556116e-02 3.342846055075191641e-02 2.918245725927985298e-02 2.496606929038758249e-02 2.072848792603476306e-02 1.644809535457167696e-02 1.200637544027718419e-02 7.261885698858264702e-03 1.984299739550109219e-03 1.040973264439310242e+01 1.654373614777764623e-01 1.516463681991693235e-01 1.388672534801730640e-01 1.267562623501307384e-01 1.151186089609631258e-01 1.038649761333919341e-01 9.297333885240699480e-02 8.246459729355821999e-02 7.238319919337686537e-02 6.278573847936355645e-02 5.373103122531051878e-02 4.527191652334049826e-02 3.745212512708526176e-02 3.030181561890685216e-02 2.383889788695899709e-02 1.806829691223515999e-02 1.298523751162620338e-02 8.575753316536850746e-03 4.818619510647206491e-03 1.689775394159508115e-03 -8.394298990591593035e-04 -2.799968761576185697e-03 -4.229711338277889789e-03 -5.164603615495898421e-03 -5.646278233165848842e-03 -5.714294005529186454e-03 -5.412719376830539726e-03 -4.786901360874972790e-03 -3.884105027543828439e-03 -2.751609382673234159e-03 -1.439580802951226108e-03 0.000000000000000000e+00
