3.348753055797356638e-03 2.587804509676561778e-03 2.482110430231056122e-03 2.382723126078537586e-03 2.288784627743984269e-03 2.179006017646985694e-03 2.071763873429311419e-03 1.964193851371988028e-03 1.857501529070071725e-03 1.750689822900489438e-03 1.644477462476888257e-03 1.524697476195100701e-03 1.422222107836500909e-03 1.318288879856837053e-03 1.216556791113765790e-03 1.117821492666825267e-03 1.021252159233004006e-03 9.335453445028450139e-04 8.392489231230436213e-04 7.530988182837509851e-04 6.706848882626062144e-04 6.015103666177282335e-04 5.212426090075453428e-04 4.427525192436902323e-04 3.814758877106390355e-04 3.267877734581178524e-04 2.787845764976395221e-04 2.077296688247068563e-04 1.684238671818691292e-04 1.156474222157472133e-04 7.459736668418977083e-05 3.869935817385806873e-05 1.681144966396870408e-05 3.348748860540052760e-03 2.557202635086002623e-03 2.442468536264163874e-03 2.333416251897910566e-03 2.224256198353207533e-03 2.104031894330189462e-03 1.985738090048219228e-03 1.867247313417013744e-03 1.757336955686075817e-03 1.643339214068359781e-03 1.530676374205582014e-03 1.407755471409631934e-03 1.303518913664167365e-03 1.199756931468283321e-03 1.099790982490366203e-03 1.004084479195123392e-03 9.129332436364999675e-04 8.358761526769036086e-04 7.369867601063933215e-04 6.602546348769479812e-04 5.884169971594718817e-04 5.274289562927461953e-04 4.587483575007438854e-04 3.949860916758455198e-04 3.486826737139327929e-04 3.073589050351536252e-04 2.573410589378322772e-04 2.237316292801929123e-04 1.986530838699552214e-04 1.575542693507276379e-04 1.279051396169962032e-04 1.006581533461426933e-04 7.838258786998783328e-05 1.079264676519211662e-03 6.925532844172882724e-04 1.030682985611853196e-03 1.473616274936822516e-03 1.306028387088909630e-03 2.604879693022314931e-03 1.142561442393619621e-03 1.758369787067380532e-03 7.693528016821229781e-04 2.187621754025763105e-03 8.893223764194501529e-03 7.827437889475159782e-03 6.764605186882034294e-04 -4.726064305666161092e-03 8.106385210172562753e-04 1.427195699127392289e-03 6.945434851947202785e-04 -7.335370324008464718e-04 1.857431283399116773e-03 1.386720585430578829e-04 5.415361708212586278e-04 4.864992626069478436e-04 2.578217663077736217e-04 1.445691544351536103e-03 1.059402193503225032e-03 8.114660852815226743e-04 6.726915702002982198e-04 8.875439387033727057e-04 -1.140333962693741639e-04 7.402313393926788316e-04 1.174858876521062091e-03 -1.415432927108545855e-03 8.520189189424311150e-04
2.587804509676561778e-03 1.372816052557286615e-02 1.443924284097855212e-02 1.522402465687571968e-02 1.579569783955182133e-02 1.628840883426878675e-02 1.664278541224462754e-02 1.686522508817382346e-02 1.695572804170382419e-02 1.692492118074238536e-02 1.677922295421391263e-02 1.648035433312114093e-02 1.612234106872783776e-02 1.565741113477997146e-02 1.510375218922416392e-02 1.447224956184125534e-02 1.377200625724430902e-02 1.302834417798873212e-02 1.219952596804967787e-02 1.135659935225920986e-02 1.047912573460587325e-02 9.606333073649428456e-03 8.691328089489684661e-03 7.785070138678839950e-03 6.895574594759222575e-03 6.021315267792716128e-03 5.179301974004687538e-03 4.355162445030293095e-03 3.576961251690315754e-03 2.818202977683349330e-03 2.111921878598826182e-03 1.454373012597450117e-03 8.541146455779148041e-04 2.587766572697774645e-03 1.410165898944957391e-02 1.471015844541037794e-02 1.554728688384773849e-02 1.610219700331323375e-02 1.656348988274249437e-02 1.685735125633183035e-02 1.699630684256035057e-02 1.698045016162269896e-02 1.684456004957194872e-02 1.658419401094525861e-02 1.617101948870015848e-02 1.569712345816039883e-02 1.511853859794310383e-02 1.445424386108767369e-02 1.371572614366241283e-02 1.291447188689132282e-02 1.208118865969274973e-02 1.114455596198663141e-02 1.021959964652645672e-02 9.270038514460215290e-03 8.321561639767339688e-03 7.351930414317437573e-03 6.402623094139776351e-03 5.479542002013644032e-03 4.582797909664914141e-03 3.699558528925742107e-03 2.875662382048349303e-03 2.088892504630320782e-03 1.311539172378401287e-03 5.768848637334067931e-04 -1.388842273857463340e-04 -8.711473306370802819e-04 1.679078976806101147e-03 -2.653381652283523214e-04 1.485163061157277441e-03 3.041894360517453412e-03 4.645627535052470475e-03 -3.351321908764421233e-04 9.394352326115929311e-03 1.253362440312746212e-02 1.034479359726771068e-02 1.935075054524658042e-02 3.015481080545136944e-02 1.108954548126127315e-02 1.790924381412474856e-02 4.449580813011048096e-03 1.926281610076781975e-02 2.155200342445895423e-02 2.352018890760885703e-02 1.682486231032017179e-02 1.807204389105786582e-02 1.881660298259715119e-02 1.792750878129800718e-02 1.715700304711709548e-02 1.567130089774490531e-02 1.428381755977307065e-02 1.417362134893998711e-02 8.637354535125133306e-03 8.066398380696601644e-03 7.170515917873716838e-03 4.401757394861093541e-03 4.357486014048921573e-03 4.647299260308668419e-03 6.459266732577213918e-04 8.311819330639198117e-04
2.482110430231056122e-03 1.443924284097855212e-02 1.549573669338699146e-02 1.631018835344295523e-02 1.695586277046034346e-02 1.754193610988121627e-02 1.797111941981312591e-02 1.825216146106145923e-02 1.838515247344691891e-02 1.838258473448303038e-02 1.825205802065992325e-02 1.795146642098488857e-02 1.758455760516929034e-02 1.709861994152898565e-02 1.651371233119282647e-02 1.584189663205430240e-02 1.509308617898566865e-02 1.429647819580771861e-02 1.340078058343930310e-02 1.249166565889174227e-02 1.154338229129279504e-02 1.059492532563134116e-02 9.601714619882951302e-03 8.616847560535849035e-03 7.647370955622096768e-03 6.692533744067957063e-03 5.771938231805596314e-03 4.869979398065791242e-03 4.015445121475785459e-03 3.180807119141491716e-03 2.402211602885564838e-03 1.675177929934899401e-03 1.007502125340414010e-03 2.482069963214534550e-03 1.474364828219400583e-02 1.588855370584617982e-02 1.671391074592106299e-02 1.732912705726083122e-02 1.787682444498511422e-02 1.823669124271788330e-02 1.842338815710126490e-02 1.843627567110034393e-02 1.831623764942449245e-02 1.805817714984110298e-02 1.763080083175819213e-02 1.713565257752507759e-02 1.652412632166477824e-02 1.581706962073288134e-02 1.502709062392931089e-02 1.416676390324990084e-02 1.327024529032931090e-02 1.225686580385449732e-02 1.125611361759232265e-02 1.022660645505705374e-02 9.194403642271040469e-03 8.138533059330915059e-03 7.103562238091767553e-03 6.094092378544545274e-03 5.111392651742047676e-03 4.142060407145545069e-03 3.235280858324412947e-03 2.367166501690420952e-03 1.507612021237458378e-03 6.931237283338122310e-04 -1.027353940896067982e-04 -9.199372172531958053e-04 1.749405386652591555e-03 -5.054523380404295088e-04 1.346131405255507297e-03 2.930107212072732142e-03 4.673811491583019020e-03 -3.797108369985384337e-03 9.937088975561166743e-03 1.340028875584408155e-02 1.127951089734600780e-02 2.110899164499666428e-02 3.506848450805065409e-02 6.620066324895183645e-03 1.835863136324497602e-02 5.200888468892145462e-03 2.053185589813696921e-02 2.297428997869783301e-02 2.574127701602371698e-02 1.819758886943953144e-02 1.856682766500708168e-02 2.043695886913427309e-02 1.965336001162572288e-02 1.879156831465142105e-02 1.723027025314917762e-02 1.547651878448309988e-02 1.535169449241951221e-02 9.467954190035317991e-03 8.847878140295655294e-03 7.874651939081397586e-03 4.998421052771016143e-03 4.865518979376566057e-03 5.214773849879617007e-03 7.886332552121841323e-04 7.988463148354910939e-04
2.382723126078537586e-03 1.522402465687571968e-02 1.631018835344295523e-02 1.737273820574399344e-02 1.800266954632019981e-02 1.871954380644830912e-02 1.924093907303463941e-02 1.959407361994794719e-02 1.978127777319802980e-02 1.981763508503131890e-02 1.971236947983895371e-02 1.941952690692226244e-02 1.905296045580385719e-02 1.855475422723537951e-02 1.794682583363216982e-02 1.724236338410950475e-02 1.645201519186944433e-02 1.560914154924667417e-02 1.465154475451032647e-02 1.368112689896538135e-02 1.266618357711947647e-02 1.164468133675483977e-02 1.057552829121249059e-02 9.513447307629194216e-03 8.464566693280191692e-03 7.429022917498932267e-03 6.429164451535292028e-03 5.447885800690957514e-03 4.515413099994803475e-03 3.602841711329674273e-03 2.749837942031379320e-03 1.951140115062464193e-03 1.214218018066671838e-03 2.382681086501320204e-03 1.560228654869350376e-02 1.673722892740571455e-02 1.784783412504604289e-02 1.842357220617714397e-02 1.910774445945178854e-02 1.955782286977516063e-02 1.981025004662802930e-02 1.986682624863607069e-02 1.977558946908027082e-02 1.953160019590904906e-02 1.910074788409912502e-02 1.859453353198978545e-02 1.795957390723123409e-02 1.721866536177621768e-02 1.638555473957869005e-02 1.547389646542551497e-02 1.452150832621013944e-02 1.343731979963676618e-02 1.236646363617049417e-02 1.126192626440329810e-02 1.014968717844861625e-02 9.010559105646777367e-03 7.892053688058231486e-03 6.797452348081810605e-03 5.729283986385554778e-03 4.673655322901862884e-03 3.683298853418926887e-03 2.732903941983389363e-03 1.789850066384382314e-03 8.943316255851899328e-04 1.724533988468153809e-05 -8.854024003145002757e-04 1.838981549831272258e-03 -7.845253411042792634e-04 1.133346686286265366e-03 2.653308978926906606e-03 4.406953411582884873e-03 -2.581526086228809122e-02 1.041979683164126827e-02 1.404669784796522963e-02 1.190170660716465684e-02 2.228349652114170951e-02 3.781671690477264591e-02 7.339825480788425907e-03 1.995753410796497970e-02 6.451509705342524208e-03 2.203334207343349629e-02 2.458105426351387193e-02 2.804115755924989004e-02 2.049657562993216151e-02 1.472511293588823870e-02 2.195885944692502201e-02 2.149204958112561556e-02 2.054684711554658275e-02 1.890746273929806709e-02 1.676018101544040489e-02 1.661720351242352428e-02 1.054318812309565020e-02 9.814806245224039563e-03 8.793805739579357850e-03 5.838496497892864401e-03 5.641131191174684339e-03 6.085020147138605132e-03 1.210384094333357861e-03 1.207965277578388090e-03
2.288784627743984269e-03 1.579569783955182133e-02 1.695586277046034346e-02 1.800266954632019981e-02 1.902455847169534295e-02 1.976601255964294951e-02 2.035807459693614319e-02 2.077671305033805885e-02 2.101724819012006085e-02 2.109453794060607221e-02 2.101842263262665433e-02 2.073818635209505670e-02 2.037813562039115373e-02 1.987446602378116836e-02 1.925083656471991006e-02 1.852143005520530752e-02 1.769750062278912378e-02 1.681693570597271245e-02 1.580480121253191941e-02 1.478138742482209243e-02 1.370811681444129328e-02 1.262111333828226656e-02 1.148387659450351983e-02 1.035225910737736475e-02 9.231442339024783367e-03 8.122490688759984381e-03 7.050580109868699943e-03 5.996644610928893171e-03 4.993254807534768143e-03 4.009392776385164135e-03 3.088862116115972684e-03 2.225372680694380836e-03 1.425846429452691869e-03 2.288740536621200646e-03 1.621336768777188048e-02 1.741399362903540970e-02 1.848849753827695730e-02 1.950805099046536498e-02 2.021318347153597261e-02 2.072870472993681296e-02 2.103881518170969481e-02 2.113746502270430136e-02 2.107650689193874341e-02 2.085014889014448133e-02 2.042048663689247784e-02 1.990927123509275698e-02 1.925767293579149636e-02 1.849032732597280168e-02 1.762200077985750721e-02 1.666733720287216433e-02 1.566810233558030285e-02 1.452126742680960765e-02 1.338939811166494666e-02 1.221904505443487804e-02 1.103569084200670646e-02 9.822334945904061948e-03 8.629361528227064843e-03 7.458610672586790148e-03 6.313874844073571156e-03 5.180679926961168948e-03 4.115497186597010491e-03 3.091759140504966950e-03 2.073905974517490161e-03 1.106540479477013473e-03 1.578927693438691277e-04 -8.197792127070371773e-04 1.918372467197771141e-03 -1.033265007649819588e-03 1.027019785267855841e-03 2.608212365686852705e-03 4.694385095519254536e-03 2.119338771476449862e-02 1.003021858790945423e-02 1.406139695717717984e-02 1.206305858649219832e-02 2.305212242818823268e-02 3.995895117959250703e-02 6.951393365706143475e-03 2.104835383851305294e-02 7.409515188607431954e-03 2.330525281070644147e-02 2.609124891410342581e-02 3.009806896336633328e-02 1.798320685881467720e-02 3.246577784752553708e-02 2.417614044757872629e-02 2.251894936677017664e-02 2.154954374769909795e-02 1.993557830435690320e-02 1.746206624447182304e-02 1.735093581885518640e-02 1.132129521437813362e-02 1.040646842014864883e-02 9.388834870146927150e-03 6.396500832923543781e-03 6.158529611080192784e-03 6.718357294513600461e-03 1.427874772923432923e-03 1.533089480445153346e-03
2.179006017646985694e-03 1.628840883426878675e-02 1.754193610988121627e-02 1.871954380644830912e-02 1.976601255964294951e-02 2.062819313270171720e-02 2.131680050636665033e-02 2.181828800817802588e-02 2.212744553997685742e-02 2.226010823436155514e-02 2.222713803994356627e-02 2.197271895805104347e-02 2.163232857403783044e-02 2.113573725149850771e-02 2.050837626688074844e-02 1.976537124115380559e-02 1.891852651059558119e-02 1.801044139773057273e-02 1.695241006171710474e-02 1.588427982464472865e-02 1.476009745701081441e-02 1.361355894401385623e-02 1.241343442443860676e-02 1.121658415392741935e-02 1.002686044255252790e-02 8.846409589497367110e-03 7.703417588043525929e-03 6.576295634740669978e-03 5.500454883851440060e-03 4.442453449105205135e-03 3.450229619665944828e-03 2.516224033785750304e-03 1.646585932278837785e-03 2.178960553018965442e-03 1.674417943997566494e-02 1.804059941213161100e-02 1.925936707852078655e-02 2.030469483378023396e-02 2.113175774398636311e-02 2.174252409523249815e-02 2.213077577597513668e-02 2.228938211177607792e-02 2.227533354682236649e-02 2.208246731417427833e-02 2.166875847194529511e-02 2.116691963929577189e-02 2.051217198172285844e-02 1.973102041521358763e-02 1.883919195583515921e-02 1.785224983989024128e-02 1.681600575134824943e-02 1.561469855266716354e-02 1.442909090286627338e-02 1.319893364282378502e-02 1.194888958282004816e-02 1.066441702809196000e-02 9.398957337250898533e-03 8.152519153091133952e-03 6.930360036411606361e-03 5.717479662229918609e-03 4.573942776955105399e-03 3.472004173464521282e-03 2.372933610202759228e-03 1.325635839459512457e-03 2.952026233396195013e-04 -7.700889564987597980e-04 1.995560473335621955e-03 -1.312493060286583748e-03 8.147405365411168696e-04 2.302413190478993805e-03 4.435675973187609526e-03 1.010673701351313611e-02 1.014869511769946400e-02 1.440446466686882282e-02 1.243821006313167686e-02 2.387175316939027514e-02 4.188189437606821414e-02 6.597043763409326557e-03 2.206416685541098474e-02 8.326819428015405297e-03 2.440017258606319919e-02 2.732519451322443921e-02 3.194252377346736699e-02 2.008101005348042478e-02 2.848346327542083598e-02 2.566154236415334883e-02 2.399290635869200800e-02 2.308257170544165959e-02 2.142627129443736358e-02 1.860481979118697171e-02 1.851120786917915401e-02 1.273148172699609636e-02 1.143513303122155669e-02 1.043464940538637101e-02 7.399639336054363546e-03 7.113553343965088940e-03 7.759727675321704925e-03 2.177277083691245806e-03 2.381705395109561842e-03
2.071763873429311419e-03 1.664278541224462754e-02 1.797111941981312591e-02 1.924093907303463941e-02 2.035807459693614319e-02 2.131680050636665033e-02 2.209614348636314632e-02 2.268199203566670374e-02 2.306587344208715917e-02 2.326293677132114032e-02 2.328399680633304325e-02 2.306646099573564715e-02 2.275810622109873671e-02 2.228092951203850675e-02 2.166210906922153012e-02 2.091758058999007228e-02 2.005958450462647091e-02 1.913565764224070889e-02 1.804194816161270448e-02 1.693942507784836071e-02 1.577408614850842744e-02 1.457656513804522422e-02 1.332153465739240213e-02 1.206721773176165288e-02 1.081524514963689079e-02 9.569163113335939913e-03 8.360950423438163678e-03 7.164872050631258815e-03 6.020558955622948467e-03 4.891508077766912842e-03 3.830008940422861309e-03 2.826870228869458532e-03 1.886926127454637480e-03 2.071717109733364152e-03 1.712870992375840548e-02 1.850368879757306045e-02 1.982431161252856330e-02 2.094439800189833167e-02 2.187163560507201024e-02 2.257379553217503734e-02 2.304392047424529827e-02 2.327052779343721442e-02 2.331433058739872111e-02 2.316738271584132744e-02 2.278191135234442985e-02 2.230272634310220478e-02 2.165786137266719619e-02 2.087571235013960247e-02 1.997287713370847137e-02 1.896576093285367096e-02 1.790440932918784672e-02 1.665922629993635967e-02 1.543039067627141776e-02 1.415031603073573820e-02 1.284252042906547896e-02 1.149505797958955827e-02 1.016515072698797977e-02 8.850020115764375625e-03 7.556795877747291348e-03 6.270062058934313884e-03 5.053286150892187349e-03 3.877808397342792732e-03 2.701405068632859417e-03 1.577538172521708582e-03 4.679304439908550683e-04 -6.833195208881940631e-04 2.074648433812038926e-03 -1.589917681483053085e-03 6.011668105271039675e-04 1.988241030670051968e-03 4.191667743365381886e-03 7.082657880821600568e-03 1.003352570568265441e-02 1.453996554060025398e-02 1.262505397926329612e-02 2.442324805099238202e-02 4.340917679651179473e-02 6.177905778814296936e-03 2.285784620100623013e-02 9.086052874040033769e-03 2.530255902047547772e-02 2.837271372723164722e-02 3.347289116705726847e-02 2.135221052905206252e-02 2.868904694382007001e-02 2.735009469044035260e-02 2.510947654140002760e-02 2.439954029196778756e-02 2.272731365485882934e-02 1.964701922310949436e-02 1.961357000688539881e-02 1.433625690238303843e-02 1.244487788750705051e-02 1.151285228649316823e-02 8.462969911079944868e-03 8.143979012519543537e-03 8.848259446645542411e-03 3.272568198173779908e-03 3.472583532498757335e-03
1.964193851371988028e-03 1.686522508817382346e-02 1.825216146106145923e-02 1.959407361994794719e-02 2.077671305033805885e-02 2.181828800817802588e-02 2.268199203566670374e-02 2.335199268956403978e-02 2.381523640768510447e-02 2.408585429566575259e-02 2.417290203712823410e-02 2.400408840997484555e-02 2.374195824636292015e-02 2.329822130610662706e-02 2.270188076700065116e-02 2.196952053014523606e-02 2.111367882391392697e-02 2.018699371797443715e-02 1.906919527872771164e-02 1.794376747738561997e-02 1.674802591621416675e-02 1.550897946774970788e-02 1.420712303917750184e-02 1.290443485252249639e-02 1.159705561731709349e-02 1.029066264939514086e-02 9.025929390284771758e-03 7.763989704635598788e-03 6.554718160363248898e-03 5.357236488095909639e-03 4.228243185208444520e-03 3.156534132610901763e-03 2.145010848144317944e-03 1.964145923793880841e-03 1.737353340137599150e-02 1.881093712116106015e-02 2.021187494492268991e-02 2.140280440707680032e-02 2.241787045629593106e-02 2.320730867905958575e-02 2.376220010187735099e-02 2.406276656748436091e-02 2.417684330617139027e-02 2.408997970994549223e-02 2.374621609044827442e-02 2.330499173521175318e-02 2.268484866470949976e-02 2.191622150647995135e-02 2.101647681534848933e-02 2.000276402746813467e-02 1.892950626128469746e-02 1.765227130486934914e-02 1.639171282502022847e-02 1.507241527383517202e-02 1.371645274051842833e-02 1.231395880886579017e-02 1.092875647113774641e-02 9.551902570892934624e-03 8.193700839420539964e-03 6.839046192677918426e-03 5.553444341207528639e-03 4.308313295831303277e-03 3.057572513845963329e-03 1.859390020288952637e-03 6.718906651975207296e-04 -5.652723537209173752e-04 2.152991057216487123e-03 -1.860091230796925323e-03 3.803545446354317087e-04 1.647898198000006219e-03 3.909449555997206345e-03 5.401081350494591968e-03 9.766522442906213144e-03 1.450191335506699139e-02 1.265525314191530241e-02 2.472591875793448205e-02 4.457200423501880837e-02 5.737921069093303121e-03 2.342694272497248056e-02 9.675526139618506258e-03 2.598608868772725108e-02 2.918312312051525581e-02 3.462544680177885581e-02 2.265653298625572298e-02 2.938797259416248489e-02 2.907684557898763608e-02 2.596029070695151861e-02 2.559894579523294689e-02 2.391933768444639771e-02 2.068503282414108080e-02 2.074868962732954319e-02 1.617983266601242046e-02 1.349126996500865476e-02 1.267185358961798840e-02 9.635428874132882099e-03 9.294432218145933650e-03 1.000980282391874046e-02 4.844577851887952626e-03 4.838624382454761140e-03
1.857501529070071725e-03 1.695572804170382419e-02 1.838515247344691891e-02 1.978127777319802980e-02 2.101724819012006085e-02 2.212744553997685742e-02 2.306587344208715917e-02 2.381523640768510447e-02 2.436445436991516514e-02 2.471203008108840971e-02 2.487640931451167228e-02 2.476642048767192794e-02 2.456581777241023321e-02 2.417057851031192972e-02 2.361193714336008373e-02 2.290691082725020838e-02 2.206813458561023358e-02 2.115344162518162721e-02 2.002485577178632348e-02 1.888969197432673747e-02 1.767590671076021969e-02 1.640621866838586421e-02 1.506105732695737012e-02 1.373004105662189132e-02 1.237676107318482280e-02 1.102615332415020355e-02 9.679263076206317748e-03 8.369122716173939269e-03 7.101632801127728475e-03 5.840129754433467414e-03 4.646722650127091750e-03 3.508139183821518733e-03 2.424903542078369993e-03 1.857452571607488227e-03 1.747758865652188423e-02 1.896047629262654147e-02 2.042238535696319982e-02 2.167206653075092262e-02 2.276140192929692815e-02 2.362993862620136123e-02 2.426513534113750037e-02 2.466753560415469934e-02 2.484724768109173448e-02 2.483363226068941582e-02 2.454332898899217949e-02 2.415651638898310902e-02 2.357705228785633017e-02 2.283783606138394331e-02 2.195682730287966053e-02 2.095174168313229321e-02 1.988145218777940051e-02 1.858566278417802045e-02 1.730647462849425194e-02 1.596009089319365762e-02 1.456665865342572815e-02 1.311177956443872021e-02 1.169096526648192094e-02 1.026009980727099306e-02 8.845292864437477587e-03 7.424198128666881745e-03 6.076977788471425203e-03 4.767134356365328000e-03 3.445926022702955598e-03 2.176496720441926155e-03 9.132779603017470750e-04 -4.086685357197562059e-04 2.236163627596061271e-03 -2.116960937983836197e-03 1.531733948367005173e-04 1.282931264438626770e-03 3.582512954148315415e-03 4.151697562601960878e-03 9.358342521288009683e-03 1.427719837563575303e-02 1.252048395178950377e-02 2.476287431844494819e-02 4.538993295674820933e-02 5.256133386594915441e-03 2.374782223471108220e-02 1.007103482774407248e-02 2.642458708175032811e-02 2.972549547410656412e-02 3.537257025429497992e-02 2.404601181795030726e-02 3.013081167323433673e-02 3.063761136200099031e-02 2.662651631837881921e-02 2.669327024374273938e-02 2.501387112329276144e-02 2.173512477479069144e-02 2.191859648521959913e-02 1.813094528712060061e-02 1.462030775160600739e-02 1.393024575506827262e-02 1.094670374463922909e-02 1.059181186257080604e-02 1.127486544569292724e-02 6.902417523312259946e-03 6.491210310113152901e-03
1.750689822900489438e-03 1.692492118074238536e-02 1.838258473448303038e-02 1.981763508503131890e-02 2.109453794060607221e-02 2.226010823436155514e-02 2.326293677132114032e-02 2.408585429566575259e-02 2.471203008108840971e-02 2.514874875545639391e-02 2.539997415815958837e-02 2.535136875330967765e-02 2.522876817933853918e-02 2.489698591522478480e-02 2.439136631285014969e-02 2.372915924179426830e-02 2.292282085091534513e-02 2.203543905892890384e-02 2.090985684641196926e-02 1.977874745942373794e-02 1.856013327121238538e-02 1.727290240634130405e-02 1.592457287884500861e-02 1.453296819993734820e-02 1.314279885733573607e-02 1.174454633655410037e-02 1.036381309653511100e-02 8.994681903961196726e-03 7.670587513020587361e-03 6.347284854409691347e-03 5.091322371082932299e-03 3.886841346186981679e-03 2.731466672216994410e-03 1.750639969248036663e-03 1.745315346392331546e-02 1.896667728839902117e-02 2.047342321301232060e-02 2.176986479242886199e-02 2.292161098962956084e-02 2.386190564541186554e-02 2.457807793168539576e-02 2.505166559406645302e-02 2.533277803420246402e-02 2.540417207419780679e-02 2.517259683660632089e-02 2.485834347165325961e-02 2.433585935798241937e-02 2.364237307303476004e-02 2.279629502915903744e-02 2.181567733158981323e-02 2.076391381079616127e-02 1.946367148285209348e-02 1.817972400995418805e-02 1.681951663887725976e-02 1.540203740731505531e-02 1.393654861820871511e-02 1.244660383077562937e-02 1.097280100811966370e-02 9.507700089398015905e-03 8.033012114884271332e-03 6.627154064994237107e-03 5.256712982020117324e-03 3.868520199791457542e-03 2.530700631284430856e-03 1.193897821780366382e-03 -2.114937956177251745e-04 2.285843987936364737e-03 -2.353073134192906583e-03 -7.290024640233933831e-05 9.086995116059271189e-04 3.226920939252212340e-03 3.099275477977799995e-03 8.840501568948992694e-03 1.389097672615237020e-02 1.224938328900666493e-02 2.455198550920600908e-02 4.602216724442517726e-02 4.766351420887901189e-03 2.386982918260876010e-02 1.031782630283011558e-02 2.666321193756984384e-02 3.004078026875078161e-02 3.578436076714531372e-02 2.545245259492310771e-02 3.078399222369502045e-02 3.173737858787850641e-02 2.725776948362631721e-02 2.769170463259108816e-02 2.600979901540164188e-02 2.277638461055294869e-02 2.306812853112980358e-02 1.992267775791076515e-02 1.586147832834204630e-02 1.526458447159473840e-02 1.238426653795236809e-02 1.201578572507648254e-02 1.264271247513246849e-02 9.294235620938689005e-03 8.378922310294278572e-03
1.644477462476888257e-03 1.677922295421391263e-02 1.825205802065992325e-02 1.971236947983895371e-02 2.101842263262665433e-02 2.222713803994356627e-02 2.328399680633304325e-02 2.417290203712823410e-02 2.487640931451167228e-02 2.539997415815958837e-02 2.575791918861030164e-02 2.572459649043006696e-02 2.571237850041249370e-02 2.546093752879973263e-02 2.502454239432458372e-02 2.442154676747499906e-02 2.366409848376400601e-02 2.282063417429351648e-02 2.171291294046526557e-02 2.060071594987659266e-02 1.939096282538911933e-02 1.809744355145005007e-02 1.673141847304312341e-02 1.532639954836766821e-02 1.390696740049563764e-02 1.247245683484044486e-02 1.105190471786874143e-02 9.634939670881859097e-03 8.260477919131134494e-03 6.880113035618806716e-03 5.565338334646226931e-03 4.297667244010371611e-03 3.071603814112964983e-03 1.644426851213742118e-03 1.730640151915573827e-02 1.883651693646107295e-02 2.037320624447047299e-02 2.170425719506293913e-02 2.290653418397406785e-02 2.390947783363504137e-02 2.470069026848974170e-02 2.525875636077413305e-02 2.563102053188449567e-02 2.581101067864296009e-02 2.559709850567189887e-02 2.538921496149043611e-02 2.494232791709642336e-02 2.431219981997644400e-02 2.351852793872598324e-02 2.257957655216698278e-02 2.156334198254803228e-02 2.027386085307218005e-02 1.899998498681284773e-02 1.763940971853339770e-02 1.620886442220014628e-02 1.471648687582719980e-02 1.320566495145492590e-02 1.169540819778384054e-02 1.018791697770991649e-02 8.664538971162150105e-03 7.206756145504119963e-03 5.781112349738101903e-03 4.330513507230424573e-03 2.928255950973575761e-03 1.521234400740325470e-03 3.527824571230394110e-05 2.354055609461325020e-03 -2.582898445013636756e-03 -3.194137136188047814e-04 5.044619690586510255e-04 2.813489452262242160e-03 2.108531012824863427e-03 8.167511825357664720e-03 1.327695255269444215e-02 1.173948520140484682e-02 2.388628666531213487e-02 4.727911771343864394e-02 4.366772676346703137e-03 2.384094642438823811e-02 1.043742802523778788e-02 2.671275406609651543e-02 3.013297830064157537e-02 3.590496069611544966e-02 2.672792697864014716e-02 3.126287432587892406e-02 3.218716804690104766e-02 2.792920980795756541e-02 2.858503851011508570e-02 2.690168827227284315e-02 2.379039984691323426e-02 2.416127106022027821e-02 2.139837205487492983e-02 1.723989585731231997e-02 1.667315565767881966e-02 1.395448748282260287e-02 1.357180678018478533e-02 1.414754356555432933e-02 1.187105642760769020e-02 1.048360863700804543e-02
1.524697476195100701e-03 1.648035433312114093e-02 1.795146642098488857e-02 1.941952690692226244e-02 2.073818635209505670e-02 2.197271895805104347e-02 2.306646099573564715e-02 2.400408840997484555e-02 2.476642048767192794e-02 2.535136875330967765e-02 2.572459649043006696e-02 2.603248933396903192e-02 2.600789439480628851e-02 2.582370781885640065e-02 2.545956995971311587e-02 2.492507361166665381e-02 2.422896546848673713e-02 2.344417353232980394e-02 2.236791773735229485e-02 2.128974988035816501e-02 2.010378255993737484e-02 1.881817720555925902e-02 1.745215808197610186e-02 1.604052865530279995e-02 1.460406003451205324e-02 1.314465975190012847e-02 1.169300812983873131e-02 1.023777126926301261e-02 8.821487413742194403e-03 7.391578308283638411e-03 6.024781965345274957e-03 4.699714977264318749e-03 3.407325961762545583e-03 1.524646119074398072e-03 1.700152723248022496e-02 1.853094517713734304e-02 2.007948362116165897e-02 2.142867549187839685e-02 2.266483781889607960e-02 2.371474602069802151e-02 2.456595354754121177e-02 2.519364738044372123e-02 2.563663962432705459e-02 2.584083987870071375e-02 2.596101540967337903e-02 2.574557148625215494e-02 2.536533088483335779e-02 2.480473064278157502e-02 2.407523808697270215e-02 2.319233764337501683e-02 2.222777243586091314e-02 2.096386170110753691e-02 1.971583070651076325e-02 1.837014785702598824e-02 1.694105204164837383e-02 1.543957331268711562e-02 1.391418754564022371e-02 1.237937357680527969e-02 1.084017784176945914e-02 9.277669966140199634e-03 7.776858666584034706e-03 6.304228631387492898e-03 4.798672298073785626e-03 3.338908504632640169e-03 1.867988173804241078e-03 3.068930106525760747e-04 2.425402594254563206e-03 -2.781596064741021033e-03 -5.449636697814836186e-04 1.423016856985858888e-04 2.445700696081438887e-03 1.282959023214762110e-03 7.570513575809341249e-03 1.280747997532600407e-02 1.163582430274449908e-02 2.420053507018735811e-02 4.228350299295369208e-02 2.636324551728371109e-03 2.288890005341023132e-02 9.826937123642921421e-03 2.608418085355048918e-02 2.957510469309674456e-02 3.538249686585086262e-02 2.741498438222646564e-02 3.119926149818899944e-02 3.174276624554285553e-02 2.828230100821273879e-02 2.904215602320320624e-02 2.737690136884879041e-02 2.446378897917119918e-02 2.488744807894105113e-02 2.230037675318718299e-02 1.842379608600594465e-02 1.784231956653012721e-02 1.534124273657084397e-02 1.494285941095167304e-02 1.548916173622996544e-02 1.419162606967980245e-02 1.245030408993034673e-02
1.422222107836500909e-03 1.612234106872783776e-02 1.758455760516929034e-02 1.905296045580385719e-02 2.037813562039115373e-02 2.163232857403783044e-02 2.275810622109873671e-02 2.374195824636292015e-02 2.456581777241023321e-02 2.522876817933853918e-02 2.571237850041249370e-02 2.600789439480628851e-02 2.611755979609185069e-02 2.603498699546290610e-02 2.576601496413654518e-02 2.532045552024039109e-02 2.470546456963598758e-02 2.399958882978667912e-02 2.297190848518329900e-02 2.194578132382020777e-02 2.080044368868120760e-02 1.953803434055838978e-02 1.818662133037331555e-02 1.677976574229873841e-02 1.533717550264583097e-02 1.386243511138296122e-02 1.238713905241563620e-02 1.090048881510903393e-02 9.447932591710523492e-03 7.973007314088037534e-03 6.557809580906272251e-03 5.178283783970427309e-03 3.822165843641934721e-03 1.422170263319062029e-03 1.663087653584961051e-02 1.815124424201878736e-02 1.970260146057848868e-02 2.106260719519498226e-02 2.232557927138459700e-02 2.341713440195412888e-02 2.432587392501027804e-02 2.502682117294604408e-02 2.555807693386454374e-02 2.587995663064333873e-02 2.599788320557048366e-02 2.591852042816618004e-02 2.564073237057723845e-02 2.517417691500265994e-02 2.453062932883598793e-02 2.372448338730443959e-02 2.283224858655034939e-02 2.161139425446229403e-02 2.040703907420986923e-02 1.909268128467390621e-02 1.767990158126471478e-02 1.618330410452208795e-02 1.465404906957166152e-02 1.310497358492180957e-02 1.154295526999665235e-02 9.948984494485547253e-03 8.411570365348695899e-03 6.897453521790472379e-03 5.341793730088174874e-03 3.828813550363977837e-03 2.298096139513209485e-03 6.665915947541433025e-04 2.477986032351456747e-03 -2.969960344647826125e-03 -8.030113455788858877e-04 -2.625596102516936244e-04 1.983151802590718549e-03 3.935639659351776410e-04 6.690678193162604218e-03 1.189580711499266426e-02 1.085773185282118067e-02 2.297589773420683282e-02 4.348687719873349511e-02 2.132684382764226706e-03 2.246575640731006407e-02 9.620192503697546846e-03 2.571263437111973027e-02 2.918922648026410493e-02 3.497890449830180770e-02 2.814215075347486356e-02 3.124818219311911033e-02 3.123902903342144419e-02 2.881211510926985978e-02 2.960994133978928772e-02 2.797582660643841562e-02 2.531303286591472801e-02 2.576900770021617326e-02 2.326841207096815370e-02 1.985876243370070238e-02 1.925351038740719459e-02 1.701375392776037151e-02 1.661701236731998391e-02 1.718247502984293976e-02 1.672638051336477333e-02 1.480235193592263805e-02
1.318288879856837053e-03 1.565741113477997146e-02 1.709861994152898565e-02 1.855475422723537951e-02 1.987446602378116836e-02 2.113573725149850771e-02 2.228092951203850675e-02 2.329822130610662706e-02 2.417057851031192972e-02 2.489698591522478480e-02 2.546093752879973263e-02 2.582370781885640065e-02 2.603498699546290610e-02 2.605302983986698337e-02 2.588558210527421716e-02 2.553968581203096971e-02 2.501957559056446068e-02 2.441012812559280321e-02 2.344476785785059095e-02 2.248821605976870919e-02 2.140070866623645582e-02 2.017759016227527874e-02 1.885639512513301308e-02 1.746820244616844459e-02 1.603263881725249321e-02 1.455466551688863568e-02 1.306632215244287777e-02 1.155812573701683367e-02 1.007824130582760623e-02 8.566266876152727958e-03 7.109878775841424990e-03 5.682358749366641856e-03 4.268268348170432998e-03 1.318236643778032810e-03 1.614891913650427779e-02 1.764753653535076211e-02 1.918812859067135432e-02 2.054630692701361894e-02 2.182312224936589981e-02 2.294371567782204496e-02 2.389773661644425604e-02 2.466045346775293592e-02 2.526762718382168788e-02 2.568089371170041366e-02 2.587622704170434648e-02 2.590530972894740033e-02 2.573277279964952813e-02 2.536997418119706429e-02 2.482596743966528074e-02 2.411268288940994139e-02 2.331189740322620052e-02 2.214938286404134413e-02 2.100693406278074035e-02 1.974139789358134514e-02 1.836126966584922249e-02 1.688493311686358259e-02 1.536534632549614587e-02 1.381472899823345431e-02 1.224143766587320985e-02 1.062658288669015086e-02 9.062014654078923148e-03 7.515132041211517594e-03 5.917427082795776588e-03 4.358817926413540572e-03 2.775604272458146414e-03 1.081009810437734246e-03 2.528186465589516135e-03 -3.130907804353340058e-03 -1.058442252587251829e-03 -6.449062604298145358e-04 1.525377803703575983e-03 -4.210256625381117771e-04 5.757401878486497621e-03 1.095636671145142592e-02 1.012989178786193392e-02 2.185479882706983096e-02 4.289820339832562529e-02 1.204173585875421533e-03 2.165835289268997627e-02 9.098616899909255096e-03 2.501217158216301542e-02 2.846112665387191473e-02 3.422828831084366585e-02 2.846624608521595295e-02 3.099754892509140256e-02 3.042104657046220545e-02 2.906327042360069834e-02 2.989285975763113917e-02 2.831951010692245266e-02 2.596115624942102462e-02 2.644363814294700687e-02 2.403366251295444012e-02 2.114160314426369661e-02 2.053102164832744728e-02 1.858867866687815770e-02 1.821111857009161117e-02 1.884314158176101858e-02 1.906671642686444054e-02 1.711864425210542218e-02
1.216556791113765790e-03 1.510375218922416392e-02 1.651371233119282647e-02 1.794682583363216982e-02 1.925083656471991006e-02 2.050837626688074844e-02 2.166210906922153012e-02 2.270188076700065116e-02 2.361193714336008373e-02 2.439136631285014969e-02 2.502454239432458372e-02 2.545956995971311587e-02 2.576601496413654518e-02 2.588558210527421716e-02 2.582496315159020159e-02 2.558795949315417068e-02 2.517531244467670001e-02 2.468104132614655152e-02 2.378874385542963446e-02 2.292008153606623494e-02 2.190844873224924438e-02 2.074149241257315646e-02 1.946685692414756863e-02 1.811223254858932222e-02 1.669759167448130188e-02 1.522915930993692414e-02 1.373905208977599206e-02 1.221970451403336239e-02 1.072190117050777700e-02 9.181321797220828515e-03 7.691432943563413817e-03 6.222980100797636215e-03 4.757585149263656062e-03 1.216504276968500414e-03 1.557428157992263654e-02 1.704031428504661910e-02 1.855833848114947504e-02 1.990359607021959659e-02 2.118275298311139698e-02 2.232107122007048056e-02 2.330934559247596627e-02 2.412377329488756689e-02 2.479765463456861524e-02 2.529332812744298359e-02 2.557334613100406898e-02 2.570775695443289210e-02 2.564475386048471056e-02 2.539431543589920626e-02 2.496207143850946025e-02 2.435687183522274729e-02 2.366801936539857446e-02 2.257660579897100700e-02 2.151523834763449314e-02 2.031700138266203520e-02 1.898680980647872787e-02 1.754689490784719363e-02 1.605159284037440195e-02 1.451293919515195090e-02 1.294063286142544192e-02 1.131610775535803887e-02 9.734396112347850835e-03 8.163966989364430590e-03 6.532800721471054839e-03 4.936700048865533610e-03 3.308981220250385973e-03 1.559680989473439519e-03 2.572893454515360820e-03 -3.263624708649280875e-03 -1.314772509551107114e-03 -1.009551358505856320e-03 1.060625515387506480e-03 -1.185237351141696458e-03 4.696181566615345582e-03 9.953754579218517320e-03 9.355915943583179711e-03 2.058613141581919562e-02 4.188666160628254365e-02 1.427819759134621848e-04 2.064617684508919179e-02 8.402926074812929955e-03 2.410100452022819265e-02 2.750157077846586071e-02 3.320603956573693616e-02 2.847849199465414191e-02 3.053041677409556662e-02 2.943476297297388869e-02 2.906751246944945521e-02 2.994082401087577380e-02 2.845500713227376577e-02 2.644041124705343374e-02 2.694965341268853662e-02 2.467244738964621473e-02 2.228213573807140760e-02 2.169581193718375309e-02 2.007814228566009648e-02 1.974235262604671221e-02 2.048968654155663288e-02 2.124616095776075964e-02 1.940521075439123957e-02
1.117821492666825267e-03 1.447224956184125534e-02 1.584189663205430240e-02 1.724236338410950475e-02 1.852143005520530752e-02 1.976537124115380559e-02 2.091758058999007228e-02 2.196952053014523606e-02 2.290691082725020838e-02 2.372915924179426830e-02 2.442154676747499906e-02 2.492507361166665381e-02 2.532045552024039109e-02 2.553968581203096971e-02 2.558795949315417068e-02 2.546639059196239077e-02 2.517079053073772305e-02 2.481429549380684274e-02 2.399651167034767829e-02 2.323492376703016268e-02 2.231792153475725682e-02 2.122458306740847289e-02 2.001368475074524061e-02 1.870858160713707169e-02 1.732974294441078089e-02 1.588460004385823868e-02 1.440496827908913612e-02 1.288579546666730226e-02 1.138036284511904396e-02 9.820513797267156272e-03 8.305724860129839321e-03 6.804419225243331718e-03 5.295672985283224332e-03 1.117768807829083244e-03 1.491850862065815554e-02 1.634238802179464531e-02 1.782721149638678837e-02 1.914941719880317375e-02 2.042023872157820719e-02 2.156555584921148946e-02 2.257736432496593171e-02 2.343338323124543807e-02 2.416438618688640169e-02 2.473383156607878233e-02 2.509665864516650094e-02 2.533282862118685363e-02 2.538050261565841931e-02 2.524762251739006563e-02 2.493643685655495129e-02 2.445243652769430592e-02 2.389962389282182173e-02 2.288372100076588658e-02 2.192366058868192719e-02 2.081211243117544324e-02 1.955003815534534992e-02 1.816362080347984007e-02 1.670833876588220107e-02 1.519615712440123070e-02 1.363805659772735282e-02 1.201588745608826725e-02 1.042792832871095379e-02 8.843970247895956843e-03 7.188739004470702867e-03 5.564137271386224506e-03 3.900888928493846837e-03 2.106552270960624414e-03 2.610914388427012980e-03 -3.365046744746424262e-03 -1.569621187165477555e-03 -1.354673189591144465e-03 5.880521082491176098e-04 -1.905072246930217435e-03 3.362537219339129836e-03 8.919270029163204813e-03 8.546962825560246862e-03 1.917219797103101794e-02 4.062132950319016084e-02 -1.001778101020749752e-03 1.946720452229061191e-02 7.560760611543245434e-03 2.299309720368095111e-02 2.636132434276080086e-02 3.168776370583759744e-02 2.823186193302096997e-02 2.989169030910025782e-02 2.834041518172674551e-02 2.884294405130066394e-02 2.977260444880973356e-02 2.839546254703366121e-02 2.674860015851238115e-02 2.728734307449564439e-02 2.519174467874972512e-02 2.326483048749044061e-02 2.273293633331224459e-02 2.145864980910758973e-02 2.118753638503915321e-02 2.209229901646420427e-02 2.325875657490537526e-02 2.161691238974541504e-02
