3.348753055797356638e-03 2.587804509676561778e-03 2.482110430231056122e-03 2.382723126078537586e-03 2.288784627743984269e-03 2.179006017646985694e-03 2.071763873429311419e-03 1.964193851371988028e-03 1.857501529070071725e-03 1.750689822900489438e-03 1.644477462476888257e-03 1.524697476195100701e-03 1.422222107836500909e-03 1.318288879856837053e-03 1.216556791113765790e-03 1.117821492666825267e-03 1.021252159233004006e-03 9.335453445028450139e-04 8.392489231230436213e-04 7.530988182837509851e-04 6.706848882626062144e-04 6.015103666177282335e-04 5.212426090075453428e-04 4.427525192436902323e-04 3.814758877106390355e-04 3.267877734581178524e-04 2.787845764976395221e-04 2.077296688247068563e-04 1.684238671818691292e-04 1.156474222157472133e-04 7.459736668418977083e-05 3.869935817385806873e-05 1.681144966396870408e-05 3.348748860540052760e-03 2.557202635086002623e-03 2.442468536264163874e-03 2.333416251897910566e-03 2.224256198353207533e-03 2.104031894330189462e-03 1.985738090048219228e-03 1.867247313417013744e-03 1.757336955686075817e-03 1.643339214068359781e-03 1.530676374205582014e-03 1.407755471409631934e-03 1.303518913664167365e-03 1.199756931468283321e-03 1.099790982490366203e-03 1.004084479195123392e-03 9.129332436364999675e-04 8.358761526769036086e-04 7.369867601063933215e-04 6.602546348769479812e-04 5.884169971594718817e-04 5.274289562927461953e-04 4.587483575007438854e-04 3.949860916758455198e-04 3.486826737139327929e-04 3.073589050351536252e-04 2.573410589378322772e-04 2.237316292801929123e-04 1.986530838699552214e-04 1.575542693507276379e-04 1.279051396169962032e-04 1.006581533461426933e-04 7.838258786998783328e-05 7.409432700340533806e+00 2.213776058024807467e-02 1.802159852101114720e-02 1.466945260540628362e-02 1.190699648449432269e-02 9.617517324623847674e-03 7.719059962777332154e-03 6.151264891383768918e-03 4.867218809943838972e-03 3.827928172183987961e-03 2.998942999179438074e-03 2.349056541147601530e-03 1.849513315950858904e-03 1.473585313385891585e-03 1.197022283522572450e-03 9.980814545767038078e-04 8.580724644942237713e-04 7.610396705419400368e-04 6.937085506824931152e-04 6.456345213772809403e-04 6.084297944200167067e-04 5.761328321258140338e-04 5.439985742958554100e-04 5.092061549229201988e-04 4.700449538916323233e-04 4.255298134774988068e-04 3.754251985809173124e-04 3.201831270956880123e-04 2.604531655764623257e-04 1.973916097755751070e-04 1.321314527123998070e-04 6.594271446767541113e-05 0.000000000000000000e+00
2.587804509676561778e-03 1.372816052557286615e-02 1.443924284097855212e-02 1.522402465687571968e-02 1.579569783955182133e-02 1.628840883426878675e-02 1.664278541224462754e-02 1.686522508817382346e-02 1.695572804170382419e-02 1.692492118074238536e-02 1.677922295421391263e-02 1.648035433312114093e-02 1.612234106872783776e-02 1.565741113477997146e-02 1.510375218922416392e-02 1.447224956184125534e-02 1.377200625724430902e-02 1.302834417798873212e-02 1.219952596804967787e-02 1.135659935225920986e-02 1.047912573460587325e-02 9.606333073649428456e-03 8.691328089489684661e-03 7.785070138678839950e-03 6.895574594759222575e-03 6.021315267792716128e-03 5.179301974004687538e-03 4.355162445030293095e-03 3.576961251690315754e-03 2.818202977683349330e-03 2.111921878598826182e-03 1.454373012597450117e-03 8.541146455779148041e-04 2.587766572697774645e-03 1.410165898944957391e-02 1.471015844541037794e-02 1.554728688384773849e-02 1.610219700331323375e-02 1.656348988274249437e-02 1.685735125633183035e-02 1.699630684256035057e-02 1.698045016162269896e-02 1.684456004957194872e-02 1.658419401094525861e-02 1.617101948870015848e-02 1.569712345816039883e-02 1.511853859794310383e-02 1.445424386108767369e-02 1.371572614366241283e-02 1.291447188689132282e-02 1.208118865969274973e-02 1.114455596198663141e-02 1.021959964652645672e-02 9.270038514460215290e-03 8.321561639767339688e-03 7.351930414317437573e-03 6.402623094139776351e-03 5.479542002013644032e-03 4.582797909664914141e-03 3.699558528925742107e-03 2.875662382048349303e-03 2.088892504630320782e-03 1.311539172378401287e-03 5.768848637334067931e-04 -1.388842273857463340e-04 -8.711473306370802819e-04 4.840143789007668573e+01 3.754425828432378376e-01 3.310938702258121591e-01 2.924812017688839805e-01 2.582755112598809077e-01 2.276530810661160364e-01 2.000944040425151060e-01 1.752596338230414386e-01 1.529083866412977721e-01 1.328510795872384909e-01 1.149210387194270072e-01 9.895942636640826795e-02 8.481084461374496786e-02 7.232153119551833209e-02 6.134122708227287418e-02 5.172530044460586784e-02 4.333695917183300744e-02 3.604835396698537198e-02 2.974114061870528763e-02 2.430818694407243727e-02 1.965168570741626652e-02 1.568429186237166317e-02 1.232762929918142410e-02 9.511578666393061959e-03 7.173306058523377070e-03 5.256870178584845121e-03 3.712497600408176668e-03 2.494816566702984847e-03 1.563093766348220117e-03 8.804492726877986104e-04 4.133894115036991805e-04 1.301453304815569374e-04 0.000000000000000000e+00
2.482110430231056122e-03 1.443924284097855212e-02 1.549573669338699146e-02 1.631018835344295523e-02 1.695586277046034346e-02 1.754193610988121627e-02 1.797111941981312591e-02 1.825216146106145923e-02 1.838515247344691891e-02 1.838258473448303038e-02 1.825205802065992325e-02 1.795146642098488857e-02 1.758455760516929034e-02 1.709861994152898565e-02 1.651371233119282647e-02 1.584189663205430240e-02 1.509308617898566865e-02 1.429647819580771861e-02 1.340078058343930310e-02 1.249166565889174227e-02 1.154338229129279504e-02 1.059492532563134116e-02 9.601714619882951302e-03 8.616847560535849035e-03 7.647370955622096768e-03 6.692533744067957063e-03 5.771938231805596314e-03 4.869979398065791242e-03 4.015445121475785459e-03 3.180807119141491716e-03 2.402211602885564838e-03 1.675177929934899401e-03 1.007502125340414010e-03 2.482069963214534550e-03 1.474364828219400583e-02 1.588855370584617982e-02 1.671391074592106299e-02 1.732912705726083122e-02 1.787682444498511422e-02 1.823669124271788330e-02 1.842338815710126490e-02 1.843627567110034393e-02 1.831623764942449245e-02 1.805817714984110298e-02 1.763080083175819213e-02 1.713565257752507759e-02 1.652412632166477824e-02 1.581706962073288134e-02 1.502709062392931089e-02 1.416676390324990084e-02 1.327024529032931090e-02 1.225686580385449732e-02 1.125611361759232265e-02 1.022660645505705374e-02 9.194403642271040469e-03 8.138533059330915059e-03 7.103562238091767553e-03 6.094092378544545274e-03 5.111392651742047676e-03 4.142060407145545069e-03 3.235280858324412947e-03 2.367166501690420952e-03 1.507612021237458378e-03 6.931237283338122310e-04 -1.027353940896067982e-04 -9.199372172531958053e-04 5.206514236142784569e+01 4.078043979064990832e-01 3.602218529889442689e-01 3.187105019718640131e-01 2.818520354820390206e-01 2.487752299717022331e-01 2.189377383549253042e-01 1.919902221606086812e-01 1.676887813757310386e-01 1.458418891273027262e-01 1.262802624848957944e-01 1.088405489110912949e-01 9.336097912647411956e-02 7.967978568811527607e-02 6.763749046736403092e-02 5.707958410192349313e-02 4.785923841670454426e-02 3.983878459603181627e-02 3.289042308405494552e-02 2.689833703539481341e-02 2.175672897149200091e-02 1.737094193894722985e-02 1.365623149580320363e-02 1.053647960779884735e-02 7.943635381640232543e-03 5.816900099381104756e-03 4.102211528838698232e-03 2.750137987069840081e-03 1.716213620444248782e-03 9.601123136030951513e-04 4.451066532045461883e-04 1.363220170433442481e-04 0.000000000000000000e+00
2.382723126078537586e-03 1.522402465687571968e-02 1.631018835344295523e-02 1.737273820574399344e-02 1.800266954632019981e-02 1.871954380644830912e-02 1.924093907303463941e-02 1.959407361994794719e-02 1.978127777319802980e-02 1.981763508503131890e-02 1.971236947983895371e-02 1.941952690692226244e-02 1.905296045580385719e-02 1.855475422723537951e-02 1.794682583363216982e-02 1.724236338410950475e-02 1.645201519186944433e-02 1.560914154924667417e-02 1.465154475451032647e-02 1.368112689896538135e-02 1.266618357711947647e-02 1.164468133675483977e-02 1.057552829121249059e-02 9.513447307629194216e-03 8.464566693280191692e-03 7.429022917498932267e-03 6.429164451535292028e-03 5.447885800690957514e-03 4.515413099994803475e-03 3.602841711329674273e-03 2.749837942031379320e-03 1.951140115062464193e-03 1.214218018066671838e-03 2.382681086501320204e-03 1.560228654869350376e-02 1.673722892740571455e-02 1.784783412504604289e-02 1.842357220617714397e-02 1.910774445945178854e-02 1.955782286977516063e-02 1.981025004662802930e-02 1.986682624863607069e-02 1.977558946908027082e-02 1.953160019590904906e-02 1.910074788409912502e-02 1.859453353198978545e-02 1.795957390723123409e-02 1.721866536177621768e-02 1.638555473957869005e-02 1.547389646542551497e-02 1.452150832621013944e-02 1.343731979963676618e-02 1.236646363617049417e-02 1.126192626440329810e-02 1.014968717844861625e-02 9.010559105646777367e-03 7.892053688058231486e-03 6.797452348081810605e-03 5.729283986385554778e-03 4.673655322901862884e-03 3.683298853418926887e-03 2.732903941983389363e-03 1.789850066384382314e-03 8.943316255851899328e-04 1.724533988468153809e-05 -8.854024003145002757e-04 5.558577834751337576e+01 4.384394049349694678e-01 3.879198197161762840e-01 3.437742162515904365e-01 3.044991143334545014e-01 2.691784581120327258e-01 2.372488911737309636e-01 2.083529509338221120e-01 1.822443912009360234e-01 1.587308742219852575e-01 1.376417174416983136e-01 1.188103636285005593e-01 1.020700672632225275e-01 8.725252553953918855e-02 7.419051585928555792e-02 6.272110629406547899e-02 5.268885509043674809e-02 4.394763971770169336e-02 3.636146352775742469e-02 2.980700156976619913e-02 2.417152192846218697e-02 1.935399663276306942e-02 1.526411213109237636e-02 1.182043686053753893e-02 8.950285508688666375e-03 6.588438586500738013e-03 4.676892351831077495e-03 3.162428024376867392e-03 1.997033478880722458e-03 1.137078725964897922e-03 5.426817045780531722e-04 1.759199533677620894e-04 0.000000000000000000e+00
2.288784627743984269e-03 1.579569783955182133e-02 1.695586277046034346e-02 1.800266954632019981e-02 1.902455847169534295e-02 1.976601255964294951e-02 2.035807459693614319e-02 2.077671305033805885e-02 2.101724819012006085e-02 2.109453794060607221e-02 2.101842263262665433e-02 2.073818635209505670e-02 2.037813562039115373e-02 1.987446602378116836e-02 1.925083656471991006e-02 1.852143005520530752e-02 1.769750062278912378e-02 1.681693570597271245e-02 1.580480121253191941e-02 1.478138742482209243e-02 1.370811681444129328e-02 1.262111333828226656e-02 1.148387659450351983e-02 1.035225910737736475e-02 9.231442339024783367e-03 8.122490688759984381e-03 7.050580109868699943e-03 5.996644610928893171e-03 4.993254807534768143e-03 4.009392776385164135e-03 3.088862116115972684e-03 2.225372680694380836e-03 1.425846429452691869e-03 2.288740536621200646e-03 1.621336768777188048e-02 1.741399362903540970e-02 1.848849753827695730e-02 1.950805099046536498e-02 2.021318347153597261e-02 2.072870472993681296e-02 2.103881518170969481e-02 2.113746502270430136e-02 2.107650689193874341e-02 2.085014889014448133e-02 2.042048663689247784e-02 1.990927123509275698e-02 1.925767293579149636e-02 1.849032732597280168e-02 1.762200077985750721e-02 1.666733720287216433e-02 1.566810233558030285e-02 1.452126742680960765e-02 1.338939811166494666e-02 1.221904505443487804e-02 1.103569084200670646e-02 9.822334945904061948e-03 8.629361528227064843e-03 7.458610672586790148e-03 6.313874844073571156e-03 5.180679926961168948e-03 4.115497186597010491e-03 3.091759140504966950e-03 2.073905974517490161e-03 1.106540479477013473e-03 1.578927693438691277e-04 -8.197792127070371773e-04 5.845869887932743580e+01 4.639548722530132951e-01 4.111473743487256693e-01 3.649327493019696722e-01 3.237397368893082938e-01 2.866183390102524653e-01 2.529912826770582268e-01 2.224979290338205684e-01 1.948934955081877141e-01 1.699880751821819247e-01 1.476125718029418776e-01 1.276001040235829331e-01 1.097817416415735603e-01 9.398537422197386637e-02 8.003866913571866526e-02 6.777278373028196301e-02 5.702606006421534479e-02 4.764617340953278268e-02 3.949103604784138383e-02 3.243174968044594542e-02 2.635043657690014363e-02 2.114132317487143337e-02 1.670992522152144749e-02 1.297074520185451281e-02 9.847522431658622954e-03 7.271446892045494749e-03 5.181271626399633866e-03 3.520457691552326962e-03 2.237778643380822739e-03 1.286496177064304662e-03 6.236222496774096067e-04 2.081069622776823445e-04 0.000000000000000000e+00
2.179006017646985694e-03 1.628840883426878675e-02 1.754193610988121627e-02 1.871954380644830912e-02 1.976601255964294951e-02 2.062819313270171720e-02 2.131680050636665033e-02 2.181828800817802588e-02 2.212744553997685742e-02 2.226010823436155514e-02 2.222713803994356627e-02 2.197271895805104347e-02 2.163232857403783044e-02 2.113573725149850771e-02 2.050837626688074844e-02 1.976537124115380559e-02 1.891852651059558119e-02 1.801044139773057273e-02 1.695241006171710474e-02 1.588427982464472865e-02 1.476009745701081441e-02 1.361355894401385623e-02 1.241343442443860676e-02 1.121658415392741935e-02 1.002686044255252790e-02 8.846409589497367110e-03 7.703417588043525929e-03 6.576295634740669978e-03 5.500454883851440060e-03 4.442453449105205135e-03 3.450229619665944828e-03 2.516224033785750304e-03 1.646585932278837785e-03 2.178960553018965442e-03 1.674417943997566494e-02 1.804059941213161100e-02 1.925936707852078655e-02 2.030469483378023396e-02 2.113175774398636311e-02 2.174252409523249815e-02 2.213077577597513668e-02 2.228938211177607792e-02 2.227533354682236649e-02 2.208246731417427833e-02 2.166875847194529511e-02 2.116691963929577189e-02 2.051217198172285844e-02 1.973102041521358763e-02 1.883919195583515921e-02 1.785224983989024128e-02 1.681600575134824943e-02 1.561469855266716354e-02 1.442909090286627338e-02 1.319893364282378502e-02 1.194888958282004816e-02 1.066441702809196000e-02 9.398957337250898533e-03 8.152519153091133952e-03 6.930360036411606361e-03 5.717479662229918609e-03 4.573942776955105399e-03 3.472004173464521282e-03 2.372933610202759228e-03 1.325635839459512457e-03 2.952026233396195013e-04 -7.700889564987597980e-04 6.115522931219749836e+01 4.870995916358016875e-01 4.323737381199567187e-01 3.844308318642941646e-01 3.416345249839849996e-01 3.030015429167641217e-01 2.679403399630738147e-01 2.360864704726592656e-01 2.071961981460051228e-01 1.810820879990868437e-01 1.575772173506828355e-01 1.365154671330127134e-01 1.177271947004145392e-01 1.010382331939818218e-01 8.627302554475878293e-02 7.325875571247614237e-02 6.182949211412404333e-02 5.182860087700064122e-02 4.310969951375112630e-02 3.554002068168727463e-02 2.899814352389395999e-02 2.337502842941168585e-02 1.857336019142779779e-02 1.450480898225057699e-02 1.109066906239057626e-02 8.259502494026838698e-03 5.947718280766270751e-03 4.096273481142454972e-03 2.651451528492223923e-03 1.564069052397949007e-03 7.886137791168181194e-04 2.814790781962134541e-04 0.000000000000000000e+00
2.071763873429311419e-03 1.664278541224462754e-02 1.797111941981312591e-02 1.924093907303463941e-02 2.035807459693614319e-02 2.131680050636665033e-02 2.209614348636314632e-02 2.268199203566670374e-02 2.306587344208715917e-02 2.326293677132114032e-02 2.328399680633304325e-02 2.306646099573564715e-02 2.275810622109873671e-02 2.228092951203850675e-02 2.166210906922153012e-02 2.091758058999007228e-02 2.005958450462647091e-02 1.913565764224070889e-02 1.804194816161270448e-02 1.693942507784836071e-02 1.577408614850842744e-02 1.457656513804522422e-02 1.332153465739240213e-02 1.206721773176165288e-02 1.081524514963689079e-02 9.569163113335939913e-03 8.360950423438163678e-03 7.164872050631258815e-03 6.020558955622948467e-03 4.891508077766912842e-03 3.830008940422861309e-03 2.826870228869458532e-03 1.886926127454637480e-03 2.071717109733364152e-03 1.712870992375840548e-02 1.850368879757306045e-02 1.982431161252856330e-02 2.094439800189833167e-02 2.187163560507201024e-02 2.257379553217503734e-02 2.304392047424529827e-02 2.327052779343721442e-02 2.331433058739872111e-02 2.316738271584132744e-02 2.278191135234442985e-02 2.230272634310220478e-02 2.165786137266719619e-02 2.087571235013960247e-02 1.997287713370847137e-02 1.896576093285367096e-02 1.790440932918784672e-02 1.665922629993635967e-02 1.543039067627141776e-02 1.415031603073573820e-02 1.284252042906547896e-02 1.149505797958955827e-02 1.016515072698797977e-02 8.850020115764375625e-03 7.556795877747291348e-03 6.270062058934313884e-03 5.053286150892187349e-03 3.877808397342792732e-03 2.701405068632859417e-03 1.577538172521708582e-03 4.679304439908550683e-04 -6.833195208881940631e-04 6.326975457896295296e+01 5.051699557065664203e-01 4.491477439322553722e-01 4.000327763148469051e-01 3.561374277332460814e-01 3.164524633927726094e-01 2.803756241629304369e-01 2.475403251201649113e-01 2.177048774278452781e-01 1.906853619523858345e-01 1.663184626827445001e-01 1.444407415671442596e-01 1.248841531014421580e-01 1.074750680598859504e-01 9.203742191537411799e-02 7.839714404271984349e-02 6.638669266017535597e-02 5.584764701129759507e-02 4.663167627593287762e-02 3.860429393920210284e-02 3.164250394368993413e-02 2.563575549583067478e-02 2.048543745350393797e-02 1.610174611136530251e-02 1.240471987746840331e-02 9.321252488336756806e-03 6.786251487951261083e-03 4.738848195683646736e-03 3.123383969099756581e-03 1.888683566208850797e-03 9.870386620092340847e-04 3.725416418532656831e-04 0.000000000000000000e+00
1.964193851371988028e-03 1.686522508817382346e-02 1.825216146106145923e-02 1.959407361994794719e-02 2.077671305033805885e-02 2.181828800817802588e-02 2.268199203566670374e-02 2.335199268956403978e-02 2.381523640768510447e-02 2.408585429566575259e-02 2.417290203712823410e-02 2.400408840997484555e-02 2.374195824636292015e-02 2.329822130610662706e-02 2.270188076700065116e-02 2.196952053014523606e-02 2.111367882391392697e-02 2.018699371797443715e-02 1.906919527872771164e-02 1.794376747738561997e-02 1.674802591621416675e-02 1.550897946774970788e-02 1.420712303917750184e-02 1.290443485252249639e-02 1.159705561731709349e-02 1.029066264939514086e-02 9.025929390284771758e-03 7.763989704635598788e-03 6.554718160363248898e-03 5.357236488095909639e-03 4.228243185208444520e-03 3.156534132610901763e-03 2.145010848144317944e-03 1.964145923793880841e-03 1.737353340137599150e-02 1.881093712116106015e-02 2.021187494492268991e-02 2.140280440707680032e-02 2.241787045629593106e-02 2.320730867905958575e-02 2.376220010187735099e-02 2.406276656748436091e-02 2.417684330617139027e-02 2.408997970994549223e-02 2.374621609044827442e-02 2.330499173521175318e-02 2.268484866470949976e-02 2.191622150647995135e-02 2.101647681534848933e-02 2.000276402746813467e-02 1.892950626128469746e-02 1.765227130486934914e-02 1.639171282502022847e-02 1.507241527383517202e-02 1.371645274051842833e-02 1.231395880886579017e-02 1.092875647113774641e-02 9.551902570892934624e-03 8.193700839420539964e-03 6.839046192677918426e-03 5.553444341207528639e-03 4.308313295831303277e-03 3.057572513845963329e-03 1.859390020288952637e-03 6.718906651975207296e-04 -5.652723537209173752e-04 6.478661907732161751e+01 5.179589366210202162e-01 4.612582928325106302e-01 4.115291612845172198e-01 3.670460107900314628e-01 3.267800467410171272e-01 2.901206809365119432e-01 2.566996275330585275e-01 2.262771298039314982e-01 1.986729216096549400e-01 1.737280668675402484e-01 1.512833096209603989e-01 1.311742965747089706e-01 1.132304650404705321e-01 9.727799489786780052e-02 8.314436904787657345e-02 7.066321316690454823e-02 5.967695267530646192e-02 5.003774612140791944e-02 4.161160495277563959e-02 3.427597171327640552e-02 2.792055806198555021e-02 2.244700459901476444e-02 1.776539621568767879e-02 1.379571729802379389e-02 1.046416553103014790e-02 7.705018854091208458e-03 5.456309999862398070e-03 3.661043248120245380e-03 2.266577889243719113e-03 1.223417118099555173e-03 4.837043044760000248e-04 0.000000000000000000e+00
1.857501529070071725e-03 1.695572804170382419e-02 1.838515247344691891e-02 1.978127777319802980e-02 2.101724819012006085e-02 2.212744553997685742e-02 2.306587344208715917e-02 2.381523640768510447e-02 2.436445436991516514e-02 2.471203008108840971e-02 2.487640931451167228e-02 2.476642048767192794e-02 2.456581777241023321e-02 2.417057851031192972e-02 2.361193714336008373e-02 2.290691082725020838e-02 2.206813458561023358e-02 2.115344162518162721e-02 2.002485577178632348e-02 1.888969197432673747e-02 1.767590671076021969e-02 1.640621866838586421e-02 1.506105732695737012e-02 1.373004105662189132e-02 1.237676107318482280e-02 1.102615332415020355e-02 9.679263076206317748e-03 8.369122716173939269e-03 7.101632801127728475e-03 5.840129754433467414e-03 4.646722650127091750e-03 3.508139183821518733e-03 2.424903542078369993e-03 1.857452571607488227e-03 1.747758865652188423e-02 1.896047629262654147e-02 2.042238535696319982e-02 2.167206653075092262e-02 2.276140192929692815e-02 2.362993862620136123e-02 2.426513534113750037e-02 2.466753560415469934e-02 2.484724768109173448e-02 2.483363226068941582e-02 2.454332898899217949e-02 2.415651638898310902e-02 2.357705228785633017e-02 2.283783606138394331e-02 2.195682730287966053e-02 2.095174168313229321e-02 1.988145218777940051e-02 1.858566278417802045e-02 1.730647462849425194e-02 1.596009089319365762e-02 1.456665865342572815e-02 1.311177956443872021e-02 1.169096526648192094e-02 1.026009980727099306e-02 8.845292864437477587e-03 7.424198128666881745e-03 6.076977788471425203e-03 4.767134356365328000e-03 3.445926022702955598e-03 2.176496720441926155e-03 9.132779603017470750e-04 -4.086685357197562059e-04 6.570753438694293891e+01 5.253635275870427446e-01 4.685835082913213379e-01 4.187856941238771169e-01 3.742194267163131416e-01 3.338418981407375585e-01 2.970356099267369432e-01 2.634300612142944642e-01 2.327864493079376262e-01 2.049275502812800964e-01 1.796989593899122883e-01 1.569466130965408157e-01 1.365115730958715023e-01 1.182285993952454234e-01 1.019286856637709598e-01 8.744355842864567907e-02 7.461072020459610932e-02 6.327604040926858298e-02 5.329458798331546121e-02 4.453508524338367636e-02 3.687742939333917697e-02 3.021337166069803376e-02 2.444636289250239763e-02 1.948775047999281099e-02 1.525868507695552802e-02 1.168566807031348048e-02 8.703245062454798356e-03 6.249119314774078358e-03 4.265605996735053439e-03 2.699178278965428876e-03 1.499017042829679965e-03 6.157348500699694367e-04 0.000000000000000000e+00
1.750689822900489438e-03 1.692492118074238536e-02 1.838258473448303038e-02 1.981763508503131890e-02 2.109453794060607221e-02 2.226010823436155514e-02 2.326293677132114032e-02 2.408585429566575259e-02 2.471203008108840971e-02 2.514874875545639391e-02 2.539997415815958837e-02 2.535136875330967765e-02 2.522876817933853918e-02 2.489698591522478480e-02 2.439136631285014969e-02 2.372915924179426830e-02 2.292282085091534513e-02 2.203543905892890384e-02 2.090985684641196926e-02 1.977874745942373794e-02 1.856013327121238538e-02 1.727290240634130405e-02 1.592457287884500861e-02 1.453296819993734820e-02 1.314279885733573607e-02 1.174454633655410037e-02 1.036381309653511100e-02 8.994681903961196726e-03 7.670587513020587361e-03 6.347284854409691347e-03 5.091322371082932299e-03 3.886841346186981679e-03 2.731466672216994410e-03 1.750639969248036663e-03 1.745315346392331546e-02 1.896667728839902117e-02 2.047342321301232060e-02 2.176986479242886199e-02 2.292161098962956084e-02 2.386190564541186554e-02 2.457807793168539576e-02 2.505166559406645302e-02 2.533277803420246402e-02 2.540417207419780679e-02 2.517259683660632089e-02 2.485834347165325961e-02 2.433585935798241937e-02 2.364237307303476004e-02 2.279629502915903744e-02 2.181567733158981323e-02 2.076391381079616127e-02 1.946367148285209348e-02 1.817972400995418805e-02 1.681951663887725976e-02 1.540203740731505531e-02 1.393654861820871511e-02 1.244660383077562937e-02 1.097280100811966370e-02 9.507700089398015905e-03 8.033012114884271332e-03 6.627154064994237107e-03 5.256712982020117324e-03 3.868520199791457542e-03 2.530700631284430856e-03 1.193897821780366382e-03 -2.114937956177251745e-04 6.603582625121417493e+01 5.275135353366581237e-01 4.712226944091125191e-01 4.218738642697312802e-01 3.777040523228492597e-01 3.376619798625028479e-01 3.011246986500035194e-01 2.677190506310946350e-01 2.372062600205970262e-01 2.094115176112822940e-01 1.841849744832044777e-01 1.613785478922286354e-01 1.408401422028176253e-01 1.224117588923151062e-01 1.059314333037856548e-01 9.123750360525562098e-02 7.817376704841334789e-02 6.659188675048138828e-02 5.635206298632222666e-02 4.732778416397227100e-02 3.940330037256482149e-02 3.247409678419301005e-02 2.644694023697646834e-02 2.123578812301529783e-02 1.676416720515341505e-02 1.295986890787929544e-02 9.758614843310349160e-03 7.098556356124224517e-03 4.921977481453843929e-03 3.175059633240627077e-03 1.806139530965374324e-03 7.647364009946613223e-04 0.000000000000000000e+00
1.644477462476888257e-03 1.677922295421391263e-02 1.825205802065992325e-02 1.971236947983895371e-02 2.101842263262665433e-02 2.222713803994356627e-02 2.328399680633304325e-02 2.417290203712823410e-02 2.487640931451167228e-02 2.539997415815958837e-02 2.575791918861030164e-02 2.572459649043006696e-02 2.571237850041249370e-02 2.546093752879973263e-02 2.502454239432458372e-02 2.442154676747499906e-02 2.366409848376400601e-02 2.282063417429351648e-02 2.171291294046526557e-02 2.060071594987659266e-02 1.939096282538911933e-02 1.809744355145005007e-02 1.673141847304312341e-02 1.532639954836766821e-02 1.390696740049563764e-02 1.247245683484044486e-02 1.105190471786874143e-02 9.634939670881859097e-03 8.260477919131134494e-03 6.880113035618806716e-03 5.565338334646226931e-03 4.297667244010371611e-03 3.071603814112964983e-03 1.644426851213742118e-03 1.730640151915573827e-02 1.883651693646107295e-02 2.037320624447047299e-02 2.170425719506293913e-02 2.290653418397406785e-02 2.390947783363504137e-02 2.470069026848974170e-02 2.525875636077413305e-02 2.563102053188449567e-02 2.581101067864296009e-02 2.559709850567189887e-02 2.538921496149043611e-02 2.494232791709642336e-02 2.431219981997644400e-02 2.351852793872598324e-02 2.257957655216698278e-02 2.156334198254803228e-02 2.027386085307218005e-02 1.899998498681284773e-02 1.763940971853339770e-02 1.620886442220014628e-02 1.471648687582719980e-02 1.320566495145492590e-02 1.169540819778384054e-02 1.018791697770991649e-02 8.664538971162150105e-03 7.206756145504119963e-03 5.781112349738101903e-03 4.330513507230424573e-03 2.928255950973575761e-03 1.521234400740325470e-03 3.527824571230394110e-05 6.581483733288291660e+01 5.247456487990588281e-01 4.694545162281897333e-01 4.210201066879452614e-01 3.776793167065696788e-01 3.383778440976039081e-01 3.024888718432539592e-01 2.696362773022072945e-01 2.395803899855560304e-01 2.121479903092302610e-01 1.871934083091880974e-01 1.645747745437297349e-01 1.441476167251886653e-01 1.257624207112391368e-01 1.092658515604124497e-01 9.450465238536712165e-02 8.133084038471763422e-02 6.960382341722676225e-02 5.919084279049417752e-02 4.997198034223990920e-02 4.183757001312369411e-02 3.468841926113989949e-02 2.843605411504696381e-02 2.299835882313749913e-02 1.830243191317962662e-02 1.427836107460970887e-02 1.086395831228712319e-02 7.998627576609355222e-03 5.625305998449590950e-03 3.690505030870574500e-03 2.142230311115464296e-03 9.293802849858548432e-04 0.000000000000000000e+00
1.524697476195100701e-03 1.648035433312114093e-02 1.795146642098488857e-02 1.941952690692226244e-02 2.073818635209505670e-02 2.197271895805104347e-02 2.306646099573564715e-02 2.400408840997484555e-02 2.476642048767192794e-02 2.535136875330967765e-02 2.572459649043006696e-02 2.603248933396903192e-02 2.600789439480628851e-02 2.582370781885640065e-02 2.545956995971311587e-02 2.492507361166665381e-02 2.422896546848673713e-02 2.344417353232980394e-02 2.236791773735229485e-02 2.128974988035816501e-02 2.010378255993737484e-02 1.881817720555925902e-02 1.745215808197610186e-02 1.604052865530279995e-02 1.460406003451205324e-02 1.314465975190012847e-02 1.169300812983873131e-02 1.023777126926301261e-02 8.821487413742194403e-03 7.391578308283638411e-03 6.024781965345274957e-03 4.699714977264318749e-03 3.407325961762545583e-03 1.524646119074398072e-03 1.700152723248022496e-02 1.853094517713734304e-02 2.007948362116165897e-02 2.142867549187839685e-02 2.266483781889607960e-02 2.371474602069802151e-02 2.456595354754121177e-02 2.519364738044372123e-02 2.563663962432705459e-02 2.584083987870071375e-02 2.596101540967337903e-02 2.574557148625215494e-02 2.536533088483335779e-02 2.480473064278157502e-02 2.407523808697270215e-02 2.319233764337501683e-02 2.222777243586091314e-02 2.096386170110753691e-02 1.971583070651076325e-02 1.837014785702598824e-02 1.694105204164837383e-02 1.543957331268711562e-02 1.391418754564022371e-02 1.237937357680527969e-02 1.084017784176945914e-02 9.277669966140199634e-03 7.776858666584034706e-03 6.304228631387492898e-03 4.798672298073785626e-03 3.338908504632640169e-03 1.867988173804241078e-03 3.068930106525760747e-04 6.485121913746220912e+01 5.162117474266135764e-01 4.625023941355184687e-01 4.154991071119499280e-01 3.734573158023372641e-01 3.353299093732577396e-01 3.004914017874313337e-01 2.685650847426317989e-01 2.393113646424923635e-01 2.125590157082111187e-01 1.881668604519118326e-01 1.659997646334818167e-01 1.459216722701860702e-01 1.277926346901776811e-01 1.114692905087868308e-01 9.680831332305439574e-02 8.367160801770243128e-02 7.192805431736190580e-02 6.145367194058737326e-02 5.213683447693898826e-02 4.387559544343907353e-02 3.657762379705434275e-02 3.016062622426029724e-02 2.454774133245066561e-02 1.967086073240731023e-02 1.546343675742810168e-02 1.186635403113866713e-02 8.821169138566059900e-03 6.272272479105740067e-03 4.167259067316418479e-03 2.454477697015548191e-03 1.082866291317443512e-03 0.000000000000000000e+00
1.422222107836500909e-03 1.612234106872783776e-02 1.758455760516929034e-02 1.905296045580385719e-02 2.037813562039115373e-02 2.163232857403783044e-02 2.275810622109873671e-02 2.374195824636292015e-02 2.456581777241023321e-02 2.522876817933853918e-02 2.571237850041249370e-02 2.600789439480628851e-02 2.611755979609185069e-02 2.603498699546290610e-02 2.576601496413654518e-02 2.532045552024039109e-02 2.470546456963598758e-02 2.399958882978667912e-02 2.297190848518329900e-02 2.194578132382020777e-02 2.080044368868120760e-02 1.953803434055838978e-02 1.818662133037331555e-02 1.677976574229873841e-02 1.533717550264583097e-02 1.386243511138296122e-02 1.238713905241563620e-02 1.090048881510903393e-02 9.447932591710523492e-03 7.973007314088037534e-03 6.557809580906272251e-03 5.178283783970427309e-03 3.822165843641934721e-03 1.422170263319062029e-03 1.663087653584961051e-02 1.815124424201878736e-02 1.970260146057848868e-02 2.106260719519498226e-02 2.232557927138459700e-02 2.341713440195412888e-02 2.432587392501027804e-02 2.502682117294604408e-02 2.555807693386454374e-02 2.587995663064333873e-02 2.599788320557048366e-02 2.591852042816618004e-02 2.564073237057723845e-02 2.517417691500265994e-02 2.453062932883598793e-02 2.372448338730443959e-02 2.283224858655034939e-02 2.161139425446229403e-02 2.040703907420986923e-02 1.909268128467390621e-02 1.767990158126471478e-02 1.618330410452208795e-02 1.465404906957166152e-02 1.310497358492180957e-02 1.154295526999665235e-02 9.948984494485547253e-03 8.411570365348695899e-03 6.897453521790472379e-03 5.341793730088174874e-03 3.828813550363977837e-03 2.298096139513209485e-03 6.665915947541433025e-04 6.363085953214667256e+01 5.047657417796955759e-01 4.529022475698749051e-01 4.075781766551798690e-01 3.670732111798118424e-01 3.303497413787911396e-01 2.967838426143723507e-01 2.659972870745790918e-01 2.377491000078347794e-01 2.118684757229016280e-01 1.882172877085990237e-01 1.666660134712723840e-01 1.470862457956428337e-01 1.293472138872729660e-01 1.133155102048135771e-01 9.885803415367214186e-02 8.584714164935540459e-02 7.416195085506904761e-02 6.368816750383692049e-02 5.432344711714270913e-02 4.597459354311042579e-02 3.855716349228691109e-02 3.199602723546322164e-02 2.622053500647349850e-02 2.116825737190154710e-02 1.677680277794118061e-02 1.299084416660679572e-02 9.754744165087880087e-03 7.014905357831859728e-03 4.720508570688228440e-03 2.820654726684516077e-03 1.264684132284558168e-03 0.000000000000000000e+00
1.318288879856837053e-03 1.565741113477997146e-02 1.709861994152898565e-02 1.855475422723537951e-02 1.987446602378116836e-02 2.113573725149850771e-02 2.228092951203850675e-02 2.329822130610662706e-02 2.417057851031192972e-02 2.489698591522478480e-02 2.546093752879973263e-02 2.582370781885640065e-02 2.603498699546290610e-02 2.605302983986698337e-02 2.588558210527421716e-02 2.553968581203096971e-02 2.501957559056446068e-02 2.441012812559280321e-02 2.344476785785059095e-02 2.248821605976870919e-02 2.140070866623645582e-02 2.017759016227527874e-02 1.885639512513301308e-02 1.746820244616844459e-02 1.603263881725249321e-02 1.455466551688863568e-02 1.306632215244287777e-02 1.155812573701683367e-02 1.007824130582760623e-02 8.566266876152727958e-03 7.109878775841424990e-03 5.682358749366641856e-03 4.268268348170432998e-03 1.318236643778032810e-03 1.614891913650427779e-02 1.764753653535076211e-02 1.918812859067135432e-02 2.054630692701361894e-02 2.182312224936589981e-02 2.294371567782204496e-02 2.389773661644425604e-02 2.466045346775293592e-02 2.526762718382168788e-02 2.568089371170041366e-02 2.587622704170434648e-02 2.590530972894740033e-02 2.573277279964952813e-02 2.536997418119706429e-02 2.482596743966528074e-02 2.411268288940994139e-02 2.331189740322620052e-02 2.214938286404134413e-02 2.100693406278074035e-02 1.974139789358134514e-02 1.836126966584922249e-02 1.688493311686358259e-02 1.536534632549614587e-02 1.381472899823345431e-02 1.224143766587320985e-02 1.062658288669015086e-02 9.062014654078923148e-03 7.515132041211517594e-03 5.917427082795776588e-03 4.358817926413540572e-03 2.775604272458146414e-03 1.081009810437734246e-03 6.188452104772029116e+01 4.891442489044175446e-01 4.395106726259744301e-01 3.962052430817983306e-01 3.575460544749560210e-01 3.225133366365096066e-01 2.904894101132538542e-01 2.610969059039627282e-01 2.340944445926529116e-01 2.093118091868558794e-01 1.866136701063109138e-01 1.658757502410511120e-01 1.469769586390561322e-01 1.297955157184506048e-01 1.142079963943612719e-01 1.000917810440398736e-01 8.733014054876502008e-02 7.581307279209036076e-02 6.543675938034955453e-02 5.610900928548016170e-02 4.774629176220244325e-02 4.027298887983853104e-02 3.362203996147464929e-02 2.772991751413513353e-02 2.254071830978013335e-02 1.799702392281017985e-02 1.404803576629190358e-02 1.064164614348218907e-02 7.726933797813026646e-03 5.255289912715759536e-03 3.177143602149294296e-03 1.442793048402797986e-03 0.000000000000000000e+00
1.216556791113765790e-03 1.510375218922416392e-02 1.651371233119282647e-02 1.794682583363216982e-02 1.925083656471991006e-02 2.050837626688074844e-02 2.166210906922153012e-02 2.270188076700065116e-02 2.361193714336008373e-02 2.439136631285014969e-02 2.502454239432458372e-02 2.545956995971311587e-02 2.576601496413654518e-02 2.588558210527421716e-02 2.582496315159020159e-02 2.558795949315417068e-02 2.517531244467670001e-02 2.468104132614655152e-02 2.378874385542963446e-02 2.292008153606623494e-02 2.190844873224924438e-02 2.074149241257315646e-02 1.946685692414756863e-02 1.811223254858932222e-02 1.669759167448130188e-02 1.522915930993692414e-02 1.373905208977599206e-02 1.221970451403336239e-02 1.072190117050777700e-02 9.181321797220828515e-03 7.691432943563413817e-03 6.222980100797636215e-03 4.757585149263656062e-03 1.216504276968500414e-03 1.557428157992263654e-02 1.704031428504661910e-02 1.855833848114947504e-02 1.990359607021959659e-02 2.118275298311139698e-02 2.232107122007048056e-02 2.330934559247596627e-02 2.412377329488756689e-02 2.479765463456861524e-02 2.529332812744298359e-02 2.557334613100406898e-02 2.570775695443289210e-02 2.564475386048471056e-02 2.539431543589920626e-02 2.496207143850946025e-02 2.435687183522274729e-02 2.366801936539857446e-02 2.257660579897100700e-02 2.151523834763449314e-02 2.031700138266203520e-02 1.898680980647872787e-02 1.754689490784719363e-02 1.605159284037440195e-02 1.451293919515195090e-02 1.294063286142544192e-02 1.131610775535803887e-02 9.734396112347850835e-03 8.163966989364430590e-03 6.532800721471054839e-03 4.936700048865533610e-03 3.308981220250385973e-03 1.559680989473439519e-03 5.968031633816246284e+01 4.699299044055059160e-01 4.228394441752313382e-01 3.818269128532788548e-01 3.452617100616406920e-01 3.121498356090238735e-01 2.818846030712192086e-01 2.540921504813422049e-01 2.285319665483821205e-01 2.050348125677765310e-01 1.834679877082272537e-01 1.637120277669734669e-01 1.456526232273173960e-01 1.291764876497215608e-01 1.141698195735123822e-01 1.005203140435463605e-01 8.812216898974069290e-02 7.687645458229289130e-02 6.669019242175310003e-02 5.748180950254696414e-02 4.917797339879947244e-02 4.171248785672279635e-02 3.502695675786739182e-02 2.906562178357028139e-02 2.377970756613358508e-02 1.911741748891011491e-02 1.503305768391306578e-02 1.147865496803076105e-02 8.406540637391371126e-03 5.770860142630174217e-03 3.523895372852671893e-03 1.617405993022410105e-03 0.000000000000000000e+00
1.117821492666825267e-03 1.447224956184125534e-02 1.584189663205430240e-02 1.724236338410950475e-02 1.852143005520530752e-02 1.976537124115380559e-02 2.091758058999007228e-02 2.196952053014523606e-02 2.290691082725020838e-02 2.372915924179426830e-02 2.442154676747499906e-02 2.492507361166665381e-02 2.532045552024039109e-02 2.553968581203096971e-02 2.558795949315417068e-02 2.546639059196239077e-02 2.517079053073772305e-02 2.481429549380684274e-02 2.399651167034767829e-02 2.323492376703016268e-02 2.231792153475725682e-02 2.122458306740847289e-02 2.001368475074524061e-02 1.870858160713707169e-02 1.732974294441078089e-02 1.588460004385823868e-02 1.440496827908913612e-02 1.288579546666730226e-02 1.138036284511904396e-02 9.820513797267156272e-03 8.305724860129839321e-03 6.804419225243331718e-03 5.295672985283224332e-03 1.117768807829083244e-03 1.491850862065815554e-02 1.634238802179464531e-02 1.782721149638678837e-02 1.914941719880317375e-02 2.042023872157820719e-02 2.156555584921148946e-02 2.257736432496593171e-02 2.343338323124543807e-02 2.416438618688640169e-02 2.473383156607878233e-02 2.509665864516650094e-02 2.533282862118685363e-02 2.538050261565841931e-02 2.524762251739006563e-02 2.493643685655495129e-02 2.445243652769430592e-02 2.389962389282182173e-02 2.288372100076588658e-02 2.192366058868192719e-02 2.081211243117544324e-02 1.955003815534534992e-02 1.816362080347984007e-02 1.670833876588220107e-02 1.519615712440123070e-02 1.363805659772735282e-02 1.201588745608826725e-02 1.042792832871095379e-02 8.843970247895956843e-03 7.188739004470702867e-03 5.564137271386224506e-03 3.900888928493846837e-03 2.106552270960624414e-03 5.705489398474482954e+01 4.475359943308014898e-01 4.032523002998619766e-01 3.647595970383284425e-01 3.304909914371791935e-01 2.994862074821935116e-01 2.711546205651484409e-01 2.451289804826930763e-01 2.211713892688028926e-01 1.991143897032243981e-01 1.788280424624467124e-01 1.601974301486798480e-01 1.431145268640837132e-01 1.274739601802644395e-01 1.131710163926900742e-01 1.001032954355416393e-01 8.817562128723943626e-02 7.729997961941921514e-02 6.739423274485498161e-02 5.838751390692245580e-02 5.021684765509313447e-02 4.282570656223697730e-02 3.616462743592543244e-02 3.018598062972212281e-02 2.484845053379539787e-02 2.010632231888240251e-02 1.591940203923015995e-02 1.224432567808034916e-02 9.037161357876603504e-03 6.255273680145067433e-03 3.853282800275149942e-03 1.784881694547105690e-03 0.000000000000000000e+00
