3.376663892673992685e-03 3.257342073150158116e-03 3.146102326319203443e-03 3.038943122645740465e-03 2.933404007937000582e-03 2.828895096496690520e-03 2.724144880224790150e-03 2.618454669733540855e-03 2.511282004293320137e-03 2.402295852420167910e-03 2.291411543941255027e-03 2.178783743226009491e-03 2.064760620011989352e-03 1.949826318284137534e-03 1.834552677357262004e-03 1.719564537761060323e-03 1.605513968314812917e-03 1.493058394133133047e-03 1.382840291112048510e-03 1.275468282288840828e-03 1.171500382879478571e-03 1.071430216860812679e-03 9.756767651364266301e-04 8.845778713661137018e-04 7.983874260768013481e-04 7.172759088964861425e-04 6.413338096028854988e-04 5.705773720656773761e-04 5.049560955629033834e-04 4.443614613923791605e-04 3.886364072747007102e-04 3.375851339625910211e-04 2.909828920625641847e-04 2.485854613321770014e-04 2.101380996152057729e-04 1.753838030615940144e-04 1.440707811109624725e-04 1.159591064184227314e-04 9.082654985992697329e-05 6.847365393747419169e-05 3.376666988678867463e-03 3.257811358503569926e-03 3.146569017917045553e-03 3.039016134777576972e-03 2.932606203642404517e-03 2.826366464729531628e-03 2.718779599216861187e-03 2.608826443187369469e-03 2.496214056740490850e-03 2.381482659255975635e-03 2.265617704013377694e-03 2.149370615935627862e-03 2.024996382177074537e-03 1.907184501309056686e-03 1.802722381952554529e-03 1.691835849804037943e-03 1.585540378293485812e-03 1.483534564484910098e-03 1.386546400894436357e-03 1.294157236295458016e-03 1.211182236275718058e-03 1.126767190099550774e-03 1.046613202749305683e-03 9.932874958567760280e-04 9.063393466417193813e-04 8.368239990896543176e-04 7.705693196499688487e-04 7.066974475751677375e-04 6.452460721206359964e-04 5.910787007949214232e-04 5.201433156387680898e-04 4.662846675865310554e-04 4.128046469057622078e-04 3.648135776798779105e-04 3.054089987960446374e-04 2.578023004489011193e-04 2.109566037443945028e-04 1.658782440984015122e-04 1.228539334763372956e-04 8.170409460398877556e-05 7.311584566713978006e+01 2.878969416100611856e+00 1.534270181304935532e+00 1.071291085606992599e+00 8.357111673703919719e-01 6.923183368064890209e-01 5.955811156510925075e-01 5.256144946779468530e-01 4.723302185810343001e-01 4.300230869563201885e-01 3.952008847630795185e-01 3.655925662399999165e-01 3.396552415427883664e-01 3.163098567125217642e-01 2.947913045863798653e-01 2.745593562059709392e-01 2.552345800354939853e-01 2.365720634577657688e-01 2.184301672604531674e-01 2.007303183602178187e-01 1.834794700827093727e-01 1.667265346130122616e-01 1.505510527115465902e-01 1.350482201632980661e-01 1.203163388570602649e-01 1.064399498832858393e-01 9.348287685122294577e-02 8.149447893546886423e-02 7.048248647122058730e-02 6.044271913966214188e-02 5.132989628920277270e-02 4.309570479612471333e-02 3.567061815154796978e-02 2.898375132954079253e-02 2.295278184428134471e-02 1.749966637703561159e-02 1.254389260491870113e-02 8.016659410128820426e-03 3.854095034143310231e-03 0.000000000000000000e+00
3.257342073150158116e-03 3.580452941799925400e-03 3.828860916260474947e-03 4.032063579041875005e-03 4.199639935467359628e-03 4.336676856158943466e-03 4.444693439325520835e-03 4.524424050310823196e-03 4.576156221213665068e-03 4.600220270326562701e-03 4.597240219033642619e-03 4.568203299826304256e-03 4.514421933521008123e-03 4.437466420998987561e-03 4.339110603936340363e-03 4.221294473733020261e-03 4.086092188465970630e-03 3.935676238099186132e-03 3.772275463192747893e-03 3.598129320332949226e-03 3.415442278667251471e-03 3.226341820865162059e-03 3.032842459751387137e-03 2.836817111136587504e-03 2.639976283776726551e-03 2.443854879274150096e-03 2.249805921887618448e-03 2.059000243088960052e-03 1.872431004789770065e-03 1.690921925619963016e-03 1.515138139634877087e-03 1.345598733150298867e-03 1.182690147686449355e-03 1.026679787681629950e-03 8.777293187645319669e-04 7.359072774421308470e-04 6.012007298134618106e-04 4.735258110266904442e-04 3.527370461875873318e-04 2.386353964147637616e-04 3.257344896201941342e-03 3.586060087304178065e-03 3.843106407235354158e-03 4.055333833150863779e-03 4.231325723041860949e-03 4.374968319581923337e-03 4.486502805687725588e-03 4.565909369100216476e-03 4.613763122038278680e-03 4.631500531889085927e-03 4.620900634460869960e-03 4.584141511909686426e-03 4.514552163590629559e-03 4.434085047135579230e-03 4.345145018392396023e-03 4.232556341000157096e-03 4.109425109580584073e-03 3.977618885377627589e-03 3.838981731450225900e-03 3.694155606043103036e-03 3.550777625075943016e-03 3.395403247113504969e-03 3.236925560354175259e-03 3.098625880394734796e-03 2.919185162150369009e-03 2.751481822138700500e-03 2.581553564038865847e-03 2.408997380348763730e-03 2.234232779088738460e-03 2.062505661704732741e-03 1.869376706372345882e-03 1.689648581320542893e-03 1.506297222990947947e-03 1.325035179446592800e-03 1.125895126494242835e-03 9.357963946516416852e-04 7.414561444855100741e-04 5.435818207085991831e-04 3.417424519479082107e-04 1.374297063212275819e-04 4.455264066604502204e+01 1.501095662130996100e+00 7.336645114505373488e-01 4.978670846859613586e-01 3.940498872545165621e-01 3.396555097307327742e-01 3.075761766718650425e-01 2.865064128376431651e-01 2.711417789597432848e-01 2.587803590681010402e-01 2.479565031441439693e-01 2.378353262959318759e-01 2.279217743565427057e-01 2.179168520680156707e-01 2.076472771693249342e-01 1.970204333537541042e-01 1.860016556634228324e-01 1.746074845146068921e-01 1.628967462279506118e-01 1.509455494524357122e-01 1.388744626277885197e-01 1.268192759274308634e-01 1.149252229719274487e-01 1.033344778954065485e-01 9.218150651972339960e-02 8.158031630310148830e-02 7.162038847294451005e-02 6.237151119525614906e-02 5.386168861347934156e-02 4.610418541020584043e-02 3.907259786553052283e-02 3.273483512957824776e-02 2.703844618577970829e-02 2.192756912767208563e-02 1.733553858915415011e-02 1.319793430621348830e-02 9.448695946469690826e-03 6.032135623354892978e-03 2.897162876007837017e-03 0.000000000000000000e+00
3.146102326319203443e-03 3.828860916260474947e-03 4.387693705823521827e-03 4.868022531633328133e-03 5.285542389890324731e-03 5.648005375031104475e-03 5.957875714121136854e-03 6.216076691806229557e-03 6.422840458832349692e-03 6.578515731239376399e-03 6.683964236375703437e-03 6.740654732151753724e-03 6.750592851195164404e-03 6.716216333694078125e-03 6.640318095287447292e-03 6.525997327291780878e-03 6.376616510021619437e-03 6.195748352803375110e-03 5.987109264760298762e-03 5.754484011698261965e-03 5.501648639468576657e-03 5.232297918741330746e-03 4.949981669231775031e-03 4.658052459403698442e-03 4.359625680675632831e-03 4.057551870954918816e-03 3.754400357879717366e-03 3.452452768473049469e-03 3.153704676129915740e-03 2.859873585288023531e-03 2.572411535692672654e-03 2.292520787581545268e-03 2.021171279696591834e-03 1.759118798407374989e-03 1.506923033785142942e-03 1.264964910973762503e-03 1.033462762488137482e-03 8.124870432612049231e-04 6.019733824434445393e-04 4.017338128459415269e-04 3.146108673399845325e-03 3.838381104485107716e-03 4.413413116051471095e-03 4.912049739454766445e-03 5.347765051138408596e-03 5.725854383653615660e-03 6.046111345164419462e-03 6.308152012435831041e-03 6.512636039150113305e-03 6.661374824966404505e-03 6.756522879834679120e-03 6.801249083121722709e-03 6.789615502069229654e-03 6.750083612477647196e-03 6.681377050119358812e-03 6.572645778862337695e-03 6.438866647534530890e-03 6.283946235430477520e-03 6.110761092348734706e-03 5.920979566129999476e-03 5.724781519080935320e-03 5.506581303122749099e-03 5.278080224790703510e-03 5.063220765523584847e-03 4.800004727296355161e-03 4.542927639240821290e-03 4.278272374893794458e-03 4.006104048743369499e-03 3.727220380740428173e-03 3.447235112001140449e-03 3.141414235127666394e-03 2.845405717399351365e-03 2.541930329378281998e-03 2.237290638975937551e-03 1.908562918389733335e-03 1.586263500088303099e-03 1.254944578676748038e-03 9.150323755065873895e-04 5.654169869431940627e-04 2.091163567438014323e-04 1.943408729760173514e+01 3.059258244508585856e-01 4.439082163126086694e-02 5.852469215871540162e-03 1.539682209599377988e-02 3.698465097969354937e-02 5.977275255112210472e-02 8.000265857282885806e-02 9.655571813962181282e-02 1.093413027630062012e-01 1.186452060301187161e-01 1.248671720894098530e-01 1.284090710140505798e-01 1.296370489625474076e-01 1.288802249263626132e-01 1.264241781326016223e-01 1.225237187318112958e-01 1.174128941486589084e-01 1.113155249044826128e-01 1.044336188088711842e-01 9.697778728551371963e-02 8.915109604699784918e-02 8.114812549699801369e-02 7.314487325679892848e-02 6.530091886578742733e-02 5.775041946831339923e-02 5.060061797939330308e-02 4.393524898964523001e-02 3.779739615959205878e-02 3.221343461049602785e-02 2.717241644803316050e-02 2.265559737998889753e-02 1.862524109865583075e-02 1.503859045329132907e-02 1.184290062573323428e-02 8.985959140675426129e-03 6.414766483401458316e-03 4.085357840385579233e-03 1.958041002099083269e-03 0.000000000000000000e+00
3.038943122645740465e-03 4.032063579041875005e-03 4.868022531633328133e-03 5.601402701479948898e-03 6.251157658916439881e-03 6.826183321448659781e-03 7.328794517018872613e-03 7.759335562343981293e-03 8.117399348228634265e-03 8.402905593246887822e-03 8.616611018341465214e-03 8.760199936009916907e-03 8.836157323894087631e-03 8.847608596353456062e-03 8.798209732586355705e-03 8.692082128838861735e-03 8.533756584879200607e-03 8.328101681218906885e-03 8.080231175238802854e-03 7.795397204922221469e-03 7.478879746973360679e-03 7.135881575437043670e-03 6.771435177791931478e-03 6.390325362981237600e-03 5.997029128053084704e-03 5.595672733701939801e-03 5.190004779388294152e-03 4.783383301959073623e-03 4.378774503938066831e-03 3.978760595310016149e-03 3.585554334933507489e-03 3.201018107552063962e-03 2.826685699938985899e-03 2.463785290419670104e-03 2.113262501696015327e-03 1.775802663231719914e-03 1.451851672353013205e-03 1.141635025504882063e-03 8.451747097762756997e-04 5.623036985766330636e-04 3.038952379021799769e-03 4.044679951078535181e-03 4.903614877239567162e-03 5.664341714637379475e-03 6.342307942215423891e-03 6.942434731148756054e-03 7.462742433371768666e-03 7.901600380527631917e-03 8.259197042273515657e-03 8.537320984435553192e-03 8.738168218215915106e-03 8.865542891144545870e-03 8.914006494510802459e-03 8.917816702303483015e-03 8.872659763022140017e-03 8.771800907855703544e-03 8.631915168255885340e-03 8.458849511807304059e-03 8.256447197015159487e-03 8.027365532586839061e-03 7.784055724574942374e-03 7.509194024933566781e-03 7.216928475581261063e-03 6.931795190092282337e-03 6.591326228998374732e-03 6.251413384597486605e-03 5.898625831664205607e-03 5.533490681633070583e-03 5.157179525547186949e-03 4.775655659060094003e-03 4.363986763161130898e-03 3.958536010481468470e-03 3.541835960696857258e-03 3.120748893586155603e-03 2.669517543319527546e-03 2.222086716357144897e-03 1.760920752487652070e-03 1.286153271368512679e-03 7.959966696542333103e-04 2.948800058656089653e-04 -2.556414165278793948e+00 -7.206127469491990789e-01 -5.420504940515714631e-01 -4.110594830675143863e-01 -3.052124886619230204e-01 -2.197186883298248294e-01 -1.511356397468357760e-01 -9.663814236574851113e-02 -5.371747002421348172e-02 -2.021854668151736034e-02 5.639755345081480520e-03 2.530454740197317712e-02 3.993461957046245264e-02 5.045479727738792081e-02 5.761387040287460626e-02 6.201145289207742051e-02 6.414076443518666737e-02 6.441276026234295238e-02 6.318346455825837871e-02 6.075416134028416987e-02 5.740362381083157634e-02 5.338395765758057604e-02 4.892383322829624293e-02 4.422074896072614170e-02 3.944901527608626196e-02 3.475417167574251093e-02 3.025378932591157519e-02 2.603943483820037735e-02 2.216439271802596658e-02 1.866407711711216139e-02 1.553981629500477898e-02 1.278353191286646200e-02 1.037002862143521220e-02 8.267885546362992166e-03 6.436689548267276843e-03 4.835138076146238729e-03 3.422016393283752733e-03 2.163788778026525406e-03 1.030863377479748115e-03 0.000000000000000000e+00
2.933404007937000582e-03 4.199639935467359628e-03 5.285542389890324731e-03 6.251157658916439881e-03 7.117239546745719909e-03 7.892621685123822964e-03 8.578914408030465302e-03 9.175362310003600322e-03 9.680503929235018817e-03 1.009348812318250528e-02 1.041468398493392011e-02 1.064575560615258452e-02 1.078946578678567463e-02 1.084945040037234125e-02 1.083006996569272316e-02 1.073632606939277367e-02 1.057379167929351806e-02 1.034852042559694651e-02 1.006692692331461608e-02 9.735647049004607714e-03 9.361392198424833486e-03 8.950809989491173568e-03 8.510360131106861278e-03 8.046210527145625582e-03 7.564155794099275409e-03 7.069558226170800062e-03 6.567309701898237789e-03 6.061811999910187918e-03 5.556972422225202150e-03 5.056211446413947166e-03 4.562479253306358888e-03 4.078278303016923470e-03 3.605689564178451382e-03 3.146400464131001145e-03 2.701733068728381926e-03 2.272671386537955269e-03 1.859887005451455648e-03 1.463762501808549537e-03 1.084412210278294869e-03 7.217000059999691087e-04 2.933415429940855034e-03 4.214746933271838400e-03 5.329690769183265467e-03 6.331320818602409473e-03 7.235571578454152303e-03 8.045763863495907636e-03 8.757435979288135872e-03 9.367069900576893010e-03 9.873918065229393692e-03 1.027938399913291140e-02 1.058540046226273505e-02 1.079608748612500939e-02 1.090632067846776868e-02 1.095545609782109381e-02 1.093670206866497602e-02 1.084724644749955093e-02 1.070529855396797590e-02 1.051854984960503246e-02 1.029174851178677082e-02 1.002849938303640963e-02 9.743265541343883868e-03 9.417349520205698168e-03 9.067006566958824357e-03 8.717284286161024187e-03 8.305470304770429940e-03 7.888614486711201246e-03 7.453615671871451076e-03 7.001454920214041956e-03 6.533671180024742953e-03 6.056555302056640042e-03 5.545077632923409681e-03 5.036172926747532232e-03 4.512253491027204064e-03 3.980700456287131553e-03 3.413069688441231885e-03 2.846522060584343299e-03 2.261523193125895143e-03 1.657893459048091333e-03 1.033157443389894504e-03 3.930532062190786845e-04 -2.185057300474370834e+01 -1.599749631132548089e+00 -1.038380402060672836e+00 -7.622233835678021707e-01 -5.751627885900922887e-01 -4.363883740474931994e-01 -3.299963179493462517e-01 -2.474188398967125113e-01 -1.830107946392218465e-01 -1.326936120322522450e-01 -9.341672010912038804e-02 -6.285084161347992415e-02 -3.920377477753213269e-02 -2.108591528572694232e-02 -7.401750253289234548e-03 2.705816634976553753e-03 9.923406003596106986e-03 1.480306760464024721e-02 1.780406527664754601e-02 1.930341587069263343e-02 1.962861066852282857e-02 1.906453897119170238e-02 1.786030014176494263e-02 1.622381455048348478e-02 1.433475536059065046e-02 1.234211955106651395e-02 1.036708753764905427e-02 8.503526239996157463e-03 6.810540115070162943e-03 5.328934662821039822e-03 4.069516680682134374e-03 3.032519251297152805e-03 2.203417445802545969e-03 1.560621385057950903e-03 1.074717372155016212e-03 7.142383248621883259e-04 4.487020960700767946e-04 2.539181291664303224e-04 1.093004459873348860e-04 0.000000000000000000e+00
2.828895096496690520e-03 4.336676856158943466e-03 5.648005375031104475e-03 6.826183321448659781e-03 7.892621685123822964e-03 8.855687342317468749e-03 9.715801670114420155e-03 1.047080329018205969e-02 1.111789827209575324e-02 1.165520292992301699e-02 1.208245199327314529e-02 1.240105961555250554e-02 1.261385455217933424e-02 1.272478873141348783e-02 1.273874993725052779e-02 1.266145987685744767e-02 1.249939087652128696e-02 1.225965566411814194e-02 1.194985963074365540e-02 1.157792673379869249e-02 1.115191686243297703e-02 1.067985054441763712e-02 1.016955211950090927e-02 9.628517870794819564e-03 9.063811951513572537e-03 8.481990241592348573e-03 7.889050326194834914e-03 7.290404484752632461e-03 6.690871847289825251e-03 6.094685637794532325e-03 5.505511573071508909e-03 4.926473892010049815e-03 4.360186033155250517e-03 3.808783560370707349e-03 3.273957489001800940e-03 2.756986646353906927e-03 2.258768088312514393e-03 1.779844879278147515e-03 1.320430722969005884e-03 8.804310067778129984e-04 2.828908056000487004e-03 4.353781728217741460e-03 5.699507043028397175e-03 6.921776899465569011e-03 8.036049930969069166e-03 9.043647811509526388e-03 9.937125577314426944e-03 1.071065333376007567e-02 1.136213380976391386e-02 1.189222460346012894e-02 1.230229899456006942e-02 1.259649314239988036e-02 1.276982558798543839e-02 1.286606561883537128e-02 1.287640244357934199e-02 1.280174658234829038e-02 1.266167456143483215e-02 1.246561778927850715e-02 1.221916653033651087e-02 1.192682560235374181e-02 1.160482497835401382e-02 1.123341506571698747e-02 1.083064384104426292e-02 1.042196488197895746e-02 9.944678711353353157e-03 9.456721773140884177e-03 8.945371253793417410e-03 8.412051659310674015e-03 7.858660181430374148e-03 7.291788090242271557e-03 6.686421249965179316e-03 6.079899864823783487e-03 5.454591118020284471e-03 4.818342555828639823e-03 4.140210237772356562e-03 3.460301143588799099e-03 2.757197981405893911e-03 2.030384845240792817e-03 1.276687510315411547e-03 5.030584339266197004e-04 -3.898664618239929780e+01 -2.357875600328791510e+00 -1.460223875450656239e+00 -1.058945109398480966e+00 -8.031553917080980209e-01 -6.200182229175713600e-01 -4.825294451096431847e-01 -3.770738292660189006e-01 -2.952788079831765722e-01 -2.314123327893174431e-01 -1.813442416778745514e-01 -1.420021689951142252e-01 -1.110645818242497473e-01 -8.675627970868804439e-02 -6.769657823419455989e-02 -5.281862526786878370e-02 -4.128041578984120025e-02 -3.241911921747172437e-02 -2.569682560553445544e-02 -2.068082904907497105e-02 -1.701162170557287204e-02 -1.438558083150382610e-02 -1.254507784722497243e-02 -1.128148883749883341e-02 -1.041804446315973756e-02 -9.809302738312760533e-03 -9.336415639996407251e-03 -8.908112662703183277e-03 -8.463293441329036021e-03 -7.958930248615608480e-03 -7.377085737100951696e-03 -6.711180266132222780e-03 -5.966566651537152759e-03 -5.156177274207517439e-03 -4.299428789934502462e-03 -3.418734312395375289e-03 -2.534598563496200108e-03 -1.662669712007340756e-03 -8.153473974062658931e-04 0.000000000000000000e+00
2.724144880224790150e-03 4.444693439325520835e-03 5.957875714121136854e-03 7.328794517018872613e-03 8.578914408030465302e-03 9.715801670114420155e-03 1.073852007827549165e-02 1.164336029745063027e-02 1.242604226676542571e-02 1.308346341993323579e-02 1.361450802693168691e-02 1.402010887265479552e-02 1.430292918303705495e-02 1.446701625207982324e-02 1.451758115705936367e-02 1.446088091863895024e-02 1.430412201154953808e-02 1.405532998460392452e-02 1.372317240590985657e-02 1.331674883091495641e-02 1.284536958850388856e-02 1.231834279951692090e-02 1.174478324007532590e-02 1.113345102151704416e-02 1.049262362284319149e-02 9.830001534037438940e-03 9.152645406276650394e-03 8.466941008807290364e-03 7.778587385133878783e-03 7.092603296848735105e-03 6.413347213216266489e-03 5.744546593470185869e-03 5.089332867045737521e-03 4.450279223428462924e-03 3.829438993106548932e-03 3.228382982652047966e-03 2.648234593737920986e-03 2.089701897721011475e-03 1.553106052677676084e-03 1.038405539128799820e-03 2.724158856505389144e-03 4.463366749172243200e-03 6.015559341319958592e-03 7.437885532954759300e-03 8.744916980674191306e-03 9.935820317389454717e-03 1.100007922597501069e-02 1.192930450454466815e-02 1.271968027395078797e-02 1.337074858330878323e-02 1.388302870230551968e-02 1.426038750291005151e-02 1.449781455581467503e-02 1.464280971829086571e-02 1.468489522254616889e-02 1.462848289544404698e-02 1.449433503581579186e-02 1.429350298986891733e-02 1.403235061063696013e-02 1.371622652730222942e-02 1.336289354459762810e-02 1.295183035596771462e-02 1.250258408250564703e-02 1.204088677799749173e-02 1.150433259835698455e-02 1.095144341301844751e-02 1.036992533617667189e-02 9.761631718972200999e-03 9.128805099175081594e-03 8.478304642053985374e-03 7.785253453881080081e-03 7.087212427702195561e-03 6.366584627813667158e-03 5.631622104201079379e-03 4.849104061655605015e-03 4.061764545549514244e-03 3.246443387258784834e-03 2.402264410057277071e-03 1.525344352252379267e-03 6.237581697732848133e-04 -5.444705082518574812e+01 -3.019360724981289490e+00 -1.822154645498670122e+00 -1.311873333239676587e+00 -9.975246329401370460e-01 -7.772922655958780513e-01 -6.141874639836212291e-01 -4.901004533256010931e-01 -3.942620165208072236e-01 -3.195069598692208412e-01 -2.607810293681139258e-01 -2.143828348071231960e-01 -1.775469114100824419e-01 -1.481774456254807415e-01 -1.246591042224376861e-01 -1.057544365917588436e-01 -9.049725428991123310e-02 -7.813886928424775002e-02 -6.808301150703460758e-02 -5.985786462387518436e-02 -5.308586192378773883e-02 -4.745647554537335555e-02 -4.271365824668739430e-02 -3.865640539939373815e-02 -3.511797961819677211e-02 -3.196256036353207347e-02 -2.907876938750770732e-02 -2.638216915470928750e-02 -2.381291994418985661e-02 -2.132845283910763876e-02 -1.890560337525685683e-02 -1.653302370676991775e-02 -1.420803234557537278e-02 -1.193575685359158332e-02 -9.726304722779560014e-03 -7.593537055987683269e-03 -5.548454677672990179e-03 -3.598697392722612336e-03 -1.749034585937786143e-03 0.000000000000000000e+00
2.618454669733540855e-03 4.524424050310823196e-03 6.216076691806229557e-03 7.759335562343981293e-03 9.175362310003600322e-03 1.047080329018205969e-02 1.164336029745063027e-02 1.268778521079766755e-02 1.359827732298590254e-02 1.437040725501908395e-02 1.500202935368481066e-02 1.549336715494752624e-02 1.584667063813082269e-02 1.606583728397873237e-02 1.615617152926456315e-02 1.612425613919514500e-02 1.597784343738663237e-02 1.572570388371015426e-02 1.537741825824624070e-02 1.494313014265960179e-02 1.443328459124717730e-02 1.385837596020176622e-02 1.322872100257765048e-02 1.255426670232893949e-02 1.184443711407781943e-02 1.110801962302670684e-02 1.035308824750432767e-02 9.586959702891705709e-03 8.816176849053712974e-03 8.046513761319195115e-03 7.282996850470423167e-03 6.529937027326283144e-03 5.790968683056756626e-03 5.069092090973259176e-03 4.366716626604446802e-03 3.685702888417098470e-03 3.027402350474044969e-03 2.392693579479324758e-03 1.782014301262063857e-03 1.195388707613889928e-03 2.618469227190231476e-03 4.544278380100064824e-03 6.278782065251809277e-03 7.879839963992668270e-03 9.361011770874132568e-03 1.071945869892516369e-02 1.194177473212738698e-02 1.301695285316606561e-02 1.393915676446576095e-02 1.470644669925814420e-02 1.531819768209535977e-02 1.577773628493259195e-02 1.607984269522929818e-02 1.627506950197502716e-02 1.635151554975261198e-02 1.631684290984162372e-02 1.619280107064929516e-02 1.599192353083834714e-02 1.572127275707922017e-02 1.538697625707662747e-02 1.500810704313311310e-02 1.456361056636965717e-02 1.407426074948792821e-02 1.356591633782269074e-02 1.297677243553991069e-02 1.236560123769802483e-02 1.172059022874268053e-02 1.104400206122288682e-02 1.033840718287489663e-02 9.610893838393336219e-03 8.836854158673825704e-03 8.053863961775068955e-03 7.244450281119647027e-03 6.417198124932588406e-03 5.536871621744613760e-03 4.648461876307640600e-03 3.727233109935995138e-03 2.771925879830803869e-03 1.777941431087799468e-03 7.543863645083890863e-04 -6.868377085211822930e+01 -3.607168023733210216e+00 -2.137907297693417252e+00 -1.531013063546016628e+00 -1.166050163538805640e+00 -9.144475386670656292e-01 -7.300559524111607246e-01 -5.906912645945240348e-01 -4.834448594897086116e-01 -3.998923499817093052e-01 -3.341789926108755804e-01 -2.820652365770085490e-01 -2.404097347852904021e-01 -2.068478326823188773e-01 -1.795697891656949929e-01 -1.571987049727803509e-01 -1.386690213942195493e-01 -1.231660481572237759e-01 -1.100513814989591554e-01 -9.882740152364084818e-02 -8.910984457785217638e-02 -8.059100432902026323e-02 -7.302483286331570844e-02 -6.622494790460101144e-02 -6.004069668618038091e-02 -5.435105313083383322e-02 -4.905648711551609253e-02 -4.408300748062509572e-02 -3.937475704674885113e-02 -3.489184593835811116e-02 -3.060736620257844404e-02 -2.650641412149554177e-02 -2.257907021365138100e-02 -1.882320487360595457e-02 -1.524000456751079327e-02 -1.183501315637344384e-02 -8.609931446470662011e-03 -5.564666547459185854e-03 -2.696659668486254321e-03 0.000000000000000000e+00
2.511282004293320137e-03 4.576156221213665068e-03 6.422840458832349692e-03 8.117399348228634265e-03 9.680503929235018817e-03 1.111789827209575324e-02 1.242604226676542571e-02 1.359827732298590254e-02 1.462735244018758748e-02 1.550748316094008837e-02 1.623536295205682198e-02 1.681029833862504944e-02 1.723387871983045327e-02 1.750959620369019892e-02 1.764260341955818309e-02 1.763958195641122245e-02 1.750862314455086874e-02 1.725905505997676545e-02 1.690120286234874855e-02 1.644610273294613498e-02 1.590519945081685788e-02 1.529005404589462574e-02 1.461208007117857817e-02 1.388231946396363201e-02 1.311126302946213386e-02 1.230871616943324080e-02 1.148370725324247485e-02 1.064443380292240046e-02 9.798240360363058565e-03 8.951621430145226613e-03 8.110243082603822706e-03 7.278977447942758250e-03 6.461945223613131672e-03 5.662562280817741781e-03 4.883587370412984137e-03 4.127168720527841887e-03 3.394887951775219914e-03 2.687800198739950450e-03 2.006469618570572676e-03 1.350999592098768749e-03 2.511296775233202820e-03 4.596837851947974292e-03 6.489428609046414206e-03 8.247143833947850194e-03 9.882582674928055283e-03 1.139123909643655237e-02 1.275720591895282072e-02 1.396697780855703230e-02 1.501249584746484206e-02 1.589000716509252412e-02 1.659746986472540944e-02 1.713741775860811584e-02 1.750423318673650225e-02 1.775085448133502733e-02 1.786409953763290481e-02 1.785460006725479720e-02 1.774487804795794182e-02 1.754879483350224936e-02 1.727403089324404742e-02 1.692741996391755252e-02 1.652913418405338800e-02 1.605778372228800627e-02 1.553511736600924481e-02 1.498694527406250337e-02 1.435239418372332050e-02 1.369011866191853673e-02 1.298884011426391753e-02 1.225120481187741937e-02 1.148008805662430187e-02 1.068276129620059425e-02 9.835025745754124096e-03 8.974246226305902796e-03 8.083167916404905562e-03 7.170628209958397094e-03 6.199673630673838837e-03 5.217136007980796401e-03 4.196896895843480434e-03 3.137292548843287517e-03 2.033007340008777079e-03 8.940885023333216631e-04 -8.207818267699997250e+01 -4.141036746015161363e+00 -2.419356850755015831e+00 -1.725025921090737935e+00 -1.315463830920146293e+00 -1.036872073418235951e+00 -8.345188618708926365e-01 -6.824508130667509276e-01 -5.658131025944955761e-01 -4.750558695968590817e-01 -4.036199922700314247e-01 -3.467986770824134091e-01 -3.011278181550929300e-01 -2.640142989385477756e-01 -2.334853075668920919e-01 -2.080486777398669607e-01 -1.865586986446268469e-01 -1.681500608107927841e-01 -1.521548461227393012e-01 -1.380600138852410563e-01 -1.254836228165444045e-01 -1.141286075202160577e-01 -1.037657908767802700e-01 -9.422920257576672398e-02 -8.538933407232522643e-02 -7.714430007945555223e-02 -6.941009613866273853e-02 -6.212621481268888746e-02 -5.524301695235282056e-02 -4.872509313827901728e-02 -4.254290254555813389e-02 -3.667887282490442380e-02 -3.111634459279384590e-02 -2.584621335717865453e-02 -2.086087390368019864e-02 -1.615755738242175693e-02 -1.172863673315274573e-02 -7.566338105028002498e-03 -3.660855709642314715e-03 0.000000000000000000e+00
2.402295852420167910e-03 4.600220270326562701e-03 6.578515731239376399e-03 8.402905593246887822e-03 1.009348812318250528e-02 1.165520292992301699e-02 1.308346341993323579e-02 1.437040725501908395e-02 1.550748316094008837e-02 1.648759675560376378e-02 1.730620899947254987e-02 1.796154339514306753e-02 1.845430697589174607e-02 1.878734384084042655e-02 1.896541321313368819e-02 1.899506499099854612e-02 1.888451338962252729e-02 1.864344309435663274e-02 1.828273792370797499e-02 1.781415641735877714e-02 1.724998848789283806e-02 1.660272287718666043e-02 1.588474629262975890e-02 1.510808668360362483e-02 1.428420651824020664e-02 1.342384697927855378e-02 1.253692033836138232e-02 1.163244520308560730e-02 1.071851779856157830e-02 9.802311857438491052e-03 8.890099873236625636e-03 7.987289183685488542e-03 7.098467352054246664e-03 6.227452404483401274e-03 5.377344518475987017e-03 4.550576656827766409e-03 3.748962360644083822e-03 2.973739441074509365e-03 2.225608642847949799e-03 1.504766498078938383e-03 2.402310526204473606e-03 4.621407527618803801e-03 6.647893558794635768e-03 8.539714292284655145e-03 1.030864928236435718e-02 1.194895073223733832e-02 1.344272010522076094e-02 1.477421894636149653e-02 1.593308921975954140e-02 1.691350986384141872e-02 1.771178949354442617e-02 1.832944296373739332e-02 1.876026371098278231e-02 1.905893037657317365e-02 1.921103620308455343e-02 1.922987937565152211e-02 1.913852846572832583e-02 1.895200604020958260e-02 1.867852668881021458e-02 1.832555220991169409e-02 1.791415495681622158e-02 1.742276988357269532e-02 1.687388844055893317e-02 1.629307581167963731e-02 1.562073919747510205e-02 1.491501817230294485e-02 1.416521857369255899e-02 1.337433732014686044e-02 1.254552479851613056e-02 1.168618205227682678e-02 1.077266481538577229e-02 9.841882846411785860e-03 8.876897840551669847e-03 7.886710853564984219e-03 6.832978158927398987e-03 5.763917103430822413e-03 4.652241696522480853e-03 3.495865437483068779e-03 2.288760245216907904e-03 1.041822112460905145e-03 -9.492926728563216443e+01 -4.636915907313899687e+00 -2.676192977477668489e+00 -1.900995226401653637e+00 -1.451263761180323630e+00 -1.148952855145085161e+00 -9.311309174277790923e-01 -7.682871134612062614e-01 -6.437608193624921871e-01 -5.469771770142741740e-01 -4.707462080125365267e-01 -4.099485061371471173e-01 -3.608381814240115837e-01 -3.206247561194033868e-01 -2.871964005504180628e-01 -2.589641265869849773e-01 -2.347166408004578986e-01 -2.135496409579876465e-01 -1.947752512937577229e-01 -1.778728873877732375e-01 -1.624699093556506435e-01 -1.482860340571450775e-01 -1.351144491284801130e-01 -1.228142927076566471e-01 -1.112813578860685909e-01 -1.004364922694056250e-01 -9.021425684127967748e-02 -8.057013988446005970e-02 -7.146252322378496280e-02 -6.286190812739138323e-02 -5.473691398087868198e-02 -4.706791111104802194e-02 -3.983175329132090242e-02 -3.301242764694377330e-02 -2.659345965272339254e-02 -2.056358937703501102e-02 -1.490565118665645311e-02 -9.604062567276128864e-03 -4.641673995120825826e-03 0.000000000000000000e+00
2.291411543941255027e-03 4.597240219033642619e-03 6.683964236375703437e-03 8.616611018341465214e-03 1.041468398493392011e-02 1.208245199327314529e-02 1.361450802693168691e-02 1.500202935368481066e-02 1.623536295205682198e-02 1.730620899947254987e-02 1.820878803758918182e-02 1.894013467214118382e-02 1.949990232548091951e-02 1.989008245596709384e-02 2.011482427154071342e-02 2.018032842315273939e-02 2.009471854615052164e-02 1.986782934660590375e-02 1.951090588603107343e-02 1.903624301076883157e-02 1.845680299209358222e-02 1.778584418734074565e-02 1.703658381667567251e-02 1.622190882361569664e-02 1.535414160827455569e-02 1.444486198541735690e-02 1.350478262421240735e-02 1.254367230102709264e-02 1.157031950652355305e-02 1.059252821984520664e-02 9.617137810708399279e-03 8.650059790921253711e-03 7.696325236665361308e-03 6.760137912182118299e-03 5.844929281396011971e-03 4.953412598296069724e-03 4.087634071561299133e-03 3.249019688497850437e-03 2.438416659248677891e-03 1.656128610175650441e-03 2.291425859937294696e-03 4.618644018906849918e-03 6.755109386095540548e-03 8.758387161311366464e-03 1.063960799590944230e-02 1.239221502138835446e-02 1.399686548397757399e-02 1.543594953517184176e-02 1.669686597305602635e-02 1.777158215805254432e-02 1.865459075323416815e-02 1.934619834803262550e-02 1.983942431147837915e-02 2.019007636817733709e-02 2.038251226501870683e-02 2.043238122751908289e-02 2.036306765919761869e-02 2.019058158769974909e-02 1.992358734553795543e-02 1.957009383539688729e-02 1.915188789688593296e-02 1.864735517536668732e-02 1.807951710343846247e-02 1.747348042803491611e-02 1.677129336038320553e-02 1.603015944956498115e-02 1.524001536063983309e-02 1.440416764268178523e-02 1.352600449419609149e-02 1.261299489876516883e-02 1.164219635314545781e-02 1.064980449987867027e-02 9.619297675072255652e-03 8.559744969267651590e-03 7.431761724513585680e-03 6.284466637336227034e-03 5.089638445686440506e-03 3.844752439743438603e-03 2.543078599626251261e-03 1.196268558752515291e-03 -1.074499028399846310e+02 -5.106795463182538519e+00 -2.915828508974091182e+00 -2.064362796873649319e+00 -1.577664952084967487e+00 -1.254033979933466547e+00 -1.022580273183147481e+00 -8.503776344800267895e-01 -7.190593750523252004e-01 -6.171000474215870835e-01 -5.367346096124846477e-01 -4.724729922770392054e-01 -4.203191112087362180e-01 -3.773090789684522273e-01 -3.412104646938438623e-01 -3.103514332604906945e-01 -2.834660117813255775e-01 -2.596195238045821418e-01 -2.381112022625672120e-01 -2.184187312053799401e-01 -2.001840267390706529e-01 -1.831482875105601427e-01 -1.671313531502033600e-01 -1.520211917891025888e-01 -1.377422397040461710e-01 -1.242409826075204504e-01 -1.114730073231343238e-01 -9.941183086137563019e-02 -8.802527831526919810e-02 -7.729086727424873404e-02 -6.717591029820678405e-02 -5.765910708851409300e-02 -4.871088971252853644e-02 -4.030824163624192880e-02 -3.242559154787628961e-02 -2.504287981826035930e-02 -1.813306338370181126e-02 -1.167249370143444084e-02 -5.636451026581380114e-03 0.000000000000000000e+00
2.178783743226009491e-03 4.568203299826304256e-03 6.740654732151753724e-03 8.760199936009916907e-03 1.064575560615258452e-02 1.240105961555250554e-02 1.402010887265479552e-02 1.549336715494752624e-02 1.681029833862504944e-02 1.796154339514306753e-02 1.894013467214118382e-02 1.974188097761664026e-02 2.036527775310768493e-02 2.081131582958824916e-02 2.108336025503002725e-02 2.118707260748203813e-02 2.113028692557138502e-02 2.092278484916131401e-02 2.057597037192074665e-02 2.010247771034663275e-02 1.951575394145386305e-02 1.882965199366061146e-02 1.805805918897320297e-02 1.721457685957494474e-02 1.631225890427444314e-02 1.536341125765230096e-02 1.437944971205201705e-02 1.337081022185889964e-02 1.234690373835290074e-02 1.131610672057715462e-02 1.028577855345457100e-02 9.262297890583590446e-03 8.251111120146228245e-03 7.256787468816339702e-03 6.283076525176258670e-03 5.332965068689199568e-03 4.408730977577715419e-03 3.511992641134226677e-03 2.643752720573858475e-03 1.804435294320023931e-03 2.178797485658770690e-03 4.589567520575892415e-03 6.812632836301154085e-03 8.904984109501166284e-03 1.087726809644968574e-02 1.272250836259082932e-02 1.442043964349495888e-02 1.595198810329623990e-02 1.730248384131482381e-02 1.846166821519933110e-02 1.942213815314371497e-02 2.018285105707741042e-02 2.073588304557686529e-02 2.113760607576992134e-02 2.137108323563179438e-02 2.145399669469785775e-02 2.140981606442904014e-02 2.125536218376800068e-02 2.099966617289609344e-02 2.065120276428207211e-02 2.023230191784626542e-02 1.972139625746935007e-02 1.914184457093020403e-02 1.851807019711675453e-02 1.779412807642713132e-02 1.702584876851578541e-02 1.620384060098268436e-02 1.533167070102233950e-02 1.441292016017690567e-02 1.345505649677271841e-02 1.243598440394170189e-02 1.139091549243038612e-02 1.030384407515395374e-02 9.183806427710152973e-03 7.990739062246694085e-03 6.774160560640176201e-03 5.505157836824233278e-03 4.180755842922473549e-03 2.793539279114784935e-03 1.355820904809400349e-03 -1.197697201720142459e+02 -5.558842770027721869e+00 -3.143483389053954191e+00 -2.218992457922829509e+00 -1.697649588282380773e+00 -1.354456403381692375e+00 -1.110719266491475343e+00 -9.301926324628174703e-01 -7.928749559912795508e-01 -6.863455520532729670e-01 -6.023069507749713170e-01 -5.349309968039771546e-01 -4.799961303171934590e-01 -4.343837968765850710e-01 -3.957552598125311238e-01 -3.623665199131228531e-01 -3.329050892071878653e-01 -3.064122434713298926e-01 -2.821794526037518236e-01 -2.596868446055112800e-01 -2.385947271446103579e-01 -2.186692645572257399e-01 -1.997601894697074165e-01 -1.817871544631991521e-01 -1.647058405232255940e-01 -1.484906473272072369e-01 -1.331201180953105190e-01 -1.185873911549720633e-01 -1.048708224220289281e-01 -9.195576869202931602e-02 -7.980856333673203018e-02 -6.840644681636834368e-02 -5.771336312982604938e-02 -4.769908901012673286e-02 -3.832863681313464221e-02 -2.957276200579487396e-02 -2.139413318016478507e-02 -1.376069973262099636e-02 -6.639864876062792284e-03 0.000000000000000000e+00
2.064760620011989352e-03 4.514421933521008123e-03 6.750592851195164404e-03 8.836157323894087631e-03 1.078946578678567463e-02 1.261385455217933424e-02 1.430292918303705495e-02 1.584667063813082269e-02 1.723387871983045327e-02 1.845430697589174607e-02 1.949990232548091951e-02 2.036527775310768493e-02 2.104773724919080033e-02 2.154718747560940145e-02 2.186608713991205002e-02 2.200940649850253658e-02 2.198451486122362034e-02 2.180094984155717466e-02 2.147007475504622565e-02 2.100466182646681945e-02 2.041844590710090168e-02 1.972568668802587508e-02 1.894076657648154430e-02 1.807784137223922630e-02 1.715055286054632810e-02 1.617180613799911945e-02 1.515360951988699995e-02 1.410697115830024904e-02 1.304184409323106732e-02 1.196711034442696220e-02 1.089059464080813916e-02 9.819099166696874589e-03 8.758451943082340083e-03 7.713562868321395018e-03 6.688482807609090648e-03 5.686462316991925531e-03 4.710007552453670913e-03 3.760931626613693568e-03 2.840400135963051884e-03 1.948969797802632383e-03 2.064773613716613769e-03 4.535522864243185862e-03 6.822565717582110105e-03 8.982159279151203865e-03 1.102460842994881091e-02 1.294284104685924398e-02 1.471613123423416020e-02 1.632435463366489758e-02 1.775103862952196257e-02 1.898380874468448901e-02 2.001338147717575400e-02 2.083728181877038399e-02 2.144649995431651551e-02 2.189746414447244632e-02 2.217185179901565856e-02 2.228906416734648469e-02 2.227242801722482263e-02 2.213939754089340461e-02 2.189928941073814028e-02 2.156096417356358902e-02 2.114713888454421153e-02 2.063636472585236858e-02 2.005216648253450515e-02 1.941805439145633319e-02 1.868045489673191353e-02 1.789338206494831343e-02 1.704815062299213854e-02 1.614853215237840173e-02 1.519824877294907554e-02 1.420469044941906692e-02 1.314674941489317288e-02 1.205837744612002840e-02 1.092418104175823905e-02 9.753059731480061972e-03 8.504636269507852980e-03 7.228323222371944683e-03 5.894763815507732437e-03 4.500524171900405906e-03 3.037526409337582521e-03 1.518648556303766987e-03 -1.319420176881860414e+02 -5.997721782748463681e+00 -3.362371416276742853e+00 -2.367306796146206427e+00 -1.813074794495871611e+00 -1.451645145016516647e+00 -1.196635530085260912e+00 -1.008553222882200506e+00 -8.658161056947354384e-01 -7.551512240104629736e-01 -6.677623793321696422e-01 -5.975094702252262691e-01 -5.399654763624834874e-01 -4.918723651859002732e-01 -4.507965657058599085e-01 -4.149303275474574559e-01 -3.829208920967074881e-01 -3.537901641622421267e-01 -3.268255433603771132e-01 -3.015125341678661641e-01 -2.775325329839017918e-01 -2.546791443260713050e-01 -2.328343325518773821e-01 -2.119515158995856907e-01 -1.920195447528608712e-01 -1.730424255292305202e-01 -1.550230979522295438e-01 -1.379755036485957320e-01 -1.218893204227506910e-01 -1.067583199088558421e-01 -9.254802828619954069e-02 -7.923430776970756539e-02 -6.677446937399283966e-02 -5.513082345018031905e-02 -4.425860982956382472e-02 -3.411898912538746664e-02 -2.466391316606356826e-02 -1.585256416752268624e-02 -7.644129267334363355e-03 0.000000000000000000e+00
