6.575416600503893039e-02 6.241365989778014517e-02 6.030447401426101278e-02 5.862932316946488365e-02 5.691691434101716490e-02 5.524297307278048380e-02 5.361972146784987903e-02 5.194795716826711846e-02 5.022343450941535448e-02 4.842686218545300125e-02 4.651428462697314303e-02 4.448617357923087545e-02 4.238129851795134628e-02 4.015984195701021581e-02 3.781456765755900756e-02 3.544140098639484565e-02 3.303486128206771510e-02 3.064481690172172340e-02 2.826956541584815102e-02 2.594022052292762476e-02 2.369958720915521511e-02 2.154415242443617415e-02 1.951427762322305651e-02 1.761438062717107789e-02 1.581919208093195139e-02 1.415000376016046536e-02 1.261747522024805543e-02 1.121015065822744509e-02 9.861645047321997495e-03 8.672591778567528484e-03 7.618676984296297687e-03 6.641185959959250082e-03 5.756975916063210644e-03 4.956450238483777262e-03 4.246773079796451258e-03 3.596698304044697574e-03 3.018490022791097543e-03 2.551979252073576648e-03 2.052755511532020159e-03 1.849420305716935331e-03 7.041513322339629233e-02 6.718848016803860568e-02 6.589275282018487723e-02 6.512719115027197636e-02 6.408251606857635896e-02 6.296578542229541720e-02 6.182797775291428571e-02 6.052143179904436593e-02 5.904439388344213946e-02 5.737164269193728572e-02 5.545696454606773712e-02 5.322496395754565401e-02 5.080892531024407827e-02 4.812543313105048515e-02 4.520529716555166805e-02 4.213730075192336638e-02 3.899330419024445854e-02 3.584351298427467664e-02 3.268385646760137153e-02 2.960954643035563702e-02 2.663854721663823019e-02 2.378294253867721877e-02 2.112542771415834922e-02 1.864705708182066990e-02 1.640638436103705744e-02 1.430124601715754805e-02 1.236493129841026266e-02 1.062616514034273388e-02 9.023567173679906961e-03 7.658188501720204246e-03 6.404540123001072234e-03 5.274081722060956941e-03 4.290893583786372159e-03 3.439304560271879904e-03 2.710247984614791439e-03 2.069220050084785364e-03 1.520022793148774302e-03 1.052932257693862473e-03 6.635668481614765812e-04 4.538599407660371537e-04 5.784833310334987999e+01 2.153566110182485449e+00 1.122598392277541990e+00 7.726394371202133238e-01 5.982047799664040877e-01 4.949399574871201635e-01 4.269944604923405218e-01 3.787301922191505521e-01 3.426548699198121994e-01 3.145257696428168659e-01 2.916425401921028393e-01 2.722678807747971885e-01 2.552424851861632704e-01 2.397713916158990821e-01 2.253119761997637305e-01 2.115177649236228419e-01 1.981805080945856223e-01 1.851938212814335794e-01 1.725187316015810712e-01 1.601549224140602912e-01 1.481251500863007553e-01 1.364626574908334444e-01 1.251963687888183741e-01 1.143525777623351780e-01 1.039490411866996894e-01 9.400227791217251327e-02 8.451709678024840744e-02 7.549045895510710091e-02 6.691751450132654711e-02 5.878559204362553137e-02 5.108099108940263033e-02 4.378826204154413759e-02 3.689391770238299728e-02 3.039865080631469138e-02 2.429274248625759580e-02 1.858192853258477592e-02 1.327656520903889442e-02 8.395819079617774724e-03 3.961246429019393660e-03 0.000000000000000000e+00
6.241365989778014517e-02 5.989791880900609961e-02 5.840603320595330605e-02 5.721439325570373130e-02 5.596068882480487866e-02 5.470284552211712725e-02 5.345484140823977826e-02 5.212841984126891093e-02 5.071947388291696973e-02 4.921095150118072470e-02 4.755986922144698342e-02 4.576689260466421105e-02 4.387046602801891737e-02 4.182998188231506348e-02 3.963769866121399921e-02 3.738982332827155836e-02 3.508261151095574959e-02 3.275584833630269116e-02 3.042734684626740432e-02 2.811839881384489009e-02 2.587663130976574841e-02 2.369946211747729278e-02 2.162991435379529523e-02 1.967396453401653797e-02 1.780881385497870215e-02 1.605773602153286184e-02 1.443438972026452570e-02 1.291469662106107738e-02 1.146996501708898164e-02 1.016509655064793891e-02 8.989957561691568066e-03 7.888392541027779148e-03 6.877691704512837838e-03 5.948885267790687305e-03 5.111605947731684765e-03 4.333393913384287963e-03 3.627352664202630316e-03 3.028283154152421833e-03 2.415604625223046528e-03 2.088108528342639582e-03 6.676436793700385453e-02 6.433692752272690552e-02 6.365557636513587136e-02 6.335954026464873934e-02 6.280823649212696758e-02 6.215789101720419624e-02 6.144754858552180232e-02 6.055018299284579963e-02 5.945827166159620841e-02 5.814751717549430238e-02 5.656904988399506784e-02 5.464456004371006509e-02 5.250397698245248129e-02 5.006066670475461250e-02 4.734292260175457234e-02 4.443924069203285948e-02 4.142338943990021838e-02 3.834683691606869532e-02 3.524052458841388930e-02 3.218409447375752963e-02 2.920080729264623240e-02 2.630604449028544831e-02 2.358817292841686522e-02 2.103015610540748606e-02 1.869363489243357906e-02 1.647994773775934146e-02 1.442439540143399153e-02 1.255480418257687476e-02 1.079922325763752258e-02 9.293370446707626201e-03 7.892925369990710233e-03 6.605141746904252126e-03 5.460612926814762194e-03 4.443050694763972519e-03 3.542295858394756743e-03 2.730536641566572425e-03 2.007809644807969328e-03 1.363973812155871946e-03 7.962639974263026462e-04 3.999047306561220568e-04 5.639249201467112016e+01 2.121009251107529803e+00 1.113824797504243902e+00 7.703826583339637990e-01 5.981308235169408016e-01 4.953530325389902123e-01 4.271239819042610408e-01 3.782443644767286561e-01 3.414750083281223314e-01 3.126614560015303912e-01 2.891194056844098581e-01 2.691213981721913839e-01 2.515176550939012268e-01 2.355207580855996075e-01 2.205933813787668007e-01 2.063924345605880339e-01 1.927115103515304462e-01 1.794451610248441464e-01 1.665546269523623946e-01 1.540395789814771044e-01 1.419223253919764949e-01 1.302353508334591625e-01 1.190060047284472039e-01 1.082586233976785550e-01 9.800817409696287175e-02 8.826744731437087543e-02 7.903706484973060942e-02 7.030943191130951953e-02 6.207467633072305535e-02 5.431519057156923569e-02 4.701205945956596355e-02 4.014470386283603559e-02 3.369458077249235656e-02 2.765736556373696656e-02 2.201818234968072260e-02 1.677753611491175287e-02 1.194035901957669725e-02 7.520257271803876091e-03 3.533023774740084739e-03 0.000000000000000000e+00
6.030447401426101278e-02 5.840603320595330605e-02 5.770649252587423811e-02 5.667321344736001715e-02 5.584174413773536350e-02 5.497225421188749184e-02 5.407958653834345208e-02 5.308112756292591300e-02 5.197193795585207388e-02 5.073545734462953094e-02 4.932793433991600196e-02 4.775178069207382248e-02 4.604156298673537512e-02 4.415724774885371184e-02 4.208957272706506658e-02 3.993683350322978221e-02 3.769386520954488839e-02 3.540292245672790883e-02 3.308371031006868829e-02 3.075733915904165297e-02 2.847804762349209415e-02 2.624299211007067104e-02 2.409882353386084974e-02 2.205371220893093120e-02 2.008676409337674038e-02 1.822377863311383864e-02 1.647870425375428174e-02 1.483014130286642272e-02 1.326437167054366796e-02 1.182108606272415027e-02 1.050426540963868456e-02 9.261369731019522891e-03 8.108691954954063211e-03 7.037699637204562243e-03 6.062875095385997400e-03 5.144920231475734289e-03 4.302683681222918208e-03 3.564834524030408708e-03 2.832191855812128591e-03 2.381478147707932931e-03 6.450345397135853753e-02 6.262972246125302067e-02 6.302900862212562627e-02 6.259187701534994763e-02 6.250677243918516257e-02 6.230495269001155856e-02 6.201404300076487214e-02 6.151949722905664802e-02 6.080726523870400024e-02 5.985159831375602701e-02 5.859842069411459048e-02 5.696781658413895000e-02 5.508128095311848327e-02 5.285125274517837174e-02 5.030209863789739805e-02 4.752469339381548696e-02 4.458911263299866756e-02 4.155117992781808683e-02 3.844436120456033723e-02 3.535469493754106463e-02 3.230649958572980734e-02 2.932101152625161966e-02 2.649369338084575642e-02 2.380975915819820085e-02 2.133446681182632129e-02 1.897030479193898347e-02 1.675553514701261931e-02 1.471840224577045282e-02 1.280160467777027335e-02 1.111573090076845537e-02 9.540840870758040410e-03 8.075550634820301277e-03 6.752092235104117067e-03 5.554567105667557007e-03 4.470137298990953419e-03 3.477828881405176792e-03 2.575113661543982323e-03 1.750137576893759025e-03 1.002088513335988454e-03 4.221596216323357975e-04 5.397328758054106856e+01 2.050299904931068173e+00 1.084146859650314765e+00 7.533286885356229590e-01 5.864701785091558373e-01 4.861981578878840637e-01 4.190628965833859132e-01 3.705523416231305545e-01 3.338468118433259857e-01 3.049706929749518847e-01 2.813008401670181180e-01 2.611487982242574057e-01 2.433947173960710753e-01 2.272726674638304856e-01 2.122597324967629151e-01 1.980216103748885514e-01 1.843566307946940541e-01 1.711610350462380303e-01 1.583954575322392977e-01 1.460574351713544716e-01 1.341658402924573168e-01 1.227487722548602500e-01 1.118287703275675504e-01 1.014251060375933600e-01 9.154767836007625392e-02 8.220407518138418690e-02 7.339021311741354692e-02 6.509431277695339191e-02 5.730259370765992261e-02 4.999415407770801262e-02 4.314673075618591369e-02 3.673722957109178816e-02 3.074429809910105699e-02 2.516092834758592092e-02 1.996977297236768659e-02 1.516852748381004867e-02 1.075913231245108521e-02 6.752048711627302302e-03 3.159707934681199940e-03 0.000000000000000000e+00
5.862932316946488365e-02 5.721439325570373130e-02 5.667321344736001715e-02 5.633759266703904783e-02 5.588338348198956806e-02 5.537265643645751523e-02 5.481422292213344871e-02 5.412875952402802782e-02 5.330858923748914291e-02 5.233653418857676931e-02 5.116712451363038955e-02 4.980375982166807686e-02 4.827674732892728304e-02 4.654603426788127968e-02 4.460036509711759467e-02 4.254007652502271586e-02 4.035817678857701873e-02 3.809917102667702282e-02 3.578498718700470760e-02 3.343644636361595840e-02 3.111457454878072473e-02 2.881655405104850687e-02 2.659273760792703681e-02 2.445371234865388599e-02 2.238078608007886688e-02 2.040220577479077632e-02 1.853272568664221867e-02 1.675183495448901924e-02 1.506302747559650455e-02 1.348080140146688290e-02 1.202166463133014750e-02 1.063721709040899369e-02 9.342645449092818605e-03 8.129672964517538000e-03 7.017364032209415584e-03 5.959513279004888253e-03 4.980278241740360677e-03 4.102405305586176096e-03 3.246060048312401653e-03 2.667699236456023103e-03 6.275773580334566282e-02 6.127849886351705022e-02 6.150829120942825912e-02 6.209029933180058858e-02 6.241379556420322688e-02 6.262481539725953117e-02 6.272828120396477247e-02 6.261901054742131933e-02 6.227433511002766764e-02 6.166598066032413089e-02 6.073309924939863241e-02 5.939267110995909843e-02 5.775736161427653947e-02 5.573772661672560247e-02 5.335360733739145933e-02 5.069802747322689485e-02 4.783683971363881376e-02 4.482985934213952472e-02 4.171380570682456379e-02 3.858102199048794173e-02 3.545740471744688455e-02 3.237082955990644439e-02 2.942396251143186356e-02 2.660494497382950158e-02 2.398265484533591840e-02 2.146157597457406738e-02 1.908270551804516768e-02 1.687446071442457937e-02 1.479358896427486990e-02 1.292740353622987871e-02 1.117861634291582307e-02 9.536857006060588809e-03 8.036160226248704325e-03 6.660628716397343392e-03 5.394518161219235067e-03 4.222703849919961193e-03 3.140064591492225127e-03 2.132319739404468784e-03 1.199710768874001675e-03 4.287044956856666872e-04 5.109548666434042019e+01 1.961211431624157786e+00 1.044630294727666442e+00 7.296041257077319209e-01 5.698982580003514320e-01 4.732945775598800253e-01 4.080670796393960909e-01 3.605077379719097697e-01 3.243140097519960907e-01 2.957392632320826609e-01 2.722412343434613691e-01 2.521833017623255624e-01 2.344854230139923335e-01 2.184104294381495892e-01 2.034552723985954270e-01 1.892985297406654666e-01 1.757464925398008748e-01 1.626997434219319971e-01 1.501205779244383087e-01 1.380063843144349045e-01 1.263745450364607559e-01 1.152505997821732103e-01 1.046540648871701340e-01 9.460084060690190921e-02 8.509741217188637741e-02 7.614776508853655923e-02 6.774450016935230912e-02 5.987290964414354599e-02 5.251635383485363240e-02 4.565148135666593360e-02 3.925347764297345415e-02 3.329698411372365718e-02 2.775831283589404175e-02 2.262788450717858127e-02 1.788595896595091342e-02 1.352742088812908944e-02 9.551152650442804037e-03 5.964306535020016085e-03 2.775835653722560394e-03 0.000000000000000000e+00
5.691691434101716490e-02 5.596068882480487866e-02 5.584174413773536350e-02 5.588338348198956806e-02 5.580386557357418231e-02 5.565450334964148343e-02 5.543702911475895806e-02 5.507573169249612571e-02 5.455828252396142247e-02 5.386607339764835911e-02 5.295115024809469995e-02 5.181720222737042775e-02 5.049012537703135434e-02 4.892910288489128734e-02 4.712034752241420210e-02 4.516606501776194299e-02 4.305700166486536168e-02 4.083957412162655953e-02 3.853819542635932016e-02 3.617342241865049990e-02 3.381308487303184840e-02 3.145478488339188694e-02 2.915268219681182299e-02 2.692000378709945296e-02 2.474081275607381558e-02 2.264553602232687729e-02 2.065027897372906374e-02 1.873578444489068517e-02 1.692106815564168795e-02 1.519835578696001992e-02 1.359476573794164006e-02 1.206629438589568171e-02 1.062727152164289444e-02 9.269550119916928482e-03 8.016465009049867155e-03 6.815342970894927230e-03 5.695241442139950712e-03 4.673639658949756137e-03 3.687676249036982417e-03 2.976319820017894139e-03 6.094983112656712776e-02 5.986297931335661515e-02 6.049488602165339207e-02 6.144890146352412902e-02 6.217972476189947972e-02 6.280787648544973456e-02 6.331436205229291903e-02 6.360521935344676248e-02 6.364677314664794749e-02 6.340756344434976544e-02 6.281857620890697602e-02 6.179207460377528216e-02 6.043185969838536092e-02 5.864532512594766017e-02 5.644706587124166675e-02 5.393170420309433000e-02 5.116036820328793977e-02 4.819624109463281625e-02 4.507993154093294097e-02 4.190994351447752814e-02 3.871446723346888552e-02 3.552859512686667998e-02 3.246235331479799952e-02 2.950754343579635453e-02 2.673637157630936664e-02 2.405696324432754149e-02 2.151244597191965049e-02 1.913196549349643200e-02 1.688486262259680445e-02 1.483745801348339971e-02 1.291416569422564227e-02 1.109411635597497628e-02 9.414523196343536210e-03 7.858959109437773510e-03 6.408884090510246975e-03 5.054039148588393947e-03 3.787046630019974200e-03 2.590929636750961915e-03 1.466433547273601713e-03 4.954484211179801178e-04 4.816558772942301658e+01 1.867646343196243786e+00 1.002092005335306402e+00 7.035353404244687470e-01 5.514532222779876536e-01 4.588892057012131653e-01 3.958337004359833156e-01 3.493868453285965958e-01 3.138167005749823435e-01 2.856323672176752093e-01 2.623762553676846632e-01 2.424666403870796572e-01 2.248673391340778038e-01 2.088738178510995136e-01 1.940061204162631392e-01 1.799583035251148266e-01 1.665466178062881830e-01 1.536774104465837842e-01 1.413155149394190735e-01 1.294585619116503106e-01 1.181223643656519745e-01 1.073294861835207142e-01 9.709578884989214509e-02 8.743302799256506830e-02 7.834348045372405145e-02 6.982673477947608232e-02 6.187140292698196237e-02 5.445928295665882629e-02 4.757043628176125388e-02 4.117875925014192334e-02 3.525659288530249430e-02 2.977636078633994626e-02 2.471193060929317495e-02 2.005124657129350729e-02 1.577229967843673045e-02 1.186732066955114087e-02 8.332327082449329098e-03 5.171428342720173037e-03 2.390348205902816537e-03 0.000000000000000000e+00
5.524297307278048380e-02 5.470284552211712725e-02 5.497225421188749184e-02 5.537265643645751523e-02 5.565450334964148343e-02 5.586880833683699477e-02 5.598174172944350019e-02 5.595230875849549479e-02 5.574851234172475273e-02 5.534950682510145215e-02 5.470389264632103538e-02 5.381485076195302586e-02 5.270361382315536664e-02 5.132775811776291164e-02 4.967036545547991178e-02 4.783505383020190960e-02 4.580990336035711818e-02 4.364282298513464525e-02 4.136098907724054807e-02 3.898471685566815698e-02 3.658871050923849511e-02 3.417141035010443778e-02 3.179087050990942603e-02 2.946278362782122143e-02 2.717699251880164799e-02 2.496221815490930196e-02 2.283840371893156376e-02 2.078786133476966461e-02 1.884314682680292286e-02 1.697723279798058274e-02 1.522667637899447098e-02 1.355018158243800896e-02 1.196311435739396897e-02 1.045685431605827137e-02 9.058678542176538603e-03 7.709759109684889700e-03 6.443636803725173202e-03 5.273267029762546479e-03 4.149053335669662841e-03 3.295464042805845793e-03 5.918041193397244326e-02 5.844752864276698406e-02 5.944228894563874377e-02 6.074788847219710769e-02 6.186902740097962455e-02 6.292960149678492043e-02 6.380980932944878281e-02 6.451219503191300830e-02 6.495580341194728824e-02 6.510547204954376943e-02 6.488234381250412852e-02 6.419222150425450690e-02 6.312988369766063534e-02 6.159818713484894320e-02 5.960563891217583038e-02 5.724757635535016737e-02 5.457989244880908503e-02 5.166843026001860517e-02 4.855839101152747278e-02 4.535436348516840716e-02 4.208763375592587674e-02 3.880125623752809366e-02 3.561292021352586296e-02 3.252011223826711123e-02 2.959143177638232439e-02 2.675039536510604235e-02 2.403632795680288314e-02 2.148030603123623691e-02 1.906278809509785038e-02 1.683124466503946662e-02 1.473434511444593129e-02 1.273060839080459444e-02 1.086905994340560747e-02 9.130247204380850107e-03 7.492765135814488317e-03 5.950268712217680542e-03 4.493265281029232630e-03 3.101655026870535781e-03 1.775541667725231065e-03 5.912563656514898455e-04 4.512245887147078349e+01 1.768242380772099276e+00 9.560275785525693681e-01 6.748964106107474548e-01 5.310459559511512273e-01 4.429746104221545799e-01 3.824111231132051869e-01 3.372816558812586352e-01 3.024863867642116344e-01 2.748191026384450564e-01 2.519101317890503622e-01 2.322349706847610384e-01 2.148047751333994060e-01 1.989509892480228193e-01 1.842195292254206751e-01 1.703221111994577819e-01 1.570866257215973449e-01 1.444264468960664571e-01 1.323098700772182834e-01 1.207354148422837420e-01 1.097177694978360291e-01 9.927679817082470104e-02 8.942489283408909528e-02 8.016976883400962761e-02 7.150957808518731973e-02 6.343957691203822025e-02 5.594445543506263580e-02 4.900259788097312275e-02 4.259084597169220804e-02 3.668043381673443543e-02 3.124093252621240602e-02 2.624265125874987448e-02 2.165708406254754706e-02 1.746977250546973004e-02 1.365651756198713561e-02 1.020696078711279264e-02 7.114318915468439454e-03 4.379727394307897023e-03 2.005746306309984846e-03 0.000000000000000000e+00
5.361972146784987903e-02 5.345484140823977826e-02 5.407958653834345208e-02 5.481422292213344871e-02 5.543702911475895806e-02 5.598174172944350019e-02 5.645259325097239100e-02 5.675404026578999284e-02 5.687208471967619000e-02 5.677846994623748922e-02 5.641654870323081078e-02 5.578802418805467456e-02 5.490910131282342871e-02 5.373476124882822780e-02 5.224425545071290783e-02 5.054187205043765563e-02 4.861256759998974081e-02 4.650526285129429060e-02 4.425010673037389070e-02 4.186725757784714314e-02 3.943841726532094916e-02 3.696336111370488592e-02 3.450433008808121566e-02 3.208130250879418638e-02 2.968192450614113090e-02 2.734588010730188562e-02 2.509067071867887577e-02 2.290131777345711522e-02 2.082242574991515632e-02 1.881097156290419126e-02 1.690474343748812197e-02 1.508063481758740131e-02 1.334233298374602750e-02 1.168406576870557705e-02 1.013689655231502298e-02 8.636159472361987222e-03 7.219434151403678057e-03 5.894950497193263486e-03 4.626246817119248657e-03 3.620946100002533051e-03 5.746946234601171127e-02 5.705231433461725732e-02 5.837278102221266779e-02 5.999995869901349893e-02 6.148287338430095256e-02 6.290169122220172493e-02 6.422864385373648621e-02 6.534025603595000620e-02 6.619850056168559427e-02 6.675576552232773131e-02 6.692034345643599336e-02 6.658953226632791100e-02 6.584890231050691267e-02 6.459515472769840339e-02 6.282966284147006863e-02 6.064715198919676947e-02 5.809763775613862452e-02 5.524883784356610789e-02 5.215116930036575726e-02 4.891539601418570110e-02 4.557681320366163691e-02 4.218722110789891594e-02 3.887190855892937863e-02 3.563076064086214551e-02 3.255229278921328850e-02 2.954172143776836318e-02 2.665297088900036443e-02 2.391755832987736696e-02 2.132544011351540994e-02 1.890866091796567297e-02 1.661232879344634941e-02 1.443840149205546756e-02 1.239287364747351620e-02 1.046760918278564524e-02 8.638852686518332449e-03 6.903384955693412685e-03 5.249714257966065119e-03 3.653964843928045065e-03 2.114820661645680413e-03 7.004559169252939400e-04 4.186651052652899807e+01 1.659470674129582379e+00 9.046614828784970141e-01 6.424880072422139987e-01 5.077398296638649944e-01 4.247460507370064975e-01 3.670816777021285726e-01 3.235538108937154322e-01 2.897514726649436101e-01 2.627804418813656229e-01 2.403671213441452015e-01 2.210499101613791206e-01 2.038925542696169713e-01 1.882668826992015820e-01 1.737481597401907552e-01 1.600683811583554217e-01 1.470690228830608404e-01 1.346718931980714351e-01 1.228497572129958193e-01 1.116027276107561111e-01 1.009448670060879155e-01 9.089367513778238983e-02 8.145833916381897688e-02 7.264272732423607271e-02 6.444104939389358466e-02 5.684439738127013142e-02 4.983371974254618281e-02 4.338418586476726346e-02 3.746961622660985314e-02 3.205879128757986585e-02 2.711870321773875506e-02 2.261776396249616169e-02 1.852526243749440249e-02 1.482449151648663858e-02 1.148921769062725452e-02 8.506608165051087952e-03 5.867175477727751103e-03 3.569154851416656959e-03 1.611985759558264182e-03 0.000000000000000000e+00
5.194795716826711846e-02 5.212841984126891093e-02 5.308112756292591300e-02 5.412875952402802782e-02 5.507573169249612571e-02 5.595230875849549479e-02 5.675404026578999284e-02 5.739437641401328588e-02 5.784735122512359856e-02 5.807668773740963519e-02 5.801891712762680814e-02 5.767332512909883330e-02 5.705062245915162866e-02 5.610190613110525165e-02 5.480171259473536755e-02 5.325395731226694601e-02 5.143977857907708340e-02 4.940849587194012793e-02 4.719323208216896076e-02 4.481413483929694991e-02 4.235996370368982217e-02 3.983229111906883696e-02 3.729764668796914373e-02 3.477954088334776761e-02 3.227020944606778102e-02 2.981102784083486737e-02 2.742270361960448197e-02 2.509244992663356780e-02 2.287559778264366614e-02 2.071568899139079184e-02 1.865633347074004827e-02 1.667681879314576038e-02 1.478314564550921827e-02 1.296856516359444836e-02 1.126744544870004680e-02 9.609642064911567277e-03 8.036351808724865459e-03 6.552675289438182615e-03 5.127639637259870549e-03 3.958988179622277212e-03 5.570235347251147745e-02 5.557687861554744951e-02 5.719251131544697553e-02 5.911495741028512108e-02 6.093657923676848442e-02 6.272987768225110616e-02 6.444442693225406471e-02 6.597742661670118192e-02 6.726998177309601035e-02 6.826031518501463058e-02 6.884209168679283897e-02 6.890205046588677995e-02 6.851672119736224031e-02 6.757445220759099314e-02 6.606814434027516447e-02 6.408997387798451295e-02 6.168308822750800946e-02 5.891605098163022608e-02 5.584478885238725737e-02 5.258643970331040862e-02 4.918133160053281272e-02 4.569091109169894777e-02 4.224875302047552406e-02 3.886111912139954272e-02 3.561975037968872354e-02 3.243854593679545983e-02 2.937203811503441564e-02 2.645428120845929112e-02 2.368325246561427469e-02 2.107686066146390383e-02 1.860395843961438339e-02 1.623861307026169820e-02 1.400481507535144762e-02 1.188932243305555921e-02 9.865462450276977352e-03 7.932022321322158495e-03 6.075609078410966132e-03 4.268180381897295796e-03 2.504977030069472765e-03 8.448779678394397310e-04 3.855460966441964388e+01 1.547502508927636411e+00 8.512442571239318134e-01 6.085302166191937090e-01 4.832061575443074575e-01 4.055307693416591586e-01 3.509720408183711893e-01 3.092308945250475949e-01 2.765669912953517828e-01 2.503983658930088452e-01 2.285595506841721081e-01 2.096603750387223408e-01 1.928223675161623851e-01 1.774613123700014283e-01 1.631844607754084076e-01 1.497460215288265728e-01 1.370024539806918018e-01 1.248849705668339249e-01 1.133714710289573796e-01 1.024640959741019847e-01 9.217656949138469669e-02 8.252419514192291250e-02 7.351307730739634061e-02 6.514330841501066172e-02 5.740521681788219449e-02 5.028577644116718343e-02 4.376224940623037185e-02 3.780666112589722849e-02 3.238988028872856473e-02 2.747831322294116280e-02 2.303644175105101083e-02 1.903087834804309889e-02 1.542876287369694850e-02 1.221119105631453261e-02 9.349953694446683575e-03 6.829773432115149139e-03 4.638482450281572640e-03 2.771429798960432268e-03 1.224931926698145804e-03 0.000000000000000000e+00
5.022343450941535448e-02 5.071947388291696973e-02 5.197193795585207388e-02 5.330858923748914291e-02 5.455828252396142247e-02 5.574851234172475273e-02 5.687208471967619000e-02 5.784735122512359856e-02 5.864032419909932792e-02 5.920557767752192974e-02 5.947050261139984889e-02 5.943047487637349857e-02 5.908946736109559755e-02 5.839274066704751298e-02 5.730907969951438974e-02 5.594070805028304033e-02 5.426393182318668684e-02 5.232770768205110418e-02 5.016796825544024563e-02 4.780504773922038958e-02 4.533483432087974385e-02 4.276120761221838262e-02 4.015524240735383193e-02 3.754449455096453558e-02 3.492574119105004704e-02 3.234308803694071338e-02 2.982089806230901058e-02 2.734833538950923182e-02 2.499060372384178524e-02 2.268066853596074559e-02 2.046417480832673358e-02 1.832751439819235370e-02 1.627548905122601711e-02 1.430124933549791096e-02 1.244215355229238117e-02 1.062302167684854234e-02 8.888162996333786106e-03 7.239910085325779003e-03 5.650285381081227888e-03 4.307522321988049331e-03 5.387702568902034972e-02 5.401849914684726806e-02 5.589825252544429468e-02 5.808659007500093646e-02 6.021749282565654754e-02 6.235764400735236551e-02 6.444616117659154875e-02 6.639416998370309408e-02 6.812805979330542605e-02 6.956961421856830419e-02 7.059610508018825115e-02 7.107902020039200131e-02 7.108589887956558162e-02 7.049298444498350302e-02 6.928308811035972792e-02 6.754322308204474545e-02 6.530818354975548301e-02 6.264604678429215590e-02 5.961827919857368846e-02 5.634872174181383003e-02 5.288386146103358360e-02 4.929571016391183502e-02 4.572667872722476629e-02 4.219011482127182217e-02 3.878348952036523439e-02 3.542813766586123958e-02 3.218026164210174844e-02 2.907720270145272914e-02 2.612354083344289521e-02 2.332603283625866650e-02 2.066817129038810152e-02 1.811381182149086194e-02 1.568984869395725901e-02 1.338168064420777216e-02 1.115991989535473905e-02 9.024308701260480223e-03 6.959759585523059115e-03 4.933459148450028593e-03 2.935972491477427566e-03 1.014497317679919535e-03 3.518873690409738941e+01 1.432472172733620930e+00 7.958175244909315715e-01 5.730040153708014783e-01 4.573770350445323651e-01 3.852321542904316165e-01 3.340030789888203677e-01 2.942909364337584210e-01 2.629563995142391586e-01 2.377171153089936984e-01 2.165393112760621019e-01 1.981202752863381045e-01 1.816475468800859416e-01 1.665857186417799285e-01 1.525773050506711859e-01 1.394010015281365866e-01 1.269298267149508441e-01 1.151054447853618462e-01 1.039115829578112771e-01 9.335284965937441781e-02 8.344291824939967239e-02 7.419507129838909254e-02 6.561247209999510055e-02 5.769153635497205335e-02 5.041880688107414771e-02 4.377722428887727280e-02 3.774046341906955176e-02 3.227752219070854217e-02 2.735643400134449288e-02 2.294135432010368028e-02 1.899437127879977788e-02 1.548043451438934834e-02 1.236463042544958327e-02 9.625936541978604225e-03 7.234255771695802945e-03 5.171914508501608554e-03 3.424104354852353527e-03 1.983309003369605750e-03 8.427221737760846269e-04 0.000000000000000000e+00
4.842686218545300125e-02 4.921095150118072470e-02 5.073545734462953094e-02 5.233653418857676931e-02 5.386607339764835911e-02 5.534950682510145215e-02 5.677846994623748922e-02 5.807668773740963519e-02 5.920557767752192974e-02 6.011409140455427347e-02 6.071512860943625856e-02 6.100410578526783978e-02 6.097304088246736226e-02 6.055801339170463482e-02 5.972109585146343630e-02 5.856137258460640538e-02 5.704879724941067098e-02 5.523098345193195452e-02 5.314632507171017373e-02 5.081552688998564049e-02 4.834165386661353619e-02 4.573139164440756521e-02 4.306064577019541595e-02 4.036146663816390229e-02 3.763575318121797908e-02 3.493028469898867838e-02 3.227491682489196795e-02 2.965969090461655772e-02 2.715911701680669491e-02 2.469848147707352781e-02 2.232298925851941909e-02 2.002743874725929421e-02 1.781491271098116849e-02 1.567853304922641258e-02 1.365826177271718157e-02 1.167440598627328754e-02 9.773829425255224634e-03 7.956631321669285425e-03 6.194700800887639226e-03 4.668041905018867517e-03 5.197162435538267566e-02 5.235803659032907398e-02 5.447172028372333774e-02 5.689627961134767486e-02 5.930571212198183784e-02 6.176264106719617231e-02 6.420008351566167115e-02 6.654364430408679643e-02 6.871015445090283835e-02 7.061080011260770228e-02 7.210473384669553731e-02 7.304225730304249320e-02 7.348352399596118356e-02 7.328420018015534276e-02 7.241544733174663795e-02 7.095584247154138047e-02 6.892962254451248660e-02 6.640254680240764706e-02 6.344133349819849887e-02 6.017687703122364534e-02 5.666301077428224225e-02 5.298327503676512895e-02 4.928964743960166650e-02 4.560364571999273031e-02 4.202971156059457508e-02 3.849814345786319036e-02 3.506577589008320200e-02 3.177504397583329893e-02 2.863552869813917184e-02 2.564570486351259657e-02 2.280064117140798152e-02 2.005658046765063096e-02 1.744120052715369962e-02 1.493880634806838900e-02 1.251744621477417219e-02 1.017653565669433130e-02 7.899628785633357533e-03 5.648522534806921409e-03 3.407745087185235378e-03 1.210589619805158782e-03 3.180739604298042522e+01 1.315867383046539052e+00 7.391227422637919320e-01 5.363670004738388952e-01 4.305475260009431482e-01 3.640483377762897543e-01 3.163489600379211786e-01 2.789406279667424049e-01 2.491533649629252001e-01 2.249748752121186191e-01 2.045379969586365032e-01 1.866508498383043779e-01 1.705778466609824129e-01 1.558381183901020595e-01 1.421130402868175657e-01 1.292081976408425148e-01 1.170147925343906631e-01 1.054859959345086085e-01 9.461204894051959691e-02 8.440045772090148946e-02 7.486512749617403595e-02 6.601750251819527016e-02 5.785796622500193748e-02 5.037938557026064995e-02 4.356464753774245274e-02 3.739277898450384802e-02 3.183400201665919499e-02 2.685443483533688294e-02 2.241942077857232707e-02 1.849100804725511624e-02 1.502903098175669555e-02 1.199691785256652536e-02 9.357808832105740660e-03 7.088638745914209276e-03 5.157507968899501839e-03 3.544385741047682142e-03 2.231854981277623089e-03 1.209540950554496711e-03 4.675041871713411313e-04 0.000000000000000000e+00
4.651428462697314303e-02 4.755986922144698342e-02 4.932793433991600196e-02 5.116712451363038955e-02 5.295115024809469995e-02 5.470389264632103538e-02 5.641654870323081078e-02 5.801891712762680814e-02 5.947050261139984889e-02 6.071512860943625856e-02 6.172948454088516418e-02 6.230660580894502310e-02 6.261413021699106796e-02 6.251125104740797023e-02 6.195348380324462723e-02 6.103541962064147619e-02 5.971821235858752047e-02 5.804679737167275227e-02 5.606138134606174911e-02 5.378306103084973255e-02 5.132198196083408159e-02 4.868802011759423148e-02 4.596217011523462403e-02 4.318139516499452241e-02 4.035353882036604029e-02 3.752537228379459328e-02 3.474079303913979455e-02 3.198360847778574517e-02 2.933887514593087192e-02 2.672912014455094618e-02 2.419272094584203406e-02 2.173676748798954173e-02 1.936185353995576591e-02 1.706103482422074644e-02 1.487639412912287670e-02 1.272444656870578249e-02 1.065391562453027637e-02 8.663167349089612515e-03 6.721310639354941691e-03 5.001544498822538959e-03 4.993773043711029896e-02 5.054844432628879253e-02 5.286512052670239853e-02 5.549444988977821763e-02 5.814893317022739455e-02 6.088848673593069000e-02 6.364285600830663081e-02 6.635319338808345901e-02 6.893113827911941105e-02 7.128232999134419268e-02 7.329948670462364813e-02 7.466582591950547687e-02 7.558976821371035659e-02 7.583241259192421979e-02 7.535565740766063392e-02 7.422612108366470618e-02 7.245427663816207675e-02 7.010094809466467514e-02 6.723729665518453358e-02 6.400136694599357912e-02 6.045538112033148337e-02 5.669521916795285804e-02 5.288321831433317327e-02 4.905021304998648940e-02 4.530872486451640452e-02 4.160283801273497589e-02 3.798219797399315922e-02 3.450196281056779751e-02 3.117383471806671122e-02 2.799097463249607468e-02 2.495709156164526224e-02 2.202248256481880231e-02 1.921462333374800505e-02 1.651664631420855789e-02 1.389439505704312405e-02 1.134523301974147726e-02 8.852059549653729445e-03 6.370604625966403908e-03 3.878253423252334565e-03 1.392758033102084892e-03 2.859077609739173909e+01 1.204650334543416745e+00 6.848068218430976017e-01 5.011178701219617393e-01 4.046275317383409842e-01 3.435313119479947996e-01 2.993286566871682375e-01 2.643412815700753593e-01 2.362017143070589409e-01 2.131211043120579685e-01 1.934269792397057819e-01 1.760571294625537242e-01 1.603602862196972234e-01 1.459134326154535310e-01 1.324387671776795783e-01 1.197700977551155593e-01 1.078177441646444717e-01 9.654700641705753206e-02 8.595506194658550370e-02 7.605258998156441685e-02 6.685392226303053798e-02 5.836880905528964852e-02 5.059499524779307450e-02 4.352192117072430783e-02 3.712893907699133661e-02 3.139126829845176325e-02 2.627578691810652026e-02 2.174584082762352419e-02 1.776417838205502503e-02 1.429081989121615791e-02 1.128342353046886924e-02 8.703947342774987286e-03 6.513615443342228757e-03 4.687306008495349847e-03 3.191309761333447920e-03 2.003187944085352019e-03 1.102859438095470579e-03 4.770108166316373551e-04 1.124790181516431575e-04 0.000000000000000000e+00
4.448617357923087545e-02 4.576689260466421105e-02 4.775178069207382248e-02 4.980375982166807686e-02 5.181720222737042775e-02 5.381485076195302586e-02 5.578802418805467456e-02 5.767332512909883330e-02 5.943047487637349857e-02 6.100410578526783978e-02 6.230660580894502310e-02 6.335436216330972425e-02 6.397895479454436540e-02 6.421199768422571064e-02 6.396328012667130969e-02 6.332056012766153208e-02 6.223171591025269261e-02 6.073725357639035705e-02 5.887821200123066756e-02 5.667582812653796515e-02 5.424705980034760788e-02 5.160518370101651459e-02 4.883643980871959361e-02 4.598283559405125231e-02 4.305753440570424251e-02 4.014166742079482847e-02 3.721142755461214618e-02 3.431497984631853848e-02 3.153016635293175163e-02 2.876579563356936389e-02 2.607512107170743137e-02 2.346213766736336345e-02 2.092783504675406470e-02 1.846543906235675880e-02 1.611856513893167309e-02 1.380112064613044261e-02 1.156270601238472417e-02 9.400555940045799558e-03 7.278662328376860405e-03 5.364385418988858525e-03 4.778165014196992383e-02 4.859435104294251156e-02 5.108568595758972153e-02 5.389035493074210981e-02 5.675770017945622886e-02 5.974578763445156926e-02 6.278285250867836342e-02 6.582604229137530016e-02 6.878377743221772422e-02 7.155976469370649296e-02 7.399087959690545113e-02 7.602559704343528346e-02 7.737970597366185255e-02 7.809917694081262851e-02 7.806130018972694262e-02 7.731259538634624451e-02 7.584385060246127963e-02 7.370700372752964080e-02 7.097611076028034760e-02 6.779596274697251290e-02 6.423793557892115702e-02 6.041092474832297776e-02 5.648858055632041686e-02 5.251263782747599140e-02 4.860683729288531318e-02 4.469322798221966181e-02 4.090621354428577300e-02 3.723731239021271788e-02 3.372057458578794215e-02 3.034503283193372425e-02 2.712434017851458185e-02 2.400208393739720544e-02 2.100526811349088738e-02 1.811570247009212584e-02 1.529791686748799631e-02 1.254441245853199667e-02 9.839078555003771473e-03 7.130831130307513713e-03 4.388815844021493225e-03 1.613370082932656007e-03 2.563023698352568047e+01 1.102519067832801625e+00 6.348614833355208376e-01 4.686704469848411159e-01 3.807495764627905621e-01 3.246407064458354808e-01 2.837424130971409331e-01 2.511272589000504429e-01 2.246136104736570771e-01 2.025961525007068387e-01 1.836036354420677030e-01 1.667079678056282155e-01 1.513426112202259644e-01 1.371421377194197710e-01 1.238695552655618287e-01 1.113871020590036093e-01 9.962451993619581003e-02 8.855954268720110656e-02 7.819658210336133397e-02 6.854975918436952143e-02 5.963408815870401003e-02 5.145787701306239054e-02 4.401649834572500530e-02 3.729622280087821484e-02 3.127312176399407034e-02 2.591883733807576889e-02 2.119712290054995632e-02 1.706875045518560161e-02 1.349404400048090542e-02 1.043113188654222825e-02 7.835626425508526033e-03 5.668076605924419337e-03 3.887841796856585010e-03 2.467722200488124684e-03 1.372180957507476056e-03 5.762939831650871775e-04 5.722568379063383798e-05 -2.014094624247394463e-04 -2.161538966954052539e-04 0.000000000000000000e+00
4.238129851795134628e-02 4.387046602801891737e-02 4.604156298673537512e-02 4.827674732892728304e-02 5.049012537703135434e-02 5.270361382315536664e-02 5.490910131282342871e-02 5.705062245915162866e-02 5.908946736109559755e-02 6.097304088246736226e-02 6.261413021699106796e-02 6.397895479454436540e-02 6.498805979857463777e-02 6.558456503191491260e-02 6.567182497354155657e-02 6.533944251243337109e-02 6.451426082207081802e-02 6.323097684691424136e-02 6.153021038150115890e-02 5.943257340799229516e-02 5.706129192874417888e-02 5.443293915898706620e-02 5.163914093191700194e-02 4.872747624550162471e-02 4.571932031708789146e-02 4.268384830441915995e-02 3.964412970691457566e-02 3.661678012389332076e-02 3.369262829314387253e-02 3.078662506842656105e-02 2.794286861021916257e-02 2.517608210483092412e-02 2.248538913092246183e-02 1.986403965653426446e-02 1.735588746864618476e-02 1.487465640641013123e-02 1.246866485270687816e-02 1.013465322977866352e-02 7.829426506154790397e-03 5.715121445505570025e-03 4.553935955468078889e-02 4.653577708037623384e-02 4.917009895636709899e-02 5.211640453819074009e-02 5.515983659994655453e-02 5.835742641597136543e-02 6.163733776056520841e-02 6.497350758518029290e-02 6.827395379311236578e-02 7.144618721502768444e-02 7.433492835343911975e-02 7.678894847164090265e-02 7.870054782754780376e-02 7.994415382433311956e-02 8.039308346590669230e-02 8.008092480353577736e-02 7.897149145054831176e-02 7.710344962061171925e-02 7.455153824261616380e-02 7.146595161913231464e-02 6.792711922574770633e-02 6.405701035649069564e-02 6.004094770412813503e-02 5.593228731192766839e-02 5.186516740802817049e-02 4.779390685228716851e-02 4.381171951348884069e-02 3.995499041618585934e-02 3.624751196154841343e-02 3.268423980883922164e-02 2.927922556951930225e-02 2.597279311002082328e-02 2.279063170819434561e-02 1.971285649377477189e-02 1.670514668208176318e-02 1.374840755389834454e-02 1.083204823078219928e-02 7.896449499507404018e-03 4.901183775356235742e-03 1.827311793471545496e-03 2.274395828486986915e+01 1.002343249600293307e+00 5.855451562707043589e-01 4.364629561462095575e-01 3.569663913586801351e-01 3.058020766417006153e-01 2.682248811059700366e-01 2.380344477695520433e-01 2.132087859038193367e-01 1.923147030104768174e-01 1.740794394543670465e-01 1.577068328859411450e-01 1.427135781307928564e-01 1.287914030006619692e-01 1.157443988436609728e-01 1.034638172483643148e-01 9.189950232129459606e-02 8.104229222787867615e-02 7.090448922785394514e-02 6.150427588256777989e-02 5.285794988146251538e-02 4.497297196892836857e-02 3.784296140163678074e-02 3.145162853574069717e-02 2.577237593286579517e-02 2.077385362179272332e-02 1.641725920958315987e-02 1.266132272980950886e-02 9.464428725623651867e-03 6.783240063928236245e-03 4.571726417447629330e-03 2.789309015996110919e-03 1.393751916509184232e-03 3.559187834278816935e-04 -3.614106714706927931e-04 -7.855892925187877868e-04 -9.421775730955086461e-04 -8.506602032832758908e-04 -5.309985753715111513e-04 0.000000000000000000e+00
