6.575416600503893039e-02 6.241365989778014517e-02 6.030447401426101278e-02 5.862932316946488365e-02 5.691691434101716490e-02 5.524297307278048380e-02 5.361972146784987903e-02 5.194795716826711846e-02 5.022343450941535448e-02 4.842686218545300125e-02 4.651428462697314303e-02 4.448617357923087545e-02 4.238129851795134628e-02 4.015984195701021581e-02 3.781456765755900756e-02 3.544140098639484565e-02 3.303486128206771510e-02 3.064481690172172340e-02 2.826956541584815102e-02 2.594022052292762476e-02 2.369958720915521511e-02 2.154415242443617415e-02 1.951427762322305651e-02 1.761438062717107789e-02 1.581919208093195139e-02 1.415000376016046536e-02 1.261747522024805543e-02 1.121015065822744509e-02 9.861645047321997495e-03 8.672591778567528484e-03 7.618676984296297687e-03 6.641185959959250082e-03 5.756975916063210644e-03 4.956450238483777262e-03 4.246773079796451258e-03 3.596698304044697574e-03 3.018490022791097543e-03 2.551979252073576648e-03 2.052755511532020159e-03 1.849420305716935331e-03 7.041513322339629233e-02 6.718848016803860568e-02 6.589275282018487723e-02 6.512719115027197636e-02 6.408251606857635896e-02 6.296578542229541720e-02 6.182797775291428571e-02 6.052143179904436593e-02 5.904439388344213946e-02 5.737164269193728572e-02 5.545696454606773712e-02 5.322496395754565401e-02 5.080892531024407827e-02 4.812543313105048515e-02 4.520529716555166805e-02 4.213730075192336638e-02 3.899330419024445854e-02 3.584351298427467664e-02 3.268385646760137153e-02 2.960954643035563702e-02 2.663854721663823019e-02 2.378294253867721877e-02 2.112542771415834922e-02 1.864705708182066990e-02 1.640638436103705744e-02 1.430124601715754805e-02 1.236493129841026266e-02 1.062616514034273388e-02 9.023567173679906961e-03 7.658188501720204246e-03 6.404540123001072234e-03 5.274081722060956941e-03 4.290893583786372159e-03 3.439304560271879904e-03 2.710247984614791439e-03 2.069220050084785364e-03 1.520022793148774302e-03 1.052932257693862473e-03 6.635668481614765812e-04 4.538599407660371537e-04 3.130129389693217198e-04 -1.822837432841133923e-03 -4.408533853036187763e-03 -2.823458434290971285e-03 -5.761125009420908251e-03 2.018091958098275265e-03 5.073782939522779659e-03 2.148285115509241706e-03 1.392998013688352167e-02 9.680783031940407013e-03 -3.749040465133357536e-03 2.473520477870669136e-03 5.532456805628409302e-03 1.219920253062004890e-02 -7.906536205904457146e-03 -3.619307018408349057e-04 1.570439792458465378e-02 -1.821109640927599804e-02 -6.146995908816397722e-03 -6.511242034178105209e-02 5.889350416058711235e-02 1.194586992612496797e-02 -2.990093072430445413e-03 1.074881277795529388e-02 -8.327897100031986938e-03 -6.256890158168576521e-03 8.942079504623614292e-04 -1.924222431363020345e-03 -6.981449715329410537e-04 -4.748659927544860273e-04 -1.632263135845463684e-03 -1.153724104370514036e-03 6.116518450105437989e-04 -8.241998492089083403e-03 2.815223142400388625e-04 2.454445045016109307e-03 -1.846557406546240655e-03 2.465460473870442759e-02 -1.248819082784129869e-01 4.833725593086812822e-02
6.241365989778014517e-02 5.989791880900609961e-02 5.840603320595330605e-02 5.721439325570373130e-02 5.596068882480487866e-02 5.470284552211712725e-02 5.345484140823977826e-02 5.212841984126891093e-02 5.071947388291696973e-02 4.921095150118072470e-02 4.755986922144698342e-02 4.576689260466421105e-02 4.387046602801891737e-02 4.182998188231506348e-02 3.963769866121399921e-02 3.738982332827155836e-02 3.508261151095574959e-02 3.275584833630269116e-02 3.042734684626740432e-02 2.811839881384489009e-02 2.587663130976574841e-02 2.369946211747729278e-02 2.162991435379529523e-02 1.967396453401653797e-02 1.780881385497870215e-02 1.605773602153286184e-02 1.443438972026452570e-02 1.291469662106107738e-02 1.146996501708898164e-02 1.016509655064793891e-02 8.989957561691568066e-03 7.888392541027779148e-03 6.877691704512837838e-03 5.948885267790687305e-03 5.111605947731684765e-03 4.333393913384287963e-03 3.627352664202630316e-03 3.028283154152421833e-03 2.415604625223046528e-03 2.088108528342639582e-03 6.676436793700385453e-02 6.433692752272690552e-02 6.365557636513587136e-02 6.335954026464873934e-02 6.280823649212696758e-02 6.215789101720419624e-02 6.144754858552180232e-02 6.055018299284579963e-02 5.945827166159620841e-02 5.814751717549430238e-02 5.656904988399506784e-02 5.464456004371006509e-02 5.250397698245248129e-02 5.006066670475461250e-02 4.734292260175457234e-02 4.443924069203285948e-02 4.142338943990021838e-02 3.834683691606869532e-02 3.524052458841388930e-02 3.218409447375752963e-02 2.920080729264623240e-02 2.630604449028544831e-02 2.358817292841686522e-02 2.103015610540748606e-02 1.869363489243357906e-02 1.647994773775934146e-02 1.442439540143399153e-02 1.255480418257687476e-02 1.079922325763752258e-02 9.293370446707626201e-03 7.892925369990710233e-03 6.605141746904252126e-03 5.460612926814762194e-03 4.443050694763972519e-03 3.542295858394756743e-03 2.730536641566572425e-03 2.007809644807969328e-03 1.363973812155871946e-03 7.962639974263026462e-04 3.999047306561220568e-04 3.079871908921480265e-04 -1.893864060875491374e-03 -4.301313939089826920e-03 -2.903704725849284764e-03 -5.430044149956362622e-03 1.548296957836965346e-03 4.752889646321340790e-03 1.484864401353910845e-03 1.434766604947282885e-02 9.876170940780843940e-03 -3.375045075577883056e-03 2.786649249844968482e-03 4.801718428612712988e-03 4.531383524186390413e-03 -7.241820958269824110e-03 1.243498309276506964e-03 1.379590322722191315e-02 -1.704625854656790021e-02 -4.769745585231195684e-02 -5.513088306846079117e-02 5.092135536956570591e-02 1.213838858955447117e-02 -1.020372577802775103e-03 1.199927650409106199e-02 -6.318796362733409069e-03 -5.174909455523804547e-03 2.295796324102524887e-03 -1.063450906331606625e-03 4.504056453020992127e-04 5.054060149427464952e-04 -6.739684999485469124e-04 -3.546232650421573119e-04 1.112478841422983450e-03 -7.858314065333289050e-03 7.363494380426228655e-04 3.335779510115116035e-03 -1.376647647797923533e-03 2.477248205215284646e-02 -1.207972090729592385e-01 4.291446301267475699e-02
6.030447401426101278e-02 5.840603320595330605e-02 5.770649252587423811e-02 5.667321344736001715e-02 5.584174413773536350e-02 5.497225421188749184e-02 5.407958653834345208e-02 5.308112756292591300e-02 5.197193795585207388e-02 5.073545734462953094e-02 4.932793433991600196e-02 4.775178069207382248e-02 4.604156298673537512e-02 4.415724774885371184e-02 4.208957272706506658e-02 3.993683350322978221e-02 3.769386520954488839e-02 3.540292245672790883e-02 3.308371031006868829e-02 3.075733915904165297e-02 2.847804762349209415e-02 2.624299211007067104e-02 2.409882353386084974e-02 2.205371220893093120e-02 2.008676409337674038e-02 1.822377863311383864e-02 1.647870425375428174e-02 1.483014130286642272e-02 1.326437167054366796e-02 1.182108606272415027e-02 1.050426540963868456e-02 9.261369731019522891e-03 8.108691954954063211e-03 7.037699637204562243e-03 6.062875095385997400e-03 5.144920231475734289e-03 4.302683681222918208e-03 3.564834524030408708e-03 2.832191855812128591e-03 2.381478147707932931e-03 6.450345397135853753e-02 6.262972246125302067e-02 6.302900862212562627e-02 6.259187701534994763e-02 6.250677243918516257e-02 6.230495269001155856e-02 6.201404300076487214e-02 6.151949722905664802e-02 6.080726523870400024e-02 5.985159831375602701e-02 5.859842069411459048e-02 5.696781658413895000e-02 5.508128095311848327e-02 5.285125274517837174e-02 5.030209863789739805e-02 4.752469339381548696e-02 4.458911263299866756e-02 4.155117992781808683e-02 3.844436120456033723e-02 3.535469493754106463e-02 3.230649958572980734e-02 2.932101152625161966e-02 2.649369338084575642e-02 2.380975915819820085e-02 2.133446681182632129e-02 1.897030479193898347e-02 1.675553514701261931e-02 1.471840224577045282e-02 1.280160467777027335e-02 1.111573090076845537e-02 9.540840870758040410e-03 8.075550634820301277e-03 6.752092235104117067e-03 5.554567105667557007e-03 4.470137298990953419e-03 3.477828881405176792e-03 2.575113661543982323e-03 1.750137576893759025e-03 1.002088513335988454e-03 4.221596216323357975e-04 2.794833864346782772e-04 -1.968412819797776218e-03 -4.401094258247389979e-03 -3.006975499302706658e-03 -5.410416600167298161e-03 1.117924965597829950e-03 4.534346427013729794e-03 9.282493078314234605e-04 1.459641191064411057e-02 1.044918407185489208e-02 -3.131033245762276061e-03 3.476460674597843525e-03 4.140024766280172089e-03 5.800311468400126680e-03 -6.653271312816649852e-03 2.570101764416316253e-03 1.055882032735885184e-02 -1.522194226006605422e-02 -4.011306627303472261e-02 -4.342946016694151229e-02 4.645009167961168528e-02 1.405570924077698819e-02 -7.561269331244623330e-04 1.232864299131243395e-02 -4.877426811915152975e-03 -4.333280843700658934e-03 3.185979898106914166e-03 -4.357654892102303897e-04 1.221337074591959636e-03 1.104403201045960591e-03 -1.508029279263991683e-04 1.400287744143288552e-04 1.171345146965357921e-03 -7.880712978544831757e-03 7.400736306485440749e-04 3.799036282812044175e-03 -1.375452800916596814e-03 2.483610185260274120e-02 -1.198466597671268147e-01 3.821188343373724261e-02
5.862932316946488365e-02 5.721439325570373130e-02 5.667321344736001715e-02 5.633759266703904783e-02 5.588338348198956806e-02 5.537265643645751523e-02 5.481422292213344871e-02 5.412875952402802782e-02 5.330858923748914291e-02 5.233653418857676931e-02 5.116712451363038955e-02 4.980375982166807686e-02 4.827674732892728304e-02 4.654603426788127968e-02 4.460036509711759467e-02 4.254007652502271586e-02 4.035817678857701873e-02 3.809917102667702282e-02 3.578498718700470760e-02 3.343644636361595840e-02 3.111457454878072473e-02 2.881655405104850687e-02 2.659273760792703681e-02 2.445371234865388599e-02 2.238078608007886688e-02 2.040220577479077632e-02 1.853272568664221867e-02 1.675183495448901924e-02 1.506302747559650455e-02 1.348080140146688290e-02 1.202166463133014750e-02 1.063721709040899369e-02 9.342645449092818605e-03 8.129672964517538000e-03 7.017364032209415584e-03 5.959513279004888253e-03 4.980278241740360677e-03 4.102405305586176096e-03 3.246060048312401653e-03 2.667699236456023103e-03 6.275773580334566282e-02 6.127849886351705022e-02 6.150829120942825912e-02 6.209029933180058858e-02 6.241379556420322688e-02 6.262481539725953117e-02 6.272828120396477247e-02 6.261901054742131933e-02 6.227433511002766764e-02 6.166598066032413089e-02 6.073309924939863241e-02 5.939267110995909843e-02 5.775736161427653947e-02 5.573772661672560247e-02 5.335360733739145933e-02 5.069802747322689485e-02 4.783683971363881376e-02 4.482985934213952472e-02 4.171380570682456379e-02 3.858102199048794173e-02 3.545740471744688455e-02 3.237082955990644439e-02 2.942396251143186356e-02 2.660494497382950158e-02 2.398265484533591840e-02 2.146157597457406738e-02 1.908270551804516768e-02 1.687446071442457937e-02 1.479358896427486990e-02 1.292740353622987871e-02 1.117861634291582307e-02 9.536857006060588809e-03 8.036160226248704325e-03 6.660628716397343392e-03 5.394518161219235067e-03 4.222703849919961193e-03 3.140064591492225127e-03 2.132319739404468784e-03 1.199710768874001675e-03 4.287044956856666872e-04 2.597149151501195580e-04 -2.043234780117629025e-03 -4.462333969564288849e-03 -3.119985817721793522e-03 -5.439103516609516270e-03 6.430570648859919173e-04 4.275330502008205767e-03 3.587931835360640511e-04 1.474769066028197573e-02 1.095453366945617173e-02 -2.984631071282332643e-03 4.113095371984583533e-03 3.434898550870841595e-03 6.861260382710257684e-03 -6.135154040950302479e-03 3.678729180466635499e-03 6.344350906724805818e-03 -1.353819143019630022e-02 -3.871474968757540602e-02 -3.248769094104354827e-02 4.233607235623410708e-02 1.417507786051327642e-02 1.339911547611736826e-03 1.295100761023428373e-02 -3.178705845646159420e-03 -3.188717667201514724e-03 4.347161387214298379e-03 4.807949074968340727e-04 2.286209618385954840e-03 2.005704657230119800e-03 6.719805505233487778e-04 9.291731312691480470e-04 1.485400836851972052e-03 -7.646023043009411192e-03 9.811236334379836842e-04 4.436958666126798213e-03 -1.233930739022509040e-03 2.495333107953000978e-02 -1.188382303689184405e-01 3.336257833977771675e-02
5.691691434101716490e-02 5.596068882480487866e-02 5.584174413773536350e-02 5.588338348198956806e-02 5.580386557357418231e-02 5.565450334964148343e-02 5.543702911475895806e-02 5.507573169249612571e-02 5.455828252396142247e-02 5.386607339764835911e-02 5.295115024809469995e-02 5.181720222737042775e-02 5.049012537703135434e-02 4.892910288489128734e-02 4.712034752241420210e-02 4.516606501776194299e-02 4.305700166486536168e-02 4.083957412162655953e-02 3.853819542635932016e-02 3.617342241865049990e-02 3.381308487303184840e-02 3.145478488339188694e-02 2.915268219681182299e-02 2.692000378709945296e-02 2.474081275607381558e-02 2.264553602232687729e-02 2.065027897372906374e-02 1.873578444489068517e-02 1.692106815564168795e-02 1.519835578696001992e-02 1.359476573794164006e-02 1.206629438589568171e-02 1.062727152164289444e-02 9.269550119916928482e-03 8.016465009049867155e-03 6.815342970894927230e-03 5.695241442139950712e-03 4.673639658949756137e-03 3.687676249036982417e-03 2.976319820017894139e-03 6.094983112656712776e-02 5.986297931335661515e-02 6.049488602165339207e-02 6.144890146352412902e-02 6.217972476189947972e-02 6.280787648544973456e-02 6.331436205229291903e-02 6.360521935344676248e-02 6.364677314664794749e-02 6.340756344434976544e-02 6.281857620890697602e-02 6.179207460377528216e-02 6.043185969838536092e-02 5.864532512594766017e-02 5.644706587124166675e-02 5.393170420309433000e-02 5.116036820328793977e-02 4.819624109463281625e-02 4.507993154093294097e-02 4.190994351447752814e-02 3.871446723346888552e-02 3.552859512686667998e-02 3.246235331479799952e-02 2.950754343579635453e-02 2.673637157630936664e-02 2.405696324432754149e-02 2.151244597191965049e-02 1.913196549349643200e-02 1.688486262259680445e-02 1.483745801348339971e-02 1.291416569422564227e-02 1.109411635597497628e-02 9.414523196343536210e-03 7.858959109437773510e-03 6.408884090510246975e-03 5.054039148588393947e-03 3.787046630019974200e-03 2.590929636750961915e-03 1.466433547273601713e-03 4.954484211179801178e-04 2.419109442312304150e-04 -2.115809935480358721e-03 -4.473921821654090747e-03 -3.214947175666894343e-03 -5.451915539363599676e-03 1.882552535586658096e-04 4.040039729050860957e-03 -1.205776587641221582e-04 1.488771414923625164e-02 1.147621353538333909e-02 -2.813543915152031359e-03 4.795619005194606127e-03 2.832201776646249385e-03 7.818341986580174680e-03 -5.572193828204216604e-03 4.694296005630424658e-03 1.481262559775259249e-03 -1.197284043126232815e-02 -3.646453035201072806e-02 -2.222299061988612656e-02 3.897105162742454942e-02 1.493938311650794964e-02 2.891226040238298583e-03 1.335326963652449031e-02 -1.623129690437576317e-03 -2.157130742997572480e-03 5.403973509940685448e-03 1.276352339897008237e-03 3.230800830456434340e-03 2.792269490259035626e-03 1.383044934257558842e-03 1.595000775231066037e-03 1.692719514238979171e-03 -7.493817467965280948e-03 1.156862388938943590e-03 4.999046866875007586e-03 -1.129418668870902547e-03 2.502037238844861955e-02 -1.178447436323032532e-01 2.850336579022847566e-02
5.524297307278048380e-02 5.470284552211712725e-02 5.497225421188749184e-02 5.537265643645751523e-02 5.565450334964148343e-02 5.586880833683699477e-02 5.598174172944350019e-02 5.595230875849549479e-02 5.574851234172475273e-02 5.534950682510145215e-02 5.470389264632103538e-02 5.381485076195302586e-02 5.270361382315536664e-02 5.132775811776291164e-02 4.967036545547991178e-02 4.783505383020190960e-02 4.580990336035711818e-02 4.364282298513464525e-02 4.136098907724054807e-02 3.898471685566815698e-02 3.658871050923849511e-02 3.417141035010443778e-02 3.179087050990942603e-02 2.946278362782122143e-02 2.717699251880164799e-02 2.496221815490930196e-02 2.283840371893156376e-02 2.078786133476966461e-02 1.884314682680292286e-02 1.697723279798058274e-02 1.522667637899447098e-02 1.355018158243800896e-02 1.196311435739396897e-02 1.045685431605827137e-02 9.058678542176538603e-03 7.709759109684889700e-03 6.443636803725173202e-03 5.273267029762546479e-03 4.149053335669662841e-03 3.295464042805845793e-03 5.918041193397244326e-02 5.844752864276698406e-02 5.944228894563874377e-02 6.074788847219710769e-02 6.186902740097962455e-02 6.292960149678492043e-02 6.380980932944878281e-02 6.451219503191300830e-02 6.495580341194728824e-02 6.510547204954376943e-02 6.488234381250412852e-02 6.419222150425450690e-02 6.312988369766063534e-02 6.159818713484894320e-02 5.960563891217583038e-02 5.724757635535016737e-02 5.457989244880908503e-02 5.166843026001860517e-02 4.855839101152747278e-02 4.535436348516840716e-02 4.208763375592587674e-02 3.880125623752809366e-02 3.561292021352586296e-02 3.252011223826711123e-02 2.959143177638232439e-02 2.675039536510604235e-02 2.403632795680288314e-02 2.148030603123623691e-02 1.906278809509785038e-02 1.683124466503946662e-02 1.473434511444593129e-02 1.273060839080459444e-02 1.086905994340560747e-02 9.130247204380850107e-03 7.492765135814488317e-03 5.950268712217680542e-03 4.493265281029232630e-03 3.101655026870535781e-03 1.775541667725231065e-03 5.912563656514898455e-04 2.243881455197598235e-04 -2.191472892181181228e-03 -4.451946402387487942e-03 -3.304197031876274226e-03 -5.468632753075555221e-03 -2.738044533288562206e-04 3.799050950401677493e-03 -5.352332513025745376e-04 1.497842230395537294e-02 1.198812117994125549e-02 -2.649934165798481338e-03 5.497443489716951313e-03 2.296208686191560707e-03 8.632441065337548985e-03 -4.995441215247043917e-03 5.582610249228256959e-03 -4.090816718678729098e-03 -1.068069220753010799e-02 -3.281379578125994539e-02 -1.280414928538868048e-02 3.664626857322549752e-02 1.566497763201098875e-02 5.268706432499866386e-03 1.374382198961076815e-02 5.784498061391073491e-05 -9.925645542527632929e-04 6.585159699257100291e-03 2.175226719066729927e-03 4.276959617405029328e-03 3.684458414079214757e-03 2.195329301034048154e-03 2.366638078775420116e-03 2.005294953487321129e-03 -7.234454657651457135e-03 1.431945179528119590e-03 5.624869282887838377e-03 -9.454348836579210208e-04 2.510619947871746069e-02 -1.167303658938992489e-01 2.365934790463363607e-02
5.361972146784987903e-02 5.345484140823977826e-02 5.407958653834345208e-02 5.481422292213344871e-02 5.543702911475895806e-02 5.598174172944350019e-02 5.645259325097239100e-02 5.675404026578999284e-02 5.687208471967619000e-02 5.677846994623748922e-02 5.641654870323081078e-02 5.578802418805467456e-02 5.490910131282342871e-02 5.373476124882822780e-02 5.224425545071290783e-02 5.054187205043765563e-02 4.861256759998974081e-02 4.650526285129429060e-02 4.425010673037389070e-02 4.186725757784714314e-02 3.943841726532094916e-02 3.696336111370488592e-02 3.450433008808121566e-02 3.208130250879418638e-02 2.968192450614113090e-02 2.734588010730188562e-02 2.509067071867887577e-02 2.290131777345711522e-02 2.082242574991515632e-02 1.881097156290419126e-02 1.690474343748812197e-02 1.508063481758740131e-02 1.334233298374602750e-02 1.168406576870557705e-02 1.013689655231502298e-02 8.636159472361987222e-03 7.219434151403678057e-03 5.894950497193263486e-03 4.626246817119248657e-03 3.620946100002533051e-03 5.746946234601171127e-02 5.705231433461725732e-02 5.837278102221266779e-02 5.999995869901349893e-02 6.148287338430095256e-02 6.290169122220172493e-02 6.422864385373648621e-02 6.534025603595000620e-02 6.619850056168559427e-02 6.675576552232773131e-02 6.692034345643599336e-02 6.658953226632791100e-02 6.584890231050691267e-02 6.459515472769840339e-02 6.282966284147006863e-02 6.064715198919676947e-02 5.809763775613862452e-02 5.524883784356610789e-02 5.215116930036575726e-02 4.891539601418570110e-02 4.557681320366163691e-02 4.218722110789891594e-02 3.887190855892937863e-02 3.563076064086214551e-02 3.255229278921328850e-02 2.954172143776836318e-02 2.665297088900036443e-02 2.391755832987736696e-02 2.132544011351540994e-02 1.890866091796567297e-02 1.661232879344634941e-02 1.443840149205546756e-02 1.239287364747351620e-02 1.046760918278564524e-02 8.638852686518332449e-03 6.903384955693412685e-03 5.249714257966065119e-03 3.653964843928045065e-03 2.114820661645680413e-03 7.004559169252939400e-04 2.092059925553911624e-04 -2.273823023399468898e-03 -4.410740562582541116e-03 -3.397121064800117003e-03 -5.502798186776377068e-03 -7.562257795698134515e-04 3.535370569044836344e-03 -9.081255395548714542e-04 1.498888156229285021e-02 1.247097120691057805e-02 -2.515653656947896329e-03 6.199420899999334364e-03 1.790922917317090473e-03 9.300564461734136049e-03 -4.442796948686517956e-03 6.279638928967591800e-03 -1.048520600811233064e-02 -8.593488640875524345e-03 -2.799337789560980144e-02 -3.026919508349757565e-03 3.436719485159234200e-02 1.684129368072696115e-02 5.606938458541826584e-03 1.400363689423864480e-02 1.459791227603736419e-03 -1.358065300854982862e-05 7.632920148531170505e-03 2.958035374016231966e-03 5.224195038526556999e-03 4.497587461464070020e-03 2.932267610229748363e-03 3.096310296804858156e-03 2.278129439980694938e-03 -7.013377458925797864e-03 1.653148989691335079e-03 6.153877158903068093e-03 -8.289677901630756020e-04 2.504615039351210104e-02 -1.155789413585007891e-01 1.869997834151578345e-02
5.194795716826711846e-02 5.212841984126891093e-02 5.308112756292591300e-02 5.412875952402802782e-02 5.507573169249612571e-02 5.595230875849549479e-02 5.675404026578999284e-02 5.739437641401328588e-02 5.784735122512359856e-02 5.807668773740963519e-02 5.801891712762680814e-02 5.767332512909883330e-02 5.705062245915162866e-02 5.610190613110525165e-02 5.480171259473536755e-02 5.325395731226694601e-02 5.143977857907708340e-02 4.940849587194012793e-02 4.719323208216896076e-02 4.481413483929694991e-02 4.235996370368982217e-02 3.983229111906883696e-02 3.729764668796914373e-02 3.477954088334776761e-02 3.227020944606778102e-02 2.981102784083486737e-02 2.742270361960448197e-02 2.509244992663356780e-02 2.287559778264366614e-02 2.071568899139079184e-02 1.865633347074004827e-02 1.667681879314576038e-02 1.478314564550921827e-02 1.296856516359444836e-02 1.126744544870004680e-02 9.609642064911567277e-03 8.036351808724865459e-03 6.552675289438182615e-03 5.127639637259870549e-03 3.958988179622277212e-03 5.570235347251147745e-02 5.557687861554744951e-02 5.719251131544697553e-02 5.911495741028512108e-02 6.093657923676848442e-02 6.272987768225110616e-02 6.444442693225406471e-02 6.597742661670118192e-02 6.726998177309601035e-02 6.826031518501463058e-02 6.884209168679283897e-02 6.890205046588677995e-02 6.851672119736224031e-02 6.757445220759099314e-02 6.606814434027516447e-02 6.408997387798451295e-02 6.168308822750800946e-02 5.891605098163022608e-02 5.584478885238725737e-02 5.258643970331040862e-02 4.918133160053281272e-02 4.569091109169894777e-02 4.224875302047552406e-02 3.886111912139954272e-02 3.561975037968872354e-02 3.243854593679545983e-02 2.937203811503441564e-02 2.645428120845929112e-02 2.368325246561427469e-02 2.107686066146390383e-02 1.860395843961438339e-02 1.623861307026169820e-02 1.400481507535144762e-02 1.188932243305555921e-02 9.865462450276977352e-03 7.932022321322158495e-03 6.075609078410966132e-03 4.268180381897295796e-03 2.504977030069472765e-03 8.448779678394397310e-04 1.940577557037397407e-04 -2.359002698287872204e-03 -4.350788729458174818e-03 -3.485108578835007052e-03 -5.535395880706197452e-03 -1.236735258283472175e-03 3.268224356602429572e-03 -1.228546980004313659e-03 1.492727490581564551e-02 1.294185019795871146e-02 -2.381384451468140928e-03 6.930724008881452083e-03 1.350489523343317106e-03 9.919692923162266168e-03 -3.839884290189686956e-03 6.922133145370687295e-03 -1.724300682821093555e-02 -7.672679328032704256e-03 -2.312779945880638621e-02 4.932569380755792710e-03 3.438105034920779790e-02 1.773372251161859162e-02 7.196086460393802918e-03 1.426917505973553796e-02 3.037619410257849043e-03 1.126507601022961333e-03 8.841795889802502029e-03 3.881918786740405289e-03 6.297531119854819955e-03 5.441556474875014482e-03 3.793164621328243540e-03 3.980451390327707090e-03 2.717572585641008041e-03 -6.630160185459255985e-03 1.997339899744521828e-03 6.741623098923884248e-03 -6.067008978952390108e-04 2.499333611533631483e-02 -1.142101456347362626e-01 1.383181966518724076e-02
5.022343450941535448e-02 5.071947388291696973e-02 5.197193795585207388e-02 5.330858923748914291e-02 5.455828252396142247e-02 5.574851234172475273e-02 5.687208471967619000e-02 5.784735122512359856e-02 5.864032419909932792e-02 5.920557767752192974e-02 5.947050261139984889e-02 5.943047487637349857e-02 5.908946736109559755e-02 5.839274066704751298e-02 5.730907969951438974e-02 5.594070805028304033e-02 5.426393182318668684e-02 5.232770768205110418e-02 5.016796825544024563e-02 4.780504773922038958e-02 4.533483432087974385e-02 4.276120761221838262e-02 4.015524240735383193e-02 3.754449455096453558e-02 3.492574119105004704e-02 3.234308803694071338e-02 2.982089806230901058e-02 2.734833538950923182e-02 2.499060372384178524e-02 2.268066853596074559e-02 2.046417480832673358e-02 1.832751439819235370e-02 1.627548905122601711e-02 1.430124933549791096e-02 1.244215355229238117e-02 1.062302167684854234e-02 8.888162996333786106e-03 7.239910085325779003e-03 5.650285381081227888e-03 4.307522321988049331e-03 5.387702568902034972e-02 5.401849914684726806e-02 5.589825252544429468e-02 5.808659007500093646e-02 6.021749282565654754e-02 6.235764400735236551e-02 6.444616117659154875e-02 6.639416998370309408e-02 6.812805979330542605e-02 6.956961421856830419e-02 7.059610508018825115e-02 7.107902020039200131e-02 7.108589887956558162e-02 7.049298444498350302e-02 6.928308811035972792e-02 6.754322308204474545e-02 6.530818354975548301e-02 6.264604678429215590e-02 5.961827919857368846e-02 5.634872174181383003e-02 5.288386146103358360e-02 4.929571016391183502e-02 4.572667872722476629e-02 4.219011482127182217e-02 3.878348952036523439e-02 3.542813766586123958e-02 3.218026164210174844e-02 2.907720270145272914e-02 2.612354083344289521e-02 2.332603283625866650e-02 2.066817129038810152e-02 1.811381182149086194e-02 1.568984869395725901e-02 1.338168064420777216e-02 1.115991989535473905e-02 9.024308701260480223e-03 6.959759585523059115e-03 4.933459148450028593e-03 2.935972491477427566e-03 1.014497317679919535e-03 1.798441653980280318e-04 -2.447371135963322033e-03 -4.278608921175486302e-03 -3.572754101437651281e-03 -5.567122848364375147e-03 -1.722134742852527919e-03 2.986317878163453031e-03 -1.523953964260143937e-03 1.476510804335173267e-02 1.337274577939122702e-02 -2.274725930807235987e-03 7.659676193624376760e-03 9.528043746703977008e-04 1.048676863146184510e-02 -3.239954139757547733e-03 7.425930156370002741e-03 -2.445649072446276148e-02 -6.643068859490618670e-03 -1.844709126774573063e-02 1.249660649513170164e-02 3.503145693191499904e-02 1.868260876388463249e-02 8.772111755877170722e-03 1.452261617720088799e-02 4.637092381016693667e-03 2.306367909177408845e-03 1.012058759354618476e-02 4.881679099854743277e-03 7.428000114788653116e-03 6.454265506026581577e-03 4.720623282011111692e-03 4.964379959440997671e-03 3.293565690357696824e-03 -6.111166799288456075e-03 2.409090130705250025e-03 7.313799393430830617e-03 -3.312851858615709359e-04 2.487055759780445324e-02 -1.126417652964688265e-01 9.027557884048660955e-03
4.842686218545300125e-02 4.921095150118072470e-02 5.073545734462953094e-02 5.233653418857676931e-02 5.386607339764835911e-02 5.534950682510145215e-02 5.677846994623748922e-02 5.807668773740963519e-02 5.920557767752192974e-02 6.011409140455427347e-02 6.071512860943625856e-02 6.100410578526783978e-02 6.097304088246736226e-02 6.055801339170463482e-02 5.972109585146343630e-02 5.856137258460640538e-02 5.704879724941067098e-02 5.523098345193195452e-02 5.314632507171017373e-02 5.081552688998564049e-02 4.834165386661353619e-02 4.573139164440756521e-02 4.306064577019541595e-02 4.036146663816390229e-02 3.763575318121797908e-02 3.493028469898867838e-02 3.227491682489196795e-02 2.965969090461655772e-02 2.715911701680669491e-02 2.469848147707352781e-02 2.232298925851941909e-02 2.002743874725929421e-02 1.781491271098116849e-02 1.567853304922641258e-02 1.365826177271718157e-02 1.167440598627328754e-02 9.773829425255224634e-03 7.956631321669285425e-03 6.194700800887639226e-03 4.668041905018867517e-03 5.197162435538267566e-02 5.235803659032907398e-02 5.447172028372333774e-02 5.689627961134767486e-02 5.930571212198183784e-02 6.176264106719617231e-02 6.420008351566167115e-02 6.654364430408679643e-02 6.871015445090283835e-02 7.061080011260770228e-02 7.210473384669553731e-02 7.304225730304249320e-02 7.348352399596118356e-02 7.328420018015534276e-02 7.241544733174663795e-02 7.095584247154138047e-02 6.892962254451248660e-02 6.640254680240764706e-02 6.344133349819849887e-02 6.017687703122364534e-02 5.666301077428224225e-02 5.298327503676512895e-02 4.928964743960166650e-02 4.560364571999273031e-02 4.202971156059457508e-02 3.849814345786319036e-02 3.506577589008320200e-02 3.177504397583329893e-02 2.863552869813917184e-02 2.564570486351259657e-02 2.280064117140798152e-02 2.005658046765063096e-02 1.744120052715369962e-02 1.493880634806838900e-02 1.251744621477417219e-02 1.017653565669433130e-02 7.899628785633357533e-03 5.648522534806921409e-03 3.407745087185235378e-03 1.210589619805158782e-03 1.679841670627912637e-04 -2.536692409270656541e-03 -4.196747484215896350e-03 -3.660329194540938406e-03 -5.590343558603257622e-03 -2.210321695779330319e-03 2.687625164156250569e-03 -1.808229810952808334e-03 1.448752784988906542e-02 1.374475717776350511e-02 -2.209653612132365854e-03 8.370101919703502175e-03 6.256336224407935739e-04 1.101968999874778504e-02 -2.640387977055302666e-03 7.808563431289185057e-03 -3.198163798806115399e-02 -5.710233892880247492e-03 -1.417709366371157180e-02 1.946594417335982194e-02 3.651520440778774357e-02 1.963416377502764237e-02 1.035931651705553416e-02 1.475956672611504310e-02 6.251725686917536384e-03 3.515470775513786575e-03 1.145959687675227046e-02 5.963127718709321581e-03 8.604713427323483835e-03 7.526078336821431271e-03 5.707075450502903900e-03 6.033485187874484956e-03 4.023032005808104168e-03 -5.432196570759974252e-03 2.873901593051282448e-03 7.837600915378040850e-03 -1.389924579894570483e-05 2.464303572882319687e-02 -1.108576124494982940e-01 4.312239080611749743e-03
4.651428462697314303e-02 4.755986922144698342e-02 4.932793433991600196e-02 5.116712451363038955e-02 5.295115024809469995e-02 5.470389264632103538e-02 5.641654870323081078e-02 5.801891712762680814e-02 5.947050261139984889e-02 6.071512860943625856e-02 6.172948454088516418e-02 6.230660580894502310e-02 6.261413021699106796e-02 6.251125104740797023e-02 6.195348380324462723e-02 6.103541962064147619e-02 5.971821235858752047e-02 5.804679737167275227e-02 5.606138134606174911e-02 5.378306103084973255e-02 5.132198196083408159e-02 4.868802011759423148e-02 4.596217011523462403e-02 4.318139516499452241e-02 4.035353882036604029e-02 3.752537228379459328e-02 3.474079303913979455e-02 3.198360847778574517e-02 2.933887514593087192e-02 2.672912014455094618e-02 2.419272094584203406e-02 2.173676748798954173e-02 1.936185353995576591e-02 1.706103482422074644e-02 1.487639412912287670e-02 1.272444656870578249e-02 1.065391562453027637e-02 8.663167349089612515e-03 6.721310639354941691e-03 5.001544498822538959e-03 4.993773043711029896e-02 5.054844432628879253e-02 5.286512052670239853e-02 5.549444988977821763e-02 5.814893317022739455e-02 6.088848673593069000e-02 6.364285600830663081e-02 6.635319338808345901e-02 6.893113827911941105e-02 7.128232999134419268e-02 7.329948670462364813e-02 7.466582591950547687e-02 7.558976821371035659e-02 7.583241259192421979e-02 7.535565740766063392e-02 7.422612108366470618e-02 7.245427663816207675e-02 7.010094809466467514e-02 6.723729665518453358e-02 6.400136694599357912e-02 6.045538112033148337e-02 5.669521916795285804e-02 5.288321831433317327e-02 4.905021304998648940e-02 4.530872486451640452e-02 4.160283801273497589e-02 3.798219797399315922e-02 3.450196281056779751e-02 3.117383471806671122e-02 2.799097463249607468e-02 2.495709156164526224e-02 2.202248256481880231e-02 1.921462333374800505e-02 1.651664631420855789e-02 1.389439505704312405e-02 1.134523301974147726e-02 8.852059549653729445e-03 6.370604625966403908e-03 3.878253423252334565e-03 1.392758033102084892e-03 1.449038556464728828e-04 -2.623475627379561175e-03 -4.116480711176354404e-03 -3.738528223233859426e-03 -5.564641621713361727e-03 -2.644700769979157519e-03 2.443471766247623089e-03 -1.992241458791782407e-03 1.414933960214120705e-02 1.411469999766737544e-02 -2.115177760121903991e-03 9.126084907053388581e-03 4.967552635828973535e-04 1.160174294303239692e-02 -1.960256795390807535e-03 8.155377103089051297e-03 -3.960102996865186992e-02 -4.800891855293604876e-03 -1.025768043926804200e-02 2.593802184886879678e-02 3.879513091900094884e-02 2.065245262203052254e-02 1.203311925609409395e-02 1.507343813866738984e-02 7.959728854389490696e-03 4.832175575656713455e-03 1.293548273622545548e-02 7.219046994699967155e-03 9.905840887677154830e-03 8.737648336980369593e-03 6.837163177258910075e-03 7.268703335077784586e-03 5.016909772168046469e-03 -4.470429333881024980e-03 3.480242095425750779e-03 8.391106681556983332e-03 4.444944824110857182e-04 2.439742909016273317e-02 -1.087422710690933575e-01 -1.452121443337233363e-04
4.448617357923087545e-02 4.576689260466421105e-02 4.775178069207382248e-02 4.980375982166807686e-02 5.181720222737042775e-02 5.381485076195302586e-02 5.578802418805467456e-02 5.767332512909883330e-02 5.943047487637349857e-02 6.100410578526783978e-02 6.230660580894502310e-02 6.335436216330972425e-02 6.397895479454436540e-02 6.421199768422571064e-02 6.396328012667130969e-02 6.332056012766153208e-02 6.223171591025269261e-02 6.073725357639035705e-02 5.887821200123066756e-02 5.667582812653796515e-02 5.424705980034760788e-02 5.160518370101651459e-02 4.883643980871959361e-02 4.598283559405125231e-02 4.305753440570424251e-02 4.014166742079482847e-02 3.721142755461214618e-02 3.431497984631853848e-02 3.153016635293175163e-02 2.876579563356936389e-02 2.607512107170743137e-02 2.346213766736336345e-02 2.092783504675406470e-02 1.846543906235675880e-02 1.611856513893167309e-02 1.380112064613044261e-02 1.156270601238472417e-02 9.400555940045799558e-03 7.278662328376860405e-03 5.364385418988858525e-03 4.778165014196992383e-02 4.859435104294251156e-02 5.108568595758972153e-02 5.389035493074210981e-02 5.675770017945622886e-02 5.974578763445156926e-02 6.278285250867836342e-02 6.582604229137530016e-02 6.878377743221772422e-02 7.155976469370649296e-02 7.399087959690545113e-02 7.602559704343528346e-02 7.737970597366185255e-02 7.809917694081262851e-02 7.806130018972694262e-02 7.731259538634624451e-02 7.584385060246127963e-02 7.370700372752964080e-02 7.097611076028034760e-02 6.779596274697251290e-02 6.423793557892115702e-02 6.041092474832297776e-02 5.648858055632041686e-02 5.251263782747599140e-02 4.860683729288531318e-02 4.469322798221966181e-02 4.090621354428577300e-02 3.723731239021271788e-02 3.372057458578794215e-02 3.034503283193372425e-02 2.712434017851458185e-02 2.400208393739720544e-02 2.100526811349088738e-02 1.811570247009212584e-02 1.529791686748799631e-02 1.254441245853199667e-02 9.839078555003771473e-03 7.130831130307513713e-03 4.388815844021493225e-03 1.613370082932656007e-03 1.282920292077687017e-04 -2.762898411021951894e-03 -3.854742610992760703e-03 -3.800299928453041483e-03 -5.551182570290255983e-03 -3.165816813393384447e-03 2.001784361329379987e-03 -2.578589030834996503e-03 1.400518775885997193e-02 1.450707024065486968e-02 -2.017035269773173774e-03 9.866953422753576425e-03 5.390958177537966047e-04 1.214902920257558000e-02 -1.265572736924557365e-03 8.466718305794354929e-03 -4.730695769889076835e-02 -3.970971463026489769e-03 -6.686319546449832896e-03 3.193585502106653651e-02 4.174100802620971801e-02 2.169148488278746512e-02 1.375135438480309426e-02 1.544951994186261057e-02 9.736608656239615495e-03 6.250286290080628651e-03 1.452157557200890216e-02 8.639369179716228919e-03 1.131611516994073842e-02 1.007634337261674451e-02 8.100606368049281802e-03 8.670427762489397658e-03 6.280547893690762926e-03 -3.212554709371729603e-03 4.227150991603386039e-03 8.974026712368049497e-03 1.051065211797653099e-03 2.413640054459682827e-02 -1.062540658623449402e-01 -4.266712678307596485e-03
4.238129851795134628e-02 4.387046602801891737e-02 4.604156298673537512e-02 4.827674732892728304e-02 5.049012537703135434e-02 5.270361382315536664e-02 5.490910131282342871e-02 5.705062245915162866e-02 5.908946736109559755e-02 6.097304088246736226e-02 6.261413021699106796e-02 6.397895479454436540e-02 6.498805979857463777e-02 6.558456503191491260e-02 6.567182497354155657e-02 6.533944251243337109e-02 6.451426082207081802e-02 6.323097684691424136e-02 6.153021038150115890e-02 5.943257340799229516e-02 5.706129192874417888e-02 5.443293915898706620e-02 5.163914093191700194e-02 4.872747624550162471e-02 4.571932031708789146e-02 4.268384830441915995e-02 3.964412970691457566e-02 3.661678012389332076e-02 3.369262829314387253e-02 3.078662506842656105e-02 2.794286861021916257e-02 2.517608210483092412e-02 2.248538913092246183e-02 1.986403965653426446e-02 1.735588746864618476e-02 1.487465640641013123e-02 1.246866485270687816e-02 1.013465322977866352e-02 7.829426506154790397e-03 5.715121445505570025e-03 4.553935955468078889e-02 4.653577708037623384e-02 4.917009895636709899e-02 5.211640453819074009e-02 5.515983659994655453e-02 5.835742641597136543e-02 6.163733776056520841e-02 6.497350758518029290e-02 6.827395379311236578e-02 7.144618721502768444e-02 7.433492835343911975e-02 7.678894847164090265e-02 7.870054782754780376e-02 7.994415382433311956e-02 8.039308346590669230e-02 8.008092480353577736e-02 7.897149145054831176e-02 7.710344962061171925e-02 7.455153824261616380e-02 7.146595161913231464e-02 6.792711922574770633e-02 6.405701035649069564e-02 6.004094770412813503e-02 5.593228731192766839e-02 5.186516740802817049e-02 4.779390685228716851e-02 4.381171951348884069e-02 3.995499041618585934e-02 3.624751196154841343e-02 3.268423980883922164e-02 2.927922556951930225e-02 2.597279311002082328e-02 2.279063170819434561e-02 1.971285649377477189e-02 1.670514668208176318e-02 1.374840755389834454e-02 1.083204823078219928e-02 7.896449499507404018e-03 4.901183775356235742e-03 1.827311793471545496e-03 1.255833046234363867e-04 -2.825864045141901482e-03 -3.819041279988714521e-03 -3.918061202734676729e-03 -5.514558275520867539e-03 -3.617069332714780740e-03 1.724122851019311035e-03 -2.687042011599852752e-03 1.330372342651183794e-02 1.461197804222225984e-02 -2.104331398615696090e-03 1.044412597289414400e-02 6.147666066854187965e-04 1.249553634171178193e-02 -6.789820355242488651e-04 8.512477758846363415e-03 -5.529798589355478661e-02 -3.375905655958753686e-03 -3.547082822132725625e-03 3.741144916270259385e-02 4.463668102714044017e-02 2.257287025476341358e-02 1.533483620351371556e-02 1.571556003662784654e-02 1.140526521513562756e-02 7.630381172753141969e-03 1.601630524227653715e-02 1.003418019014609176e-02 1.264806585416952851e-02 1.135283547345270101e-02 9.303927231045828333e-03 1.007087972646488611e-02 7.609672712001866804e-03 -1.860283525295714164e-03 4.926273930403538177e-03 9.412619463851567073e-03 1.614779742818659445e-03 2.366655298010469921e-02 -1.035124440643811622e-01 -8.218609758419518144e-03
