3.348753055797356638e-03 3.244020890085677709e-03 3.149587655373152148e-03 3.058415814786511356e-03 2.968736960151073696e-03 2.876490962011146301e-03 2.786560016272511976e-03 2.682779969062242930e-03 2.587804509676266441e-03 2.482110430230648895e-03 2.382723126078196713e-03 2.288784627743668983e-03 2.179006017646704235e-03 2.071763873429040802e-03 1.964193851371726085e-03 1.857501529069806312e-03 1.750689822900246577e-03 1.644477462476674019e-03 1.524697476194912049e-03 1.422222107836299248e-03 1.318288879856647101e-03 1.216556791113590800e-03 1.117821492666666540e-03 1.021252159232858940e-03 9.335453445027670598e-04 8.392489231229217569e-04 7.530988182836451670e-04 6.706848882625113467e-04 6.015103666176597119e-04 5.212426090075779773e-04 4.427525192436360764e-04 3.814758877105930653e-04 3.267877734580872237e-04 2.787845764981740880e-04 2.077296688246826244e-04 1.684238671818745774e-04 1.156474222157341351e-04 7.459736668418210010e-05 3.869935817385516849e-05 1.681144966396873119e-05 3.348748860540052760e-03 3.244731311048514033e-03 3.150303358030375877e-03 3.058196663051994824e-03 2.967847767511075981e-03 2.867923438937527037e-03 2.774468367455297946e-03 2.659908002315465852e-03 2.557202635085678664e-03 2.442468536263723254e-03 2.333416251897544973e-03 2.224256198352869696e-03 2.104031894329878513e-03 1.985738090047921723e-03 1.867247313416721443e-03 1.757336955685747087e-03 1.643339214068096753e-03 1.530676374205356934e-03 1.407755471409436777e-03 1.303518913663963752e-03 1.199756931468095754e-03 1.099790982490195549e-03 1.004084479194969435e-03 9.129332436363633580e-04 8.358761526768690225e-04 7.369867601062875034e-04 6.602546348768536556e-04 5.884169971593934938e-04 5.274289562926964305e-04 4.587483575007973366e-04 3.949860916758043744e-04 3.486826737138984237e-04 3.073589050351293933e-04 2.573410589379239465e-04 2.237316292801759716e-04 1.986530838699704002e-04 1.575542693507183680e-04 1.279051396169905654e-04 1.006581533461405249e-04 7.838258786998795525e-05 7.409432700340536471e+00 2.323160355590709047e-01 1.167260278681955116e-01 7.692301841836943210e-02 5.597459956914870027e-02 4.295317124107012052e-02 3.395275200103880370e-02 2.729388892199116276e-02 2.213776058023429749e-02 1.802159852100041967e-02 1.466945260539776613e-02 1.190699648448752604e-02 9.617517324618409316e-03 7.719059962772984937e-03 6.151264891380327227e-03 4.867218809941157090e-03 3.827928172181916267e-03 2.998942999177865547e-03 2.349056541146449240e-03 1.849513315950020165e-03 1.473585313385295274e-03 1.197022283522156116e-03 9.980814545764284205e-04 8.580724644940426011e-04 7.610396705418237019e-04 6.937085506824180884e-04 6.456345213772282481e-04 6.084297944199746396e-04 5.761328321257817246e-04 5.439985742958221250e-04 5.092061549228870223e-04 4.700449538916013693e-04 4.255298134774676902e-04 3.754251985808861958e-04 3.201831270956605278e-04 2.604531655764382022e-04 1.973916097755557268e-04 1.321314527123869050e-04 6.594271446766933960e-05 0.000000000000000000e+00
3.244020890085677709e-03 3.610314191719596246e-03 3.864257434033725042e-03 4.063161103226907954e-03 4.223708968060174186e-03 4.349222950835545526e-03 4.456434998556492270e-03 4.505131135244161249e-03 4.558776105920042329e-03 4.570428326360738425e-03 4.579199774161660935e-03 4.564322720706244681e-03 4.521213703300099203e-03 4.460828681543335672e-03 4.381657446618878772e-03 4.284868199030132489e-03 4.170820041955962572e-03 4.040967320157896198e-03 3.878865170647986631e-03 3.722111415333077995e-03 3.549314867150946996e-03 3.365962497144893081e-03 3.174207119655382894e-03 2.974929492405318197e-03 2.776058238862332776e-03 2.563403601313928026e-03 2.353405858678772871e-03 2.142260881165468280e-03 1.945731144078706237e-03 1.733818609749611514e-03 1.525442032803652924e-03 1.335315430437382682e-03 1.154365954430908951e-03 9.842352332315906956e-04 7.998532131380961486e-04 6.493470135792222620e-04 4.925921482874329269e-04 3.538708674808913718e-04 2.278649319625612811e-04 1.238787411342037400e-04 3.244014823752533992e-03 3.612248840978298913e-03 3.870960528412087202e-03 4.071792617875409116e-03 4.239912301388090027e-03 4.362471831292816411e-03 4.472779674254382873e-03 4.517721677660093554e-03 4.572021808446543115e-03 4.571631249303669334e-03 4.574036048846399222e-03 4.541456635793278407e-03 4.483732529832263822e-03 4.404809106966218850e-03 4.304420256506988167e-03 4.190123017732446178e-03 4.054830777520893742e-03 3.902847775491010470e-03 3.721094675339427487e-03 3.545340954576935415e-03 3.355157006586079443e-03 3.155884879820300241e-03 2.949567521750398255e-03 2.738193441002784514e-03 2.533509435215414250e-03 2.298648767091910749e-03 2.082741814351588699e-03 1.868289537152351219e-03 1.665097093057008211e-03 1.453765100932984502e-03 1.250353377431016834e-03 1.067232534690706631e-03 8.939865447323312253e-04 7.176912110808996229e-04 5.653273346371580615e-04 4.272141326812279628e-04 2.799862597457602456e-04 1.495209911248734621e-04 2.519226255026121402e-05 -9.591525412390494905e-05 1.442360029807182542e+01 5.580713493207682951e-01 3.041170676630763903e-01 2.133577455802490863e-01 1.645447676421286087e-01 1.332606990953396353e-01 1.109789787824817936e-01 9.399409882296473617e-02 8.043302508798250150e-02 6.924856503344775649e-02 5.981084846757547119e-02 5.172129877321980651e-02 4.471684915257685689e-02 3.861688507259739694e-02 3.329211686750974120e-02 2.864476366542629410e-02 2.459598150034530972e-02 2.107808286437960060e-02 1.803068542348214981e-02 1.539867810357192952e-02 1.313097455149190088e-02 1.118082678776123780e-02 9.505716085122831518e-03 8.067716027377618351e-03 6.833135878602081444e-03 5.772417068542130478e-03 4.860255093349033322e-03 4.074617838893364492e-03 3.397255172224947044e-03 2.812160952747333031e-03 2.306486066301497231e-03 1.869237615165003511e-03 1.491262321029186450e-03 1.164965172379972070e-03 8.840297507126318585e-04 6.431024918446468213e-04 4.378685366957938752e-04 2.645430150575241342e-04 1.197080501217495646e-04 0.000000000000000000e+00
3.149587655373152148e-03 3.864257434033725042e-03 4.405179401958306436e-03 4.853712988923891171e-03 5.236059205009771685e-03 5.558938645607611889e-03 5.848030524489209597e-03 6.040717078296269776e-03 6.235570015742711997e-03 6.361357460074423646e-03 6.476763047033031948e-03 6.541957505773870855e-03 6.568063293993856890e-03 6.558579186899981747e-03 6.513114563501213108e-03 6.432657460816063738e-03 6.318895321277164315e-03 6.173928928791218816e-03 5.978840782327036509e-03 5.778143037795885686e-03 5.547566396988276756e-03 5.294381623873764195e-03 5.022039023384085310e-03 4.732953904516046945e-03 4.436565758334409110e-03 4.118585498752467405e-03 3.798646140092023626e-03 3.472716722937630156e-03 3.162250050325385916e-03 2.832044724589366080e-03 2.506842166670085296e-03 2.200549437411057022e-03 1.905463639520473939e-03 1.624891393784391432e-03 1.337721794380189065e-03 1.086209104902195093e-03 8.345464971216005326e-04 6.067107876227926123e-04 3.983941832758471839e-04 2.192812186392936442e-04 3.149573589855722555e-03 3.867251820381130585e-03 4.417052480326469875e-03 4.871375782775611528e-03 5.268781770572347409e-03 5.593117424609965992e-03 5.891795796117531292e-03 6.088225182677078386e-03 6.291924685283787136e-03 6.403424234313973180e-03 6.515834471763170925e-03 6.561236167247751043e-03 6.568873351084378830e-03 6.533762125159579999e-03 6.457276415294610841e-03 6.345622923684072353e-03 6.197378205488276483e-03 6.015547185837598343e-03 5.785419445714672614e-03 5.549757403622956886e-03 5.285658034885939126e-03 5.000422363833616907e-03 4.697579453386177897e-03 4.380688120852447610e-03 4.063794327569618912e-03 3.708020506303848478e-03 3.368694041674261033e-03 3.027376230790678260e-03 2.697373481535775969e-03 2.358301828617630387e-03 2.029747114375276325e-03 1.723665835433379687e-03 1.431480931337111330e-03 1.140775905144420042e-03 8.806136923527806094e-04 6.394820000233074472e-04 3.947639474983782198e-04 1.715532345536922127e-04 -4.221119531748027430e-05 -2.543548291397409533e-04 2.043215545788276444e+01 8.339430288163276472e-01 4.637988195623641285e-01 3.307272689040912650e-01 2.585083343564402170e-01 2.118379922507549473e-01 1.783103605890350440e-01 1.525268672216100740e-01 1.317529704629368248e-01 1.144564670218580077e-01 9.971580314306861814e-02 8.694973617811500854e-02 7.577805381918280292e-02 6.594289834971249487e-02 5.726209047203841690e-02 4.959923909997394909e-02 4.284512246612143943e-02 3.690623659276683066e-02 3.169885415802073392e-02 2.714614676394878912e-02 2.317644157977990713e-02 1.972352464956016529e-02 1.672655346511541311e-02 1.413041947359378915e-02 1.188542338559871875e-02 9.947178007479472867e-03 8.276774939859387129e-03 6.839625108350477246e-03 5.606114808424848481e-03 4.549811224658476677e-03 3.648485468301813917e-03 2.882485654053799570e-03 2.234965898668025627e-03 1.691370577590549373e-03 1.238970258154091682e-03 8.666745677583216970e-04 5.649028665129720997e-04 3.251222133667741815e-04 1.393938821580337131e-04 0.000000000000000000e+00
3.058415814786511356e-03 4.063161103226907954e-03 4.853712988923891171e-03 5.526228275968660467e-03 6.111462108958263216e-03 6.618691420010495464e-03 7.081537044210472684e-03 7.409950207543984819e-03 7.741547432473684133e-03 7.979294944586103402e-03 8.200245040318332110e-03 8.345968827858140163e-03 8.442820441930008399e-03 8.486672510691968541e-03 8.478112118129259300e-03 8.417861821445141515e-03 8.308936531298253061e-03 8.154036891763156297e-03 7.931567059362638547e-03 7.693244835486938438e-03 7.411658078723269878e-03 7.095855876545440269e-03 6.750563106092398111e-03 6.379590107713113689e-03 5.994205619490439695e-03 5.578748812122474865e-03 5.157540340474837948e-03 4.725568417065990554e-03 4.309316376562889912e-03 3.869036408505084103e-03 3.435043458311749266e-03 3.020327167655954392e-03 2.618416758943610360e-03 2.234463082455232213e-03 1.850472626399461305e-03 1.503796099033413800e-03 1.162120217686294548e-03 8.496622997672683515e-04 5.628276002706364845e-04 3.114356456523626176e-04 3.058395238485604305e-03 4.067027780495301170e-03 4.869810193152772880e-03 5.553005926292285677e-03 6.160190374761904085e-03 6.672613111112679803e-03 7.151225740598216203e-03 7.492084118854893358e-03 7.840761606550873675e-03 8.062618065175717816e-03 8.284215479805406498e-03 8.408528251884336488e-03 8.483393913754412943e-03 8.494889635211257117e-03 8.445903044595462136e-03 8.341238523642694261e-03 8.185226286577744481e-03 7.979458126170436982e-03 7.707424713213327852e-03 7.419139362837575899e-03 7.088953782391456578e-03 6.726103680973158708e-03 6.335549490108354290e-03 5.922344034034777993e-03 5.502963754884242394e-03 5.035572478252165612e-03 4.582737792551065496e-03 4.124472800820194567e-03 3.677228589224159315e-03 3.219615200185516491e-03 2.774893670720010412e-03 2.354350020988439998e-03 1.951084226771157473e-03 1.552981150481999627e-03 1.191383269784470874e-03 8.529240541836519444e-04 5.152545532891619198e-04 2.033463773611558876e-04 -9.639914449058286565e-05 -3.965532218900848205e-04 2.601550042383853878e+01 1.087157114918202439e+00 6.098205393873528113e-01 4.367107473628581427e-01 3.436819987239289609e-01 2.833281045815487786e-01 2.397854290623004925e-01 2.061430187348539944e-01 1.788988436551325334e-01 1.560903904616985638e-01 1.365393235495947488e-01 1.195057306255161017e-01 1.045097051001188937e-01 9.122938207953414091e-02 7.943990069712800195e-02 6.897424444917352182e-02 5.969907006829273249e-02 5.150000414899492257e-02 4.427386728997276255e-02 3.792520123209633387e-02 3.236422851085662272e-02 2.750724003158926817e-02 2.327665226159598630e-02 1.960148111621994732e-02 1.641711237414634345e-02 1.366524832851381127e-02 1.129418012045990162e-02 9.257468327788558049e-03 7.514741575900215666e-03 6.029714610041878378e-03 4.771227475295163750e-03 3.711415523235590298e-03 2.826088723423458328e-03 2.094034191928805140e-03 1.496377280403494384e-03 1.016493445621335446e-03 6.397025817092104457e-04 3.528548640069516977e-04 1.436077252031927405e-04 0.000000000000000000e+00
2.968736960151073696e-03 4.223708968060174186e-03 5.236059205009771685e-03 6.111462108958263216e-03 6.886341216585476800e-03 7.569745156198676508e-03 8.206088320260164146e-03 8.659511830542197461e-03 9.126141601644087789e-03 9.474769932059775787e-03 9.801157912576510464e-03 1.002823622772943367e-02 1.019757006593508854e-02 1.029706960548191705e-02 1.032821909636161446e-02 1.029143107538909446e-02 1.019106313561448166e-02 1.003040116993642560e-02 9.784942004283914835e-03 9.513976412675663116e-03 9.186653041420744792e-03 8.813810028889614706e-03 8.401436797276369897e-03 7.954620173805677236e-03 7.486779800258472166e-03 6.979690688683122882e-03 6.463801837850784333e-03 5.932423800600935410e-03 5.416320742424176465e-03 4.872026672913901471e-03 4.335075684524309497e-03 3.817451652894324025e-03 3.313808897210714262e-03 2.831343309263955211e-03 2.354320974867216924e-03 1.916221317379831254e-03 1.487440545713428902e-03 1.092950766527132651e-03 7.296158358294839398e-04 4.071961849093078318e-04 2.968711525020860300e-03 4.228449309849549240e-03 5.256356897211445986e-03 6.146709094673354426e-03 6.952839019407963672e-03 7.640247156832607849e-03 8.298736484791973192e-03 8.776003487243035084e-03 9.268287543568820216e-03 9.599914955585151996e-03 9.931116375008014474e-03 1.013572226364760874e-02 1.027992833992496212e-02 1.034067090709034006e-02 1.032229163116793469e-02 1.022819875340620459e-02 1.006855559553210960e-02 9.843473567712719002e-03 9.534424216927296983e-03 9.198975016996232407e-03 8.808403430423704730e-03 8.373854877790605847e-03 7.901686762921789758e-03 7.398429988687543930e-03 6.883203976924585563e-03 6.310436695767664833e-03 5.750983492473425197e-03 5.182779656512970061e-03 4.625015668610305691e-03 4.055357573234590757e-03 3.500793296733087628e-03 2.971688222331772891e-03 2.462676231262429360e-03 1.961759709647534732e-03 1.502757196030192477e-03 1.070451152238422647e-03 6.423085349956219854e-04 2.437852091221911328e-04 -1.403984806391702755e-04 -5.275033136542868093e-04 3.106285064499431670e+01 1.315370847174262225e+00 7.419738331799023978e-01 5.343670480570227310e-01 4.223556461584588861e-01 3.495665468985310054e-01 2.969279373739113770e-01 2.561375692387645175e-01 2.229900755056649642e-01 1.951303549054317354e-01 1.711477125936092802e-01 1.501607596094041985e-01 1.316027708039898547e-01 1.150979164625633572e-01 1.003865916448606899e-01 8.727747755722291279e-02 7.561812666926655269e-02 6.527729287688635584e-02 5.613549596762763133e-02 4.808113794228924959e-02 4.100831409987060888e-02 3.481736925577880171e-02 2.941520452986922177e-02 2.471595269952886822e-02 2.064090582037220178e-02 1.711853700686441840e-02 1.408493915670588209e-02 1.148236296935880793e-02 9.260141297176227582e-03 7.372605073563349813e-03 5.780028362915749091e-03 4.446717303293216267e-03 3.341444143366622231e-03 2.436621076121804098e-03 1.707479633590187288e-03 1.132063220965451875e-03 6.907722476661362762e-04 3.659854218157030672e-04 1.410887310852000436e-04 0.000000000000000000e+00
2.876490962011146301e-03 4.349222950835545526e-03 5.558938645607611889e-03 6.618691420010495464e-03 7.569745156198676508e-03 8.433036143305124369e-03 9.255237547537433287e-03 9.805921756836441169e-03 1.040900675829926382e-02 1.086754588801955995e-02 1.129972014582772757e-02 1.160892135220501116e-02 1.185255980902846958e-02 1.200994201339616006e-02 1.208343527417059422e-02 1.207314625659993389e-02 1.198481350802910704e-02 1.182233408960670432e-02 1.155804909336533362e-02 1.125927288750444739e-02 1.089137700175140007e-02 1.046699533647674901e-02 9.993340865349175858e-03 9.476612927300818306e-03 8.932655331327274059e-03 8.339353426784113996e-03 7.734796989584843269e-03 7.109901404262329409e-03 6.498871779864330914e-03 5.855573636053906794e-03 5.220283763057210341e-03 4.603953698038974751e-03 4.002274143339170503e-03 3.424681312697107956e-03 2.856857071970740972e-03 2.329491509777461503e-03 1.814873467095304976e-03 1.339261361411118708e-03 8.996918986877460627e-04 5.055922513477580571e-04 2.876461612071961119e-03 4.354628026686488233e-03 5.582437633726309266e-03 6.660207460988812680e-03 7.642860902963601911e-03 8.527241503915006585e-03 9.370284779600460134e-03 9.961710345228391369e-03 1.059830631824954482e-02 1.103789084771162471e-02 1.147917723539835372e-02 1.176487318383308278e-02 1.198015545557572920e-02 1.209227678411921823e-02 1.210707486493563419e-02 1.202669059044291985e-02 1.186724860756905794e-02 1.162747587550780337e-02 1.128668956769630222e-02 1.091052375106945672e-02 1.046694000424364980e-02 9.969039166200198421e-03 9.424459646444040273e-03 8.840901080002181930e-03 8.239875566491814199e-03 7.570692953940191990e-03 6.913247149733314258e-03 6.242717099914724121e-03 5.580629926162350950e-03 4.904144833856774466e-03 4.244144348514620850e-03 3.610093539235694707e-03 2.998184558615586606e-03 2.396470081045077704e-03 1.841537456064695202e-03 1.316391400189411863e-03 7.978791416359339202e-04 3.125710328918687936e-04 -1.567076323669118888e-04 -6.317241024427148587e-04 3.578141974747585863e+01 1.527189853477777692e+00 8.643713085437101373e-01 6.246153236310636458e-01 4.952367604864549300e-01 4.111084949441258241e-01 3.501865567514439448e-01 3.028816194333258660e-01 2.643395706528552380e-01 2.318446727806900420e-01 2.037745352100943375e-01 1.791209163140666527e-01 1.572413294731369038e-01 1.377146941683135284e-01 1.202536246487043853e-01 1.046480974213223475e-01 9.073103764769020751e-02 7.835791247685659766e-02 6.739577941130944772e-02 5.771914103277522162e-02 4.920773421734690733e-02 4.174733377063981343e-02 3.523040363058056734e-02 2.955705957581093724e-02 2.463521262299986705e-02 2.038069852566560744e-02 1.671794577850566413e-02 1.357838587496828196e-02 1.090147992391405675e-02 8.632629484812623377e-03 6.723900613086557752e-03 5.132158505428968155e-03 3.819454864558353632e-03 2.752128853714082453e-03 1.899788640826005019e-03 1.235370158637820502e-03 7.345602996220658605e-04 3.754362064704597495e-04 1.372690015570290857e-04 0.000000000000000000e+00
2.786560016272511976e-03 4.456434998556492270e-03 5.848030524489209597e-03 7.081537044210472684e-03 8.206088320260164146e-03 9.255237547537433287e-03 1.039722405295655933e-02 1.078916829687127758e-02 1.158101160700367345e-02 1.216412941008743892e-02 1.271253132836195135e-02 1.311110468658728892e-02 1.343597257582735370e-02 1.365727542198460868e-02 1.377859970889043148e-02 1.379995410100724219e-02 1.372862257096663444e-02 1.356923277052931621e-02 1.329081579383280427e-02 1.296911021257066317e-02 1.256545478533394739e-02 1.209431461118253698e-02 1.156414399019851935e-02 1.098219664130780510e-02 1.036707072064415279e-02 9.691694321800005743e-03 9.003159862632909710e-03 8.289389695174641248e-03 7.587204825706823398e-03 6.848828579073905527e-03 6.118759554623280118e-03 5.406867860303421480e-03 4.709810515572796299e-03 4.039410808668282733e-03 3.382026383316425258e-03 2.766441429923879175e-03 2.166191132155686171e-03 1.609186888806014328e-03 1.092469078684957413e-03 6.249954497445077374e-04 2.786528089467706602e-03 4.462735216875443611e-03 5.874987764211201183e-03 7.129784022165516072e-03 8.291373398700395067e-03 9.358020188653086088e-03 1.047848059337377902e-02 1.100462543406473086e-02 1.182830335393530823e-02 1.238572262306095878e-02 1.294686974863748681e-02 1.332016972118052305e-02 1.361278760995240575e-02 1.378164129525820056e-02 1.383438807078113571e-02 1.377216264661093766e-02 1.361720941241005046e-02 1.336695293110187928e-02 1.299833822026184513e-02 1.258534048345736137e-02 1.209225745919506427e-02 1.153411228243212891e-02 1.091984518916814390e-02 1.025846137086823540e-02 9.574297514217313537e-03 8.811095286646921168e-03 8.058928029892111281e-03 7.289837960338297132e-03 6.527219885249938361e-03 5.747895372723713266e-03 4.986436525474191410e-03 4.251144479924740677e-03 3.539607858114066519e-03 2.839745319787135864e-03 2.191027208476575318e-03 1.574696303017765605e-03 9.666246827767963849e-04 3.949886183165896947e-04 -1.593394137349236407e-04 -7.224617019989304284e-04 4.039239381768601334e+01 1.731798353378665167e+00 9.820126731082795546e-01 7.111789322875770036e-01 5.651739461122217145e-01 4.702606034859921902e-01 4.014963563310749439e-01 3.480384794098594914e-01 3.044024497991913991e-01 2.675232291008037833e-01 2.355747470416294231e-01 2.074283346042725407e-01 1.823712581533033783e-01 1.599420330439724480e-01 1.398297032171723353e-01 1.218091390489764170e-01 1.057016410395488631e-01 9.135186522009938748e-02 7.861539335282448360e-02 6.735440160226044415e-02 5.743549986931240081e-02 4.873083127501261214e-02 4.111914081295285628e-02 3.448709055967200815e-02 2.872967319783491583e-02 2.375046797716109243e-02 1.946259874552772051e-02 1.578703358164225759e-02 1.265366980039959316e-02 9.999359550725639770e-03 7.768258281202699254e-03 5.910147104171139740e-03 4.380654735495210193e-03 3.140348513906821883e-03 2.153489940082661640e-03 1.388149211923667614e-03 8.155349456207394016e-04 4.096144394746710493e-04 1.457252541981784077e-04 0.000000000000000000e+00
2.682779969062242930e-03 4.505131135244161249e-03 6.040717078296269776e-03 7.409950207543984819e-03 8.659511830542197461e-03 9.805921756836441169e-03 1.078916829687127758e-02 1.188435044475806904e-02 1.270831664699582919e-02 1.336915003815509345e-02 1.401705123227519473e-02 1.449351227846544174e-02 1.489373799242640038e-02 1.517467338310142522e-02 1.534066027662155281e-02 1.539140316532543358e-02 1.533565147024814126e-02 1.517877210919408616e-02 1.488611680931005779e-02 1.454242848256084332e-02 1.410454305188642635e-02 1.358877404597077371e-02 1.300478841947333951e-02 1.236079049046484232e-02 1.167861854064489342e-02 1.092434869419074174e-02 1.015647502063195609e-02 9.358982358270418606e-03 8.570273760396898005e-03 7.742512240191527263e-03 6.923689425244877738e-03 6.122780527019424171e-03 5.337358622875293390e-03 4.581809129492174851e-03 3.842364569556650563e-03 3.147186397804056790e-03 2.469980444605336580e-03 1.841182549750174872e-03 1.257491311450369522e-03 7.278914059100931224e-04 2.682743901112995440e-03 4.511282340524068284e-03 6.069744038663595943e-03 7.465611699615951578e-03 8.762822765570102077e-03 9.942007649921223711e-03 1.099788986269582651e-02 1.210177907674031897e-02 1.298933713226659188e-02 1.362150760730997806e-02 1.429473071309636523e-02 1.474939164308275777e-02 1.511761650434158798e-02 1.534225900863525789e-02 1.543257827340093619e-02 1.538877307702829836e-02 1.523910259742564804e-02 1.497984222033120830e-02 1.458525648357603816e-02 1.413823052343677646e-02 1.359896862580549370e-02 1.298445164355105721e-02 1.230489189943365438e-02 1.157055080527118890e-02 1.080890102113356982e-02 9.956484678013506270e-03 9.115516079898701093e-03 8.254055891351407340e-03 7.396868705878162364e-03 6.521045496338287797e-03 5.664700994229610910e-03 4.834993704814182815e-03 4.030773060022565558e-03 3.239599760807836994e-03 2.504087575711466240e-03 1.803683595177270468e-03 1.112498193717479517e-03 4.610875364245471957e-04 -1.721058378108167146e-04 -8.182392339580567145e-04 4.427940262452206355e+01 1.905367770079744894e+00 1.082388851474080704e+00 7.854724527077413532e-01 6.255461605181211748e-01 5.216016328779058409e-01 4.462535418267050136e-01 3.876040118600941886e-01 3.396387507155784191e-01 2.990003768231234149e-01 2.636942532316393639e-01 2.324945867413240053e-01 2.046348164378038736e-01 1.796252024893605914e-01 1.571405268850979975e-01 1.369478765478280846e-01 1.188627800103663756e-01 1.027238251581461259e-01 8.837898085917600399e-02 7.568126592443230605e-02 6.448677176363000474e-02 5.465615747782064104e-02 4.605623546385376188e-02 3.856172083881796719e-02 3.205597938890848708e-02 2.643144225469011219e-02 2.159091756275062501e-02 1.744579616362597341e-02 1.391718016832885034e-02 1.093412138747578734e-02 8.433478992129910673e-03 6.358552226681666447e-03 4.659045121978309945e-03 3.290211222729363949e-03 2.211372474895799845e-03 1.386091160526334515e-03 7.814307357005704016e-04 3.675559861783451901e-04 1.161905325549843481e-04 0.000000000000000000e+00
2.587804509676266441e-03 4.558776105920042329e-03 6.235570015742711997e-03 7.741547432473684133e-03 9.126141601644087789e-03 1.040900675829926382e-02 1.158101160700367345e-02 1.270831664699582919e-02 1.372816052557957085e-02 1.443924284098401650e-02 1.522402465688125692e-02 1.579569783955715040e-02 1.628840883427397010e-02 1.664278541224967559e-02 1.686522508817870844e-02 1.695572804170853223e-02 1.692492118074690605e-02 1.677922295421829801e-02 1.648035433312534243e-02 1.612234106873176517e-02 1.565741113478368723e-02 1.510375218922768367e-02 1.447224956184458254e-02 1.377200625724744366e-02 1.302834417799180952e-02 1.219952596805242220e-02 1.135659935226175470e-02 1.047912573460822207e-02 9.606333073651617677e-03 8.691328089491759390e-03 7.785070138680674420e-03 6.895574594760878369e-03 6.021315267794190643e-03 5.179301974006142104e-03 4.355162445031447553e-03 3.576961251691335338e-03 2.818202977684168987e-03 2.111921878599485377e-03 1.454373012597959041e-03 8.541146455782690130e-04 2.587766572697480175e-03 4.565664560076331327e-03 6.268047358851069201e-03 7.805125677996262862e-03 9.244487101038619328e-03 1.056595491426338095e-02 1.180911523918556742e-02 1.297639044380844917e-02 1.410165898945762650e-02 1.471015844541599324e-02 1.554728688385346828e-02 1.610219700331864956e-02 1.656348988274769507e-02 1.685735125633684023e-02 1.699630684256514535e-02 1.698045016162727516e-02 1.684456004957628553e-02 1.658419401094941847e-02 1.617101948870412406e-02 1.569712345816406604e-02 1.511853859794654205e-02 1.445424386109089507e-02 1.371572614366541737e-02 1.291447188689412960e-02 1.208118865969554610e-02 1.114455596198903053e-02 1.021959964652865635e-02 9.270038514462220630e-03 8.321561639769183699e-03 7.351930414319167092e-03 6.402623094141252601e-03 5.479542002014940738e-03 4.582797909666039109e-03 3.699558528926736971e-03 2.875662382049129495e-03 2.088892504630961763e-03 1.311539172378818705e-03 5.768848637336448839e-04 -1.388842273856849682e-04 -8.711473306372127714e-04 4.840143789008907049e+01 2.085473545747026591e+00 1.185233488351066899e+00 8.610198496787003775e-01 6.866987675713992489e-01 5.735310194020046826e-01 4.915382205328938658e-01 4.277012750358666904e-01 3.754425828432005896e-01 3.310938702257879562e-01 2.924812017688679378e-01 2.582755112598702496e-01 2.276530810661090420e-01 2.000944040425106374e-01 1.752596338230389128e-01 1.529083866412967452e-01 1.328510795872386019e-01 1.149210387194279509e-01 9.895942636640991941e-02 8.481084461374716055e-02 7.232153119552078846e-02 6.134122708227552484e-02 5.172530044460866422e-02 4.333695917183578300e-02 3.604835396698802263e-02 2.974114061870774747e-02 2.430818694407472363e-02 1.965168570741835860e-02 1.568429186237348810e-02 1.232762929918300270e-02 9.511578666394401166e-03 7.173306058524484691e-03 5.256870178585740239e-03 3.712497600408870557e-03 2.494816566703511769e-03 1.563093766348592865e-03 8.804492726880433148e-04 4.133894115038401810e-04 1.301453304816178424e-04 0.000000000000000000e+00
2.482110430230648895e-03 4.570428326360738425e-03 6.361357460074423646e-03 7.979294944586103402e-03 9.474769932059775787e-03 1.086754588801955995e-02 1.216412941008743892e-02 1.336915003815509345e-02 1.443924284098401650e-02 1.549573669339317748e-02 1.631018835344819756e-02 1.695586277046529436e-02 1.754193610988596941e-02 1.797111941981770905e-02 1.825216146106584114e-02 1.838515247345110654e-02 1.838258473448700636e-02 1.825205802066374311e-02 1.795146642098852802e-02 1.758455760517264529e-02 1.709861994153212550e-02 1.651371233119576509e-02 1.584189663205705367e-02 1.509308617898826033e-02 1.429647819581028774e-02 1.340078058344154263e-02 1.249166565889379618e-02 1.154338229129467895e-02 1.059492532563309497e-02 9.601714619884618371e-03 8.616847560537297529e-03 7.647370955623389137e-03 6.692533744069095909e-03 5.771938231806709139e-03 4.869979398066648195e-03 4.015445121476520982e-03 3.180807119142038154e-03 2.402211602885958620e-03 1.675177929935149201e-03 1.007502125340512889e-03 2.482069963214125589e-03 4.577217708946584342e-03 6.394368385495265150e-03 8.044824401606968933e-03 9.598017312727280190e-03 1.103021113865851680e-02 1.239534247133566164e-02 1.364027467605172760e-02 1.474364828219972522e-02 1.588855370585239707e-02 1.671391074592652737e-02 1.732912705726585151e-02 1.787682444498986389e-02 1.823669124272240052e-02 1.842338815710553232e-02 1.843627567110437196e-02 1.831623764942824292e-02 1.805817714984467651e-02 1.763080083176156790e-02 1.713565257752815152e-02 1.652412632166762665e-02 1.581706962073552158e-02 1.502709062393174123e-02 1.416676390325215425e-02 1.327024529033159900e-02 1.225686580385639338e-02 1.125611361759403135e-02 1.022660645505860284e-02 9.194403642272449065e-03 8.138533059332228245e-03 7.103562238092850888e-03 6.094092378545469882e-03 5.111392651742814423e-03 4.142060407146194723e-03 3.235280858324862240e-03 2.367166501690743177e-03 1.507612021237553571e-03 6.931237283337246275e-04 -1.027353940898766019e-04 -9.199372172536672164e-04 5.206514236143959096e+01 2.245123844790663625e+00 1.276319488346931763e+00 9.280220554732557803e-01 7.410863370432737574e-01 6.198825726889493071e-01 5.321230456117989061e-01 4.637900215488638955e-01 4.078043979064445157e-01 3.602218529889051890e-01 3.187105019718353138e-01 2.818520354820172602e-01 2.487752299716857463e-01 2.189377383549124534e-01 1.919902221605990777e-01 1.676887813757239332e-01 1.458418891272977302e-01 1.262802624848925748e-01 1.088405489110896157e-01 9.336097912647364772e-02 7.967978568811565077e-02 6.763749046736509951e-02 5.707958410192509602e-02 4.785923841670650797e-02 3.983878459603393957e-02 3.289042308405709658e-02 2.689833703539694712e-02 2.175672897149405136e-02 1.737094193894909988e-02 1.365623149580488110e-02 1.053647960780031666e-02 7.943635381641478074e-03 5.816900099382120437e-03 4.102211528839496205e-03 2.750137987070447668e-03 1.716213620444675741e-03 9.601123136033704302e-04 4.451066532046996029e-04 1.363220170434064813e-04 0.000000000000000000e+00
2.382723126078196713e-03 4.579199774161660935e-03 6.476763047033031948e-03 8.200245040318332110e-03 9.801157912576510464e-03 1.129972014582772757e-02 1.271253132836195135e-02 1.401705123227519473e-02 1.522402465688125692e-02 1.631018835344819756e-02 1.737273820575058192e-02 1.800266954632500152e-02 1.871954380645292002e-02 1.924093907303908030e-02 1.959407361995218685e-02 1.978127777320206129e-02 1.981763508503511795e-02 1.971236947984261051e-02 1.941952690692574576e-02 1.905296045580705255e-02 1.855475422723837711e-02 1.794682583363499395e-02 1.724236338411216235e-02 1.645201519187194927e-02 1.560914154924922595e-02 1.465154475451254518e-02 1.368112689896746129e-02 1.266618357712142803e-02 1.164468133675668204e-02 1.057552829121428777e-02 9.513447307630800570e-03 8.464566693281688758e-03 7.429022917500304433e-03 6.429164451536658990e-03 5.447885800692110238e-03 4.515413099995871198e-03 3.602841711330569390e-03 2.749837942032143465e-03 1.951140115063101921e-03 1.214218018067169053e-03 2.382681086500979331e-03 4.586338311055550808e-03 6.511969039719627157e-03 8.271501408696823460e-03 9.936294493414356277e-03 1.148058240074305812e-02 1.296991071626755511e-02 1.433116952416854141e-02 1.560228654869939488e-02 1.673722892741124138e-02 1.784783412505333913e-02 1.842357220618198385e-02 1.910774445945638902e-02 1.955782286977951132e-02 1.981025004663213018e-02 1.986682624863992178e-02 1.977558946908385476e-02 1.953160019591244911e-02 1.910074788410233773e-02 1.859453353199269979e-02 1.795957390723394720e-02 1.721866536177873649e-02 1.638555473958103539e-02 1.547389646542772501e-02 1.452150832621242928e-02 1.343731979963867611e-02 1.236646363617225838e-02 1.126192626440493741e-02 1.014968717845015148e-02 9.010559105648250147e-03 7.892053688059506508e-03 6.797452348082964196e-03 5.729283986386586071e-03 4.673655322902805706e-03 3.683298853419699707e-03 2.732903941984068507e-03 1.789850066384856327e-03 8.943316255855045683e-04 1.724533988483475957e-05 -8.854024003145326933e-04 5.558577834752360758e+01 2.396431219301627280e+00 1.361993996995463529e+00 9.908153014167162542e-01 7.920165752245886814e-01 6.633346629746554868e-01 5.702609194673803339e-01 4.978164773404575860e-01 4.384394049348925848e-01 3.879198197161181083e-01 3.437742162515448063e-01 3.044991143334180861e-01 2.691784581120033049e-01 2.372488911737069273e-01 2.083529509338028773e-01 1.822443912009207856e-01 1.587308742219734059e-01 1.376417174416892653e-01 1.188103636284939257e-01 1.020700672632180034e-01 8.725252553953637136e-02 7.419051585928410075e-02 6.272110629406511817e-02 5.268885509043724769e-02 4.394763971770277583e-02 3.636146352775884716e-02 2.980700156976788529e-02 2.417152192846402231e-02 1.935399663276490823e-02 1.526411213109415445e-02 1.182043686053919906e-02 8.950285508690159972e-03 6.588438586502050331e-03 4.676892351832181646e-03 3.162428024377772050e-03 1.997033478881415913e-03 1.137078725965392969e-03 5.426817045783641213e-04 1.759199533679088091e-04 0.000000000000000000e+00
2.288784627743668983e-03 4.564322720706244681e-03 6.541957505773870855e-03 8.345968827858140163e-03 1.002823622772943367e-02 1.160892135220501116e-02 1.311110468658728892e-02 1.449351227846544174e-02 1.579569783955715040e-02 1.695586277046529436e-02 1.800266954632500152e-02 1.902455847169954098e-02 1.976601255964725856e-02 2.035807459694024407e-02 2.077671305034189952e-02 2.101724819012366907e-02 2.109453794060944104e-02 2.101842263262985663e-02 2.073818635209807512e-02 2.037813562039388765e-02 1.987446602378371147e-02 1.925083656472228663e-02 1.852143005520753491e-02 1.769750062279121933e-02 1.681693570597490167e-02 1.580480121253378598e-02 1.478138742482384277e-02 1.370811681444293433e-02 1.262111333828383648e-02 1.148387659450507414e-02 1.035225910737875774e-02 9.231442339026100022e-03 8.122490688761207361e-03 7.050580109869946342e-03 5.996644610929966097e-03 4.993254807535788160e-03 4.009392776386039303e-03 3.088862116116744203e-03 2.225372680695054343e-03 1.425846429453247848e-03 2.288740536620884492e-03 4.571417132930005907e-03 6.577966912385490271e-03 8.420071220485934524e-03 1.017037390494080450e-02 1.180081799383210506e-02 1.338488376405953632e-02 1.483481891184212920e-02 1.621336768777757037e-02 1.741399362904060694e-02 1.848849753828191514e-02 1.950805099046971913e-02 2.021318347154028514e-02 2.072870472994082017e-02 2.103881518171339324e-02 2.113746502270774305e-02 2.107650689194186938e-02 2.085014889014741996e-02 2.042048663689523258e-02 1.990927123509520988e-02 1.925767293579375150e-02 1.849032732597489029e-02 1.762200077985943622e-02 1.666733720287396150e-02 1.566810233558223880e-02 1.452126742681117237e-02 1.338939811166637954e-02 1.221904505443622245e-02 1.103569084200797107e-02 9.822334945905302275e-03 8.629361528228140371e-03 7.458610672587772869e-03 6.313874844074465406e-03 5.180679926962007686e-03 4.115497186597709585e-03 3.091759140505606629e-03 2.073905974517946393e-03 1.106540479477338950e-03 1.578927693440591883e-04 -8.197792127070083375e-04 5.845869887933569942e+01 2.519076504852850729e+00 1.431259209135892663e+00 1.041636374412975519e+00 8.333864711528643499e-01 6.988153242758954331e-01 6.015961204887341207e-01 5.259620018485927639e-01 4.639548722529133751e-01 4.111473743486472876e-01 3.649327493019062230e-01 3.237397368892562244e-01 2.866183390102092221e-01 2.529912826770220335e-01 2.224979290337907034e-01 1.948934955081630116e-01 1.699880751821620239e-01 1.476125718029258627e-01 1.276001040235704986e-01 1.097817416415641373e-01 9.398537422196688584e-02 8.003866913571378028e-02 6.777278373027877112e-02 5.702606006421353374e-02 4.764617340953198471e-02 3.949103604784130750e-02 3.243174968044645196e-02 2.635043657690105262e-02 2.114132317487257828e-02 1.670992522152269649e-02 1.297074520185579477e-02 9.847522431659873690e-03 7.271446892046641401e-03 5.181271626400646077e-03 3.520457691553194324e-03 2.237778643381511858e-03 1.286496177064816405e-03 6.236222496777433242e-04 2.081069622778459777e-04 0.000000000000000000e+00
2.179006017646704235e-03 4.521213703300099203e-03 6.568063293993856890e-03 8.442820441930008399e-03 1.019757006593508854e-02 1.185255980902846958e-02 1.343597257582735370e-02 1.489373799242640038e-02 1.628840883427397010e-02 1.754193610988596941e-02 1.871954380645292002e-02 1.976601255964725856e-02 2.062819313270579033e-02 2.131680050637042509e-02 2.181828800818151268e-02 2.212744553998005625e-02 2.226010823436448335e-02 2.222713803994633142e-02 2.197271895805362821e-02 2.163232857404012721e-02 2.113573725150061713e-02 2.050837626688269827e-02 1.976537124115563052e-02 1.891852651059729509e-02 1.801044139773244276e-02 1.695241006171863823e-02 1.588427982464615806e-02 1.476009745701218311e-02 1.361355894401518156e-02 1.241343442443993209e-02 1.121658415392861978e-02 1.002686044255367281e-02 8.846409589498453047e-03 7.703417588044662173e-03 6.576295634741666576e-03 5.500454883852414108e-03 4.442453449106059486e-03 3.450229619666721551e-03 2.516224033786452867e-03 1.646585932279443203e-03 2.178960553018683983e-03 4.528359068513162188e-03 6.605030121645226460e-03 8.519915467658725414e-03 1.034667856758503604e-02 1.205553886239536625e-02 1.372642387420534502e-02 1.526210505627088529e-02 1.674417943998122646e-02 1.804059941213663129e-02 1.925936707852558480e-02 2.030469483378464710e-02 2.113175774399042584e-02 2.174252409523616536e-02 2.213077577597844653e-02 2.228938211177908593e-02 2.227533354682504491e-02 2.208246731417676592e-02 2.166875847194760230e-02 2.116691963929777723e-02 2.051217198172466602e-02 1.973102041521524949e-02 1.883919195583668230e-02 1.785224983989165681e-02 1.681600575134986619e-02 1.561469855266839867e-02 1.442909090286740616e-02 1.319893364282486749e-02 1.194888958282108553e-02 1.066441702809300604e-02 9.398957337251812733e-03 8.152519153091992640e-03 6.930360036412410406e-03 5.717479662230707908e-03 4.573942776955788013e-03 3.472004173465183946e-03 2.372933610203270104e-03 1.325635839459925972e-03 2.952026233399322936e-04 -7.700889564985732069e-04 6.115522931220376535e+01 2.631947996826851544e+00 1.494010387529008943e+00 1.087263180157555853e+00 8.703916401481009979e-01 7.305550108499992978e-01 6.297064440000239571e-01 5.513325688050222384e-01 4.870995916356784528e-01 4.323737381198583529e-01 3.844308318642130629e-01 3.416345249839173315e-01 3.030015429167070007e-01 2.679403399630252980e-01 2.360864704726184926e-01 2.071961981459710944e-01 1.810820879990586718e-01 1.575772173506598262e-01 1.365154671329942837e-01 1.177271947003999675e-01 1.010382331939704698e-01 8.627302554475020646e-02 7.325875571246993900e-02 6.182949211411970653e-02 5.182860087699777546e-02 4.310969951374936382e-02 3.554002068168647666e-02 2.899814352389382469e-02 2.337502842941198769e-02 1.857336019142841535e-02 1.450480898225140793e-02 1.109066906239149046e-02 8.259502494027770245e-03 5.947718280767142450e-03 4.096273481143248608e-03 2.651451528492883552e-03 1.564069052398455763e-03 7.886137791171623536e-04 2.814790781963891490e-04 0.000000000000000000e+00
