3.348753055797356638e-03 3.244020890085677709e-03 3.149587655373152148e-03 3.058415814786511356e-03 2.968736960151073696e-03 2.876490962011146301e-03 2.786560016272511976e-03 2.682779969062242930e-03 2.587804509676266441e-03 2.482110430230648895e-03 2.382723126078196713e-03 2.288784627743668983e-03 2.179006017646704235e-03 2.071763873429040802e-03 1.964193851371726085e-03 1.857501529069806312e-03 1.750689822900246577e-03 1.644477462476674019e-03 1.524697476194912049e-03 1.422222107836299248e-03 1.318288879856647101e-03 1.216556791113590800e-03 1.117821492666666540e-03 1.021252159232858940e-03 9.335453445027670598e-04 8.392489231229217569e-04 7.530988182836451670e-04 6.706848882625113467e-04 6.015103666176597119e-04 5.212426090075779773e-04 4.427525192436360764e-04 3.814758877105930653e-04 3.267877734580872237e-04 2.787845764981740880e-04 2.077296688246826244e-04 1.684238671818745774e-04 1.156474222157341351e-04 7.459736668418210010e-05 3.869935817385516849e-05 1.681144966396873119e-05 3.348748860540052760e-03 3.244731311048514033e-03 3.150303358030375877e-03 3.058196663051994824e-03 2.967847767511075981e-03 2.867923438937527037e-03 2.774468367455297946e-03 2.659908002315465852e-03 2.557202635085678664e-03 2.442468536263723254e-03 2.333416251897544973e-03 2.224256198352869696e-03 2.104031894329878513e-03 1.985738090047921723e-03 1.867247313416721443e-03 1.757336955685747087e-03 1.643339214068096753e-03 1.530676374205356934e-03 1.407755471409436777e-03 1.303518913663963752e-03 1.199756931468095754e-03 1.099790982490195549e-03 1.004084479194969435e-03 9.129332436363633580e-04 8.358761526768690225e-04 7.369867601062875034e-04 6.602546348768536556e-04 5.884169971593934938e-04 5.274289562926964305e-04 4.587483575007973366e-04 3.949860916758043744e-04 3.486826737138984237e-04 3.073589050351293933e-04 2.573410589379239465e-04 2.237316292801759716e-04 1.986530838699704002e-04 1.575542693507183680e-04 1.279051396169905654e-04 1.006581533461405249e-04 7.838258786998795525e-05 1.079264676519209711e-03 1.103043313164327915e-04 1.037310496997063052e-04 5.193355246106659984e-04 -1.053325321982400915e-05 3.745108503906575677e-04 6.783348124197376584e-04 1.815218309700388443e-04 6.925532844184202879e-04 1.030682985609195383e-03 1.473616274925472437e-03 1.306028387090975469e-03 2.604879693010753432e-03 1.142561442395939163e-03 1.758369787056854663e-03 7.693528016874170289e-04 2.187621754024717067e-03 8.893223764193634168e-03 7.827437889520604333e-03 6.764605186849313072e-04 -4.726064305688412390e-03 8.106385210143643829e-04 1.427195699132142396e-03 6.945434852101160577e-04 -7.335370323926075110e-04 1.857431283389636510e-03 1.386720585461630650e-04 5.415361708202505366e-04 4.864992626074165442e-04 2.578217663073033490e-04 1.445691544353599556e-03 1.059402193502010075e-03 8.114660852812850171e-04 6.726915702003635972e-04 8.875439387034641039e-04 -1.140333962697630401e-04 7.402313393927948413e-04 1.174858876521248791e-03 -1.415432927108978452e-03 8.520189189424306813e-04
3.244020890085677709e-03 3.610314191719596246e-03 3.864257434033725042e-03 4.063161103226907954e-03 4.223708968060174186e-03 4.349222950835545526e-03 4.456434998556492270e-03 4.505131135244161249e-03 4.558776105920042329e-03 4.570428326360738425e-03 4.579199774161660935e-03 4.564322720706244681e-03 4.521213703300099203e-03 4.460828681543335672e-03 4.381657446618878772e-03 4.284868199030132489e-03 4.170820041955962572e-03 4.040967320157896198e-03 3.878865170647986631e-03 3.722111415333077995e-03 3.549314867150946996e-03 3.365962497144893081e-03 3.174207119655382894e-03 2.974929492405318197e-03 2.776058238862332776e-03 2.563403601313928026e-03 2.353405858678772871e-03 2.142260881165468280e-03 1.945731144078706237e-03 1.733818609749611514e-03 1.525442032803652924e-03 1.335315430437382682e-03 1.154365954430908951e-03 9.842352332315906956e-04 7.998532131380961486e-04 6.493470135792222620e-04 4.925921482874329269e-04 3.538708674808913718e-04 2.278649319625612811e-04 1.238787411342037400e-04 3.244014823752533992e-03 3.612248840978298913e-03 3.870960528412087202e-03 4.071792617875409116e-03 4.239912301388090027e-03 4.362471831292816411e-03 4.472779674254382873e-03 4.517721677660093554e-03 4.572021808446543115e-03 4.571631249303669334e-03 4.574036048846399222e-03 4.541456635793278407e-03 4.483732529832263822e-03 4.404809106966218850e-03 4.304420256506988167e-03 4.190123017732446178e-03 4.054830777520893742e-03 3.902847775491010470e-03 3.721094675339427487e-03 3.545340954576935415e-03 3.355157006586079443e-03 3.155884879820300241e-03 2.949567521750398255e-03 2.738193441002784514e-03 2.533509435215414250e-03 2.298648767091910749e-03 2.082741814351588699e-03 1.868289537152351219e-03 1.665097093057008211e-03 1.453765100932984502e-03 1.250353377431016834e-03 1.067232534690706631e-03 8.939865447323312253e-04 7.176912110808996229e-04 5.653273346371580615e-04 4.272141326812279628e-04 2.799862597457602456e-04 1.495209911248734621e-04 2.519226255026121402e-05 -9.591525412390494905e-05 1.140976288217633063e-03 -1.359677066213411869e-04 -1.014918059927805003e-04 8.761580377217694296e-05 -3.810996826746895424e-04 1.509213282203389968e-04 5.354738032241393691e-05 -1.053791803315049593e-04 7.228601816137407302e-04 1.448155005569142601e-03 2.039324356420543164e-03 2.042745169562921754e-03 2.850092803848066052e-03 3.027137630018556045e-03 3.695659353507954690e-03 2.491013731654856747e-03 5.374796529372630194e-03 1.368032846783440691e-02 8.339520491677087505e-03 3.450061169553848752e-03 -4.062727846390401694e-03 3.824687542081587309e-03 4.509751269322324202e-03 4.532093324946096131e-03 2.430558746168323507e-03 4.691171153168502243e-03 3.338399605989855225e-03 3.227954823232017604e-03 3.112590299893061921e-03 2.665214514735583969e-03 3.523637806608991441e-03 3.196654612178207160e-03 2.117202660540650708e-03 1.776338423518483874e-03 1.808745863305931357e-03 4.568327523846584339e-04 1.169824545778272483e-03 1.528589384262799434e-03 -1.171422010525702143e-03 1.409589140755049047e-03
3.149587655373152148e-03 3.864257434033725042e-03 4.405179401958306436e-03 4.853712988923891171e-03 5.236059205009771685e-03 5.558938645607611889e-03 5.848030524489209597e-03 6.040717078296269776e-03 6.235570015742711997e-03 6.361357460074423646e-03 6.476763047033031948e-03 6.541957505773870855e-03 6.568063293993856890e-03 6.558579186899981747e-03 6.513114563501213108e-03 6.432657460816063738e-03 6.318895321277164315e-03 6.173928928791218816e-03 5.978840782327036509e-03 5.778143037795885686e-03 5.547566396988276756e-03 5.294381623873764195e-03 5.022039023384085310e-03 4.732953904516046945e-03 4.436565758334409110e-03 4.118585498752467405e-03 3.798646140092023626e-03 3.472716722937630156e-03 3.162250050325385916e-03 2.832044724589366080e-03 2.506842166670085296e-03 2.200549437411057022e-03 1.905463639520473939e-03 1.624891393784391432e-03 1.337721794380189065e-03 1.086209104902195093e-03 8.345464971216005326e-04 6.067107876227926123e-04 3.983941832758471839e-04 2.192812186392936442e-04 3.149573589855722555e-03 3.867251820381130585e-03 4.417052480326469875e-03 4.871375782775611528e-03 5.268781770572347409e-03 5.593117424609965992e-03 5.891795796117531292e-03 6.088225182677078386e-03 6.291924685283787136e-03 6.403424234313973180e-03 6.515834471763170925e-03 6.561236167247751043e-03 6.568873351084378830e-03 6.533762125159579999e-03 6.457276415294610841e-03 6.345622923684072353e-03 6.197378205488276483e-03 6.015547185837598343e-03 5.785419445714672614e-03 5.549757403622956886e-03 5.285658034885939126e-03 5.000422363833616907e-03 4.697579453386177897e-03 4.380688120852447610e-03 4.063794327569618912e-03 3.708020506303848478e-03 3.368694041674261033e-03 3.027376230790678260e-03 2.697373481535775969e-03 2.358301828617630387e-03 2.029747114375276325e-03 1.723665835433379687e-03 1.431480931337111330e-03 1.140775905144420042e-03 8.806136923527806094e-04 6.394820000233074472e-04 3.947639474983782198e-04 1.715532345536922127e-04 -4.221119531748027430e-05 -2.543548291397409533e-04 1.213543340102715825e-03 -3.668182430503652450e-04 -3.148000819312147505e-04 -3.197679548386047656e-04 -7.381724422486648195e-04 -6.818126672452196177e-05 -4.134708707571358669e-04 -4.554417768271730145e-04 6.782577033280074146e-04 1.681757286959156177e-03 2.441269749599949204e-03 2.636415176155976550e-03 2.971219865878902636e-03 4.493655516715056204e-03 5.404739236190745331e-03 3.990882924715485891e-03 8.049074612028450301e-03 1.789803288035448151e-02 8.705092439477448568e-03 5.918196707132436507e-03 -3.173769270280074259e-03 6.493383643125288408e-03 7.325016035492280288e-03 7.832490974044382590e-03 5.155324221870183007e-03 7.178308991522493882e-03 6.112492315900416688e-03 5.647107399191064053e-03 5.457138535854196351e-03 4.813165086150098665e-03 5.358035026045630637e-03 5.092928878995639334e-03 3.222949767994422090e-03 2.766507027320319698e-03 2.631536586009214970e-03 9.813576832539275870e-04 1.566953531300517522e-03 1.866219848444282620e-03 -9.286401937848280273e-04 1.546636600320358415e-03
3.058415814786511356e-03 4.063161103226907954e-03 4.853712988923891171e-03 5.526228275968660467e-03 6.111462108958263216e-03 6.618691420010495464e-03 7.081537044210472684e-03 7.409950207543984819e-03 7.741547432473684133e-03 7.979294944586103402e-03 8.200245040318332110e-03 8.345968827858140163e-03 8.442820441930008399e-03 8.486672510691968541e-03 8.478112118129259300e-03 8.417861821445141515e-03 8.308936531298253061e-03 8.154036891763156297e-03 7.931567059362638547e-03 7.693244835486938438e-03 7.411658078723269878e-03 7.095855876545440269e-03 6.750563106092398111e-03 6.379590107713113689e-03 5.994205619490439695e-03 5.578748812122474865e-03 5.157540340474837948e-03 4.725568417065990554e-03 4.309316376562889912e-03 3.869036408505084103e-03 3.435043458311749266e-03 3.020327167655954392e-03 2.618416758943610360e-03 2.234463082455232213e-03 1.850472626399461305e-03 1.503796099033413800e-03 1.162120217686294548e-03 8.496622997672683515e-04 5.628276002706364845e-04 3.114356456523626176e-04 3.058395238485604305e-03 4.067027780495301170e-03 4.869810193152772880e-03 5.553005926292285677e-03 6.160190374761904085e-03 6.672613111112679803e-03 7.151225740598216203e-03 7.492084118854893358e-03 7.840761606550873675e-03 8.062618065175717816e-03 8.284215479805406498e-03 8.408528251884336488e-03 8.483393913754412943e-03 8.494889635211257117e-03 8.445903044595462136e-03 8.341238523642694261e-03 8.185226286577744481e-03 7.979458126170436982e-03 7.707424713213327852e-03 7.419139362837575899e-03 7.088953782391456578e-03 6.726103680973158708e-03 6.335549490108354290e-03 5.922344034034777993e-03 5.502963754884242394e-03 5.035572478252165612e-03 4.582737792551065496e-03 4.124472800820194567e-03 3.677228589224159315e-03 3.219615200185516491e-03 2.774893670720010412e-03 2.354350020988439998e-03 1.951084226771157473e-03 1.552981150481999627e-03 1.191383269784470874e-03 8.529240541836519444e-04 5.152545532891619198e-04 2.033463773611558876e-04 -9.639914449058286565e-05 -3.965532218900848205e-04 1.289268777787641899e-03 -5.790132352079794707e-04 -5.308895119133916598e-04 -7.022967172034843587e-04 -1.084148111303526348e-03 -2.820245724673701342e-04 -8.229042831328661723e-04 -8.298455471513771107e-04 5.951439762752438242e-04 1.796474235857978274e-03 2.733300066857223889e-03 3.134850403924527296e-03 2.984503556683829571e-03 5.704308384379902855e-03 6.948123439054276936e-03 5.351600482338066817e-03 1.025512592446584104e-02 2.198333042835544718e-02 9.003654609160775465e-03 8.192612706136560841e-03 -2.098757284176323238e-03 8.942401991697114180e-03 9.992484316003391251e-03 1.076543514820251478e-02 7.598103580360388368e-03 9.442316455864119967e-03 8.625601091199652098e-03 7.918615637525570905e-03 7.643965347490425284e-03 6.820332279657169948e-03 7.056887048708719752e-03 6.848508557627391857e-03 4.234737121343948481e-03 3.715507660030775532e-03 3.422868490569016316e-03 1.512754771610927982e-03 1.977170497687236791e-03 2.229707289964646521e-03 -6.668247521394724464e-04 1.494229173717805895e-03
2.968736960151073696e-03 4.223708968060174186e-03 5.236059205009771685e-03 6.111462108958263216e-03 6.886341216585476800e-03 7.569745156198676508e-03 8.206088320260164146e-03 8.659511830542197461e-03 9.126141601644087789e-03 9.474769932059775787e-03 9.801157912576510464e-03 1.002823622772943367e-02 1.019757006593508854e-02 1.029706960548191705e-02 1.032821909636161446e-02 1.029143107538909446e-02 1.019106313561448166e-02 1.003040116993642560e-02 9.784942004283914835e-03 9.513976412675663116e-03 9.186653041420744792e-03 8.813810028889614706e-03 8.401436797276369897e-03 7.954620173805677236e-03 7.486779800258472166e-03 6.979690688683122882e-03 6.463801837850784333e-03 5.932423800600935410e-03 5.416320742424176465e-03 4.872026672913901471e-03 4.335075684524309497e-03 3.817451652894324025e-03 3.313808897210714262e-03 2.831343309263955211e-03 2.354320974867216924e-03 1.916221317379831254e-03 1.487440545713428902e-03 1.092950766527132651e-03 7.296158358294839398e-04 4.071961849093078318e-04 2.968711525020860300e-03 4.228449309849549240e-03 5.256356897211445986e-03 6.146709094673354426e-03 6.952839019407963672e-03 7.640247156832607849e-03 8.298736484791973192e-03 8.776003487243035084e-03 9.268287543568820216e-03 9.599914955585151996e-03 9.931116375008014474e-03 1.013572226364760874e-02 1.027992833992496212e-02 1.034067090709034006e-02 1.032229163116793469e-02 1.022819875340620459e-02 1.006855559553210960e-02 9.843473567712719002e-03 9.534424216927296983e-03 9.198975016996232407e-03 8.808403430423704730e-03 8.373854877790605847e-03 7.901686762921789758e-03 7.398429988687543930e-03 6.883203976924585563e-03 6.310436695767664833e-03 5.750983492473425197e-03 5.182779656512970061e-03 4.625015668610305691e-03 4.055357573234590757e-03 3.500793296733087628e-03 2.971688222331772891e-03 2.462676231262429360e-03 1.961759709647534732e-03 1.502757196030192477e-03 1.070451152238422647e-03 6.423085349956219854e-04 2.437852091221911328e-04 -1.403984806391702755e-04 -5.275033136542868093e-04 1.365952167157835021e-03 -7.717193526008864516e-04 -7.504652085154234252e-04 -1.045789333507826701e-03 -1.420375163587032571e-03 -4.885438721626080049e-04 -1.203413264521994985e-03 -1.218604186686312110e-03 4.805616534141294530e-04 1.825588908626777935e-03 2.933919382107081763e-03 3.555385871837209080e-03 2.861241241059494893e-03 6.711102045523068861e-03 8.324934157820649758e-03 6.545117802350692432e-03 1.239534426478026453e-02 2.632381902908287677e-02 9.272966961149967449e-03 1.031357382698189044e-02 -9.149269275793898591e-04 1.111969486295177889e-02 1.275109952062521666e-02 1.354139384081190153e-02 9.852458345708171861e-03 1.155685262114733956e-02 1.096896781510156398e-02 1.010253851020746427e-02 9.733740354693600286e-03 8.743602753918611192e-03 8.670053672054861896e-03 8.507543243522196555e-03 5.198507707320209129e-03 4.648424317134134016e-03 4.207081352302850623e-03 2.068617829262506778e-03 2.416663654992127694e-03 2.636589215670512645e-03 -3.849196247050691469e-04 1.361084875391600172e-03
2.876490962011146301e-03 4.349222950835545526e-03 5.558938645607611889e-03 6.618691420010495464e-03 7.569745156198676508e-03 8.433036143305124369e-03 9.255237547537433287e-03 9.805921756836441169e-03 1.040900675829926382e-02 1.086754588801955995e-02 1.129972014582772757e-02 1.160892135220501116e-02 1.185255980902846958e-02 1.200994201339616006e-02 1.208343527417059422e-02 1.207314625659993389e-02 1.198481350802910704e-02 1.182233408960670432e-02 1.155804909336533362e-02 1.125927288750444739e-02 1.089137700175140007e-02 1.046699533647674901e-02 9.993340865349175858e-03 9.476612927300818306e-03 8.932655331327274059e-03 8.339353426784113996e-03 7.734796989584843269e-03 7.109901404262329409e-03 6.498871779864330914e-03 5.855573636053906794e-03 5.220283763057210341e-03 4.603953698038974751e-03 4.002274143339170503e-03 3.424681312697107956e-03 2.856857071970740972e-03 2.329491509777461503e-03 1.814873467095304976e-03 1.339261361411118708e-03 8.996918986877460627e-04 5.055922513477580571e-04 2.876461612071961119e-03 4.354628026686488233e-03 5.582437633726309266e-03 6.660207460988812680e-03 7.642860902963601911e-03 8.527241503915006585e-03 9.370284779600460134e-03 9.961710345228391369e-03 1.059830631824954482e-02 1.103789084771162471e-02 1.147917723539835372e-02 1.176487318383308278e-02 1.198015545557572920e-02 1.209227678411921823e-02 1.210707486493563419e-02 1.202669059044291985e-02 1.186724860756905794e-02 1.162747587550780337e-02 1.128668956769630222e-02 1.091052375106945672e-02 1.046694000424364980e-02 9.969039166200198421e-03 9.424459646444040273e-03 8.840901080002181930e-03 8.239875566491814199e-03 7.570692953940191990e-03 6.913247149733314258e-03 6.242717099914724121e-03 5.580629926162350950e-03 4.904144833856774466e-03 4.244144348514620850e-03 3.610093539235694707e-03 2.998184558615586606e-03 2.396470081045077704e-03 1.841537456064695202e-03 1.316391400189411863e-03 7.978791416359339202e-04 3.125710328918687936e-04 -1.567076323669118888e-04 -6.317241024427148587e-04 1.443921900753922108e-03 -9.482309809793181693e-04 -9.680999636287443335e-04 -1.363864039847951766e-03 -1.751744144888099089e-03 -6.900335736750469722e-04 -1.570970770317032259e-03 -1.621388356040288047e-03 3.346548879936820970e-04 1.793739238487710407e-03 3.057798446437106927e-03 3.923452533937557378e-03 2.560501043793076553e-03 7.553025132272303023e-03 9.556607309740412087e-03 7.607240260447330725e-03 1.428908534625389880e-02 3.201680607345297469e-02 9.600725649589792604e-03 1.237687060356201275e-02 4.425918699683705545e-04 1.355381165946927154e-02 1.428688931245511787e-02 1.607265733340477315e-02 1.185150730626972036e-02 1.347534494016291648e-02 1.312600373459353771e-02 1.217820422563344746e-02 1.171508656588830105e-02 1.057813647845029861e-02 1.019469904159665818e-02 1.006849025999771545e-02 6.117503480774089640e-03 5.559987641785208920e-03 4.984494131469486243e-03 2.650703027545167016e-03 2.890907683040456512e-03 3.098322711748801531e-03 -8.186857781786322766e-05 1.217427202740542546e-03
2.786560016272511976e-03 4.456434998556492270e-03 5.848030524489209597e-03 7.081537044210472684e-03 8.206088320260164146e-03 9.255237547537433287e-03 1.039722405295655933e-02 1.078916829687127758e-02 1.158101160700367345e-02 1.216412941008743892e-02 1.271253132836195135e-02 1.311110468658728892e-02 1.343597257582735370e-02 1.365727542198460868e-02 1.377859970889043148e-02 1.379995410100724219e-02 1.372862257096663444e-02 1.356923277052931621e-02 1.329081579383280427e-02 1.296911021257066317e-02 1.256545478533394739e-02 1.209431461118253698e-02 1.156414399019851935e-02 1.098219664130780510e-02 1.036707072064415279e-02 9.691694321800005743e-03 9.003159862632909710e-03 8.289389695174641248e-03 7.587204825706823398e-03 6.848828579073905527e-03 6.118759554623280118e-03 5.406867860303421480e-03 4.709810515572796299e-03 4.039410808668282733e-03 3.382026383316425258e-03 2.766441429923879175e-03 2.166191132155686171e-03 1.609186888806014328e-03 1.092469078684957413e-03 6.249954497445077374e-04 2.786528089467706602e-03 4.462735216875443611e-03 5.874987764211201183e-03 7.129784022165516072e-03 8.291373398700395067e-03 9.358020188653086088e-03 1.047848059337377902e-02 1.100462543406473086e-02 1.182830335393530823e-02 1.238572262306095878e-02 1.294686974863748681e-02 1.332016972118052305e-02 1.361278760995240575e-02 1.378164129525820056e-02 1.383438807078113571e-02 1.377216264661093766e-02 1.361720941241005046e-02 1.336695293110187928e-02 1.299833822026184513e-02 1.258534048345736137e-02 1.209225745919506427e-02 1.153411228243212891e-02 1.091984518916814390e-02 1.025846137086823540e-02 9.574297514217313537e-03 8.811095286646921168e-03 8.058928029892111281e-03 7.289837960338297132e-03 6.527219885249938361e-03 5.747895372723713266e-03 4.986436525474191410e-03 4.251144479924740677e-03 3.539607858114066519e-03 2.839745319787135864e-03 2.191027208476575318e-03 1.574696303017765605e-03 9.666246827767963849e-04 3.949886183165896947e-04 -1.593394137349236407e-04 -7.224617019989304284e-04 1.520260800704163620e-03 -1.090362889208569292e-03 -1.161334179785941754e-03 -1.636339088411142015e-03 -2.061652550993746912e-03 -8.773846654917345691e-04 -1.924552332255621617e-03 -2.034959147244944349e-03 1.489507440292408484e-04 1.697848982040072808e-03 3.081500279041736803e-03 4.206085907134756233e-03 1.945958424976533584e-03 8.141048672786586546e-03 1.047647794647536476e-02 8.272587251638879521e-03 1.552189159465157398e-02 5.440096565276469204e-02 1.075133821722876540e-02 1.457605628802999438e-02 1.932171922905488249e-03 1.557836524318458905e-02 1.590316003933558986e-02 1.900625621002768190e-02 1.402452967798670236e-02 1.553748697384045412e-02 1.541554078996135689e-02 1.441583011231372703e-02 1.383849056657285477e-02 1.255638420716025105e-02 1.184234225353142725e-02 1.173025363619844413e-02 7.181327192395049047e-03 6.618552035190019070e-03 5.916890693877473011e-03 3.408872542226252904e-03 3.546260496291181626e-03 3.759107691846351289e-03 3.708404250135817221e-04 1.231666740699281391e-03
2.682779969062242930e-03 4.505131135244161249e-03 6.040717078296269776e-03 7.409950207543984819e-03 8.659511830542197461e-03 9.805921756836441169e-03 1.078916829687127758e-02 1.188435044475806904e-02 1.270831664699582919e-02 1.336915003815509345e-02 1.401705123227519473e-02 1.449351227846544174e-02 1.489373799242640038e-02 1.517467338310142522e-02 1.534066027662155281e-02 1.539140316532543358e-02 1.533565147024814126e-02 1.517877210919408616e-02 1.488611680931005779e-02 1.454242848256084332e-02 1.410454305188642635e-02 1.358877404597077371e-02 1.300478841947333951e-02 1.236079049046484232e-02 1.167861854064489342e-02 1.092434869419074174e-02 1.015647502063195609e-02 9.358982358270418606e-03 8.570273760396898005e-03 7.742512240191527263e-03 6.923689425244877738e-03 6.122780527019424171e-03 5.337358622875293390e-03 4.581809129492174851e-03 3.842364569556650563e-03 3.147186397804056790e-03 2.469980444605336580e-03 1.841182549750174872e-03 1.257491311450369522e-03 7.278914059100931224e-04 2.682743901112995440e-03 4.511282340524068284e-03 6.069744038663595943e-03 7.465611699615951578e-03 8.762822765570102077e-03 9.942007649921223711e-03 1.099788986269582651e-02 1.210177907674031897e-02 1.298933713226659188e-02 1.362150760730997806e-02 1.429473071309636523e-02 1.474939164308275777e-02 1.511761650434158798e-02 1.534225900863525789e-02 1.543257827340093619e-02 1.538877307702829836e-02 1.523910259742564804e-02 1.497984222033120830e-02 1.458525648357603816e-02 1.413823052343677646e-02 1.359896862580549370e-02 1.298445164355105721e-02 1.230489189943365438e-02 1.157055080527118890e-02 1.080890102113356982e-02 9.956484678013506270e-03 9.115516079898701093e-03 8.254055891351407340e-03 7.396868705878162364e-03 6.521045496338287797e-03 5.664700994229610910e-03 4.834993704814182815e-03 4.030773060022565558e-03 3.239599760807836994e-03 2.504087575711466240e-03 1.803683595177270468e-03 1.112498193717479517e-03 4.610875364245471957e-04 -1.721058378108167146e-04 -8.182392339580567145e-04 1.601977418502044956e-03 -1.272797748518369023e-03 -1.405719986811203434e-03 -1.931176567879009168e-03 -2.397043368459032125e-03 -1.073794028662876637e-03 -2.277082655425277571e-03 -2.445448171880153145e-03 -2.471200924600252307e-05 1.642999652105528235e-03 3.152282599894638045e-03 4.577795934542884006e-03 1.222609748147992061e-03 8.966652412902648139e-03 1.180907717525716584e-02 9.737935161265882239e-03 1.816705120000280602e-02 2.177232036162747228e-02 9.158551414805369759e-03 1.578537907589970535e-02 2.962996035846976722e-03 1.744111855153922599e-02 2.015176065365310853e-02 2.078673789172668859e-02 1.503782786067358462e-02 1.655691916418645590e-02 1.681589313122174370e-02 1.589002002155607760e-02 1.523571526368369851e-02 1.385975996049337855e-02 1.283207368223983347e-02 1.273476215014376217e-02 7.660533332762177808e-03 7.107654679807863356e-03 6.304746436867582869e-03 3.660081249780436710e-03 3.701589231858926510e-03 3.940327345730341470e-03 2.771307206261556968e-04 7.515631556989858363e-04
2.587804509676266441e-03 4.558776105920042329e-03 6.235570015742711997e-03 7.741547432473684133e-03 9.126141601644087789e-03 1.040900675829926382e-02 1.158101160700367345e-02 1.270831664699582919e-02 1.372816052557957085e-02 1.443924284098401650e-02 1.522402465688125692e-02 1.579569783955715040e-02 1.628840883427397010e-02 1.664278541224967559e-02 1.686522508817870844e-02 1.695572804170853223e-02 1.692492118074690605e-02 1.677922295421829801e-02 1.648035433312534243e-02 1.612234106873176517e-02 1.565741113478368723e-02 1.510375218922768367e-02 1.447224956184458254e-02 1.377200625724744366e-02 1.302834417799180952e-02 1.219952596805242220e-02 1.135659935226175470e-02 1.047912573460822207e-02 9.606333073651617677e-03 8.691328089491759390e-03 7.785070138680674420e-03 6.895574594760878369e-03 6.021315267794190643e-03 5.179301974006142104e-03 4.355162445031447553e-03 3.576961251691335338e-03 2.818202977684168987e-03 2.111921878599485377e-03 1.454373012597959041e-03 8.541146455782690130e-04 2.587766572697480175e-03 4.565664560076331327e-03 6.268047358851069201e-03 7.805125677996262862e-03 9.244487101038619328e-03 1.056595491426338095e-02 1.180911523918556742e-02 1.297639044380844917e-02 1.410165898945762650e-02 1.471015844541599324e-02 1.554728688385346828e-02 1.610219700331864956e-02 1.656348988274769507e-02 1.685735125633684023e-02 1.699630684256514535e-02 1.698045016162727516e-02 1.684456004957628553e-02 1.658419401094941847e-02 1.617101948870412406e-02 1.569712345816406604e-02 1.511853859794654205e-02 1.445424386109089507e-02 1.371572614366541737e-02 1.291447188689412960e-02 1.208118865969554610e-02 1.114455596198903053e-02 1.021959964652865635e-02 9.270038514462220630e-03 8.321561639769183699e-03 7.351930414319167092e-03 6.402623094141252601e-03 5.479542002014940738e-03 4.582797909666039109e-03 3.699558528926736971e-03 2.875662382049129495e-03 2.088892504630961763e-03 1.311539172378818705e-03 5.768848637336448839e-04 -1.388842273856849682e-04 -8.711473306372127714e-04 1.679078976806331648e-03 -1.391424001924746216e-03 -1.596243250036078008e-03 -2.148503748622513764e-03 -2.680946291248272051e-03 -1.241967823485896948e-03 -2.610535530239152698e-03 -2.869433192592439185e-03 -2.653381651962524561e-04 1.485163061147135163e-03 3.041894360543300792e-03 4.645627535071611414e-03 -3.351321907950052586e-04 9.394352326125709682e-03 1.253362440310433826e-02 1.034479359724430232e-02 1.935075054522631885e-02 3.015481080544800407e-02 1.108954548121448072e-02 1.790924381412752064e-02 4.449580812983116446e-03 1.926281610077108103e-02 2.155200342446308287e-02 2.352018890762093070e-02 1.682486231036807098e-02 1.807204389107822454e-02 1.881660298261488354e-02 1.792750878129816677e-02 1.715700304712344110e-02 1.567130089774991519e-02 1.428381755976863843e-02 1.417362134894444188e-02 8.637354535131133715e-03 8.066398380697533191e-03 7.170515917876007540e-03 4.401757394862625301e-03 4.357486014050998904e-03 4.647299260311566274e-03 6.459266732583332071e-04 8.311819330646556597e-04
2.482110430230648895e-03 4.570428326360738425e-03 6.361357460074423646e-03 7.979294944586103402e-03 9.474769932059775787e-03 1.086754588801955995e-02 1.216412941008743892e-02 1.336915003815509345e-02 1.443924284098401650e-02 1.549573669339317748e-02 1.631018835344819756e-02 1.695586277046529436e-02 1.754193610988596941e-02 1.797111941981770905e-02 1.825216146106584114e-02 1.838515247345110654e-02 1.838258473448700636e-02 1.825205802066374311e-02 1.795146642098852802e-02 1.758455760517264529e-02 1.709861994153212550e-02 1.651371233119576509e-02 1.584189663205705367e-02 1.509308617898826033e-02 1.429647819581028774e-02 1.340078058344154263e-02 1.249166565889379618e-02 1.154338229129467895e-02 1.059492532563309497e-02 9.601714619884618371e-03 8.616847560537297529e-03 7.647370955623389137e-03 6.692533744069095909e-03 5.771938231806709139e-03 4.869979398066648195e-03 4.015445121476520982e-03 3.180807119142038154e-03 2.402211602885958620e-03 1.675177929935149201e-03 1.007502125340512889e-03 2.482069963214125589e-03 4.577217708946584342e-03 6.394368385495265150e-03 8.044824401606968933e-03 9.598017312727280190e-03 1.103021113865851680e-02 1.239534247133566164e-02 1.364027467605172760e-02 1.474364828219972522e-02 1.588855370585239707e-02 1.671391074592652737e-02 1.732912705726585151e-02 1.787682444498986389e-02 1.823669124272240052e-02 1.842338815710553232e-02 1.843627567110437196e-02 1.831623764942824292e-02 1.805817714984467651e-02 1.763080083176156790e-02 1.713565257752815152e-02 1.652412632166762665e-02 1.581706962073552158e-02 1.502709062393174123e-02 1.416676390325215425e-02 1.327024529033159900e-02 1.225686580385639338e-02 1.125611361759403135e-02 1.022660645505860284e-02 9.194403642272449065e-03 8.138533059332228245e-03 7.103562238092850888e-03 6.094092378545469882e-03 5.111392651742814423e-03 4.142060407146194723e-03 3.235280858324862240e-03 2.367166501690743177e-03 1.507612021237553571e-03 6.931237283337246275e-04 -1.027353940898766019e-04 -9.199372172536672164e-04 1.749405386652694338e-03 -1.522282377077702415e-03 -1.837197263779224640e-03 -2.368549762425068133e-03 -2.975272641457958958e-03 -1.420720245313218189e-03 -2.943578262590733959e-03 -3.289851433050708027e-03 -5.054523380041431053e-04 1.346131405244995740e-03 2.930107212103303608e-03 4.673811491601724544e-03 -3.797108369866547539e-03 9.937088975571184771e-03 1.340028875582096636e-02 1.127951089732110584e-02 2.110899164497748864e-02 3.506848450804258416e-02 6.620066324777614496e-03 1.835863136324675585e-02 5.200888468862936188e-03 2.053185589814000150e-02 2.297428997870280473e-02 2.574127701603508636e-02 1.819758886949426890e-02 1.856682766503467766e-02 2.043695886915325444e-02 1.965336001162423796e-02 1.879156831465812055e-02 1.723027025315429506e-02 1.547651878447619742e-02 1.535169449242471465e-02 9.467954190041776366e-03 8.847878140296465410e-03 7.874651939083706503e-03 4.998421052772528822e-03 4.865518979378580071e-03 5.214773849882469760e-03 7.886332552123631340e-04 7.988463148361722981e-04
2.382723126078196713e-03 4.579199774161660935e-03 6.476763047033031948e-03 8.200245040318332110e-03 9.801157912576510464e-03 1.129972014582772757e-02 1.271253132836195135e-02 1.401705123227519473e-02 1.522402465688125692e-02 1.631018835344819756e-02 1.737273820575058192e-02 1.800266954632500152e-02 1.871954380645292002e-02 1.924093907303908030e-02 1.959407361995218685e-02 1.978127777320206129e-02 1.981763508503511795e-02 1.971236947984261051e-02 1.941952690692574576e-02 1.905296045580705255e-02 1.855475422723837711e-02 1.794682583363499395e-02 1.724236338411216235e-02 1.645201519187194927e-02 1.560914154924922595e-02 1.465154475451254518e-02 1.368112689896746129e-02 1.266618357712142803e-02 1.164468133675668204e-02 1.057552829121428777e-02 9.513447307630800570e-03 8.464566693281688758e-03 7.429022917500304433e-03 6.429164451536658990e-03 5.447885800692110238e-03 4.515413099995871198e-03 3.602841711330569390e-03 2.749837942032143465e-03 1.951140115063101921e-03 1.214218018067169053e-03 2.382681086500979331e-03 4.586338311055550808e-03 6.511969039719627157e-03 8.271501408696823460e-03 9.936294493414356277e-03 1.148058240074305812e-02 1.296991071626755511e-02 1.433116952416854141e-02 1.560228654869939488e-02 1.673722892741124138e-02 1.784783412505333913e-02 1.842357220618198385e-02 1.910774445945638902e-02 1.955782286977951132e-02 1.981025004663213018e-02 1.986682624863992178e-02 1.977558946908385476e-02 1.953160019591244911e-02 1.910074788410233773e-02 1.859453353199269979e-02 1.795957390723394720e-02 1.721866536177873649e-02 1.638555473958103539e-02 1.547389646542772501e-02 1.452150832621242928e-02 1.343731979963867611e-02 1.236646363617225838e-02 1.126192626440493741e-02 1.014968717845015148e-02 9.010559105648250147e-03 7.892053688059506508e-03 6.797452348082964196e-03 5.729283986386586071e-03 4.673655322902805706e-03 3.683298853419699707e-03 2.732903941984068507e-03 1.789850066384856327e-03 8.943316255855045683e-04 1.724533988483475957e-05 -8.854024003145326933e-04 1.838981549831510782e-03 -1.629389656879657623e-03 -2.279735314491641678e-03 -2.516255478978073577e-03 -3.218791384978075387e-03 -1.571600189136803044e-03 -3.251480839615533518e-03 -3.705903721211717926e-03 -7.845253410643283649e-04 1.133346686274489413e-03 2.653308978960583226e-03 4.406953411602549699e-03 -2.581526086209937759e-02 1.041979683165008587e-02 1.404669784794305813e-02 1.190170660713846251e-02 2.228349652112241938e-02 3.781671690476602621e-02 7.339825480671716314e-03 1.995753410796447316e-02 6.451509705311273164e-03 2.203334207343544959e-02 2.458105426351715056e-02 2.804115755925982306e-02 2.049657563000086349e-02 1.472511293592041436e-02 2.195885944694433989e-02 2.149204958112242020e-02 2.054684711555411838e-02 1.890746273930365290e-02 1.676018101543107208e-02 1.661720351243000174e-02 1.054318812310309564e-02 9.814806245225146317e-03 8.793805739582234021e-03 5.838496497895024999e-03 5.641131191177388773e-03 6.085020147142283613e-03 1.210384094334238667e-03 1.207965277580252701e-03
2.288784627743668983e-03 4.564322720706244681e-03 6.541957505773870855e-03 8.345968827858140163e-03 1.002823622772943367e-02 1.160892135220501116e-02 1.311110468658728892e-02 1.449351227846544174e-02 1.579569783955715040e-02 1.695586277046529436e-02 1.800266954632500152e-02 1.902455847169954098e-02 1.976601255964725856e-02 2.035807459694024407e-02 2.077671305034189952e-02 2.101724819012366907e-02 2.109453794060944104e-02 2.101842263262985663e-02 2.073818635209807512e-02 2.037813562039388765e-02 1.987446602378371147e-02 1.925083656472228663e-02 1.852143005520753491e-02 1.769750062279121933e-02 1.681693570597490167e-02 1.580480121253378598e-02 1.478138742482384277e-02 1.370811681444293433e-02 1.262111333828383648e-02 1.148387659450507414e-02 1.035225910737875774e-02 9.231442339026100022e-03 8.122490688761207361e-03 7.050580109869946342e-03 5.996644610929966097e-03 4.993254807535788160e-03 4.009392776386039303e-03 3.088862116116744203e-03 2.225372680695054343e-03 1.425846429453247848e-03 2.288740536620884492e-03 4.571417132930005907e-03 6.577966912385490271e-03 8.420071220485934524e-03 1.017037390494080450e-02 1.180081799383210506e-02 1.338488376405953632e-02 1.483481891184212920e-02 1.621336768777757037e-02 1.741399362904060694e-02 1.848849753828191514e-02 1.950805099046971913e-02 2.021318347154028514e-02 2.072870472994082017e-02 2.103881518171339324e-02 2.113746502270774305e-02 2.107650689194186938e-02 2.085014889014741996e-02 2.042048663689523258e-02 1.990927123509520988e-02 1.925767293579375150e-02 1.849032732597489029e-02 1.762200077985943622e-02 1.666733720287396150e-02 1.566810233558223880e-02 1.452126742681117237e-02 1.338939811166637954e-02 1.221904505443622245e-02 1.103569084200797107e-02 9.822334945905302275e-03 8.629361528228140371e-03 7.458610672587772869e-03 6.313874844074465406e-03 5.180679926962007686e-03 4.115497186597709585e-03 3.091759140505606629e-03 2.073905974517946393e-03 1.106540479477338950e-03 1.578927693440591883e-04 -8.197792127070083375e-04 1.918372467197959142e-03 -1.691613020882526191e-03 -1.542729556323258790e-03 -2.823944861696341124e-03 -3.541053171932311006e-03 -1.777647671379887920e-03 -3.583078778357221515e-03 -4.120573359371122908e-03 -1.033265007605748288e-03 1.027019785255693261e-03 2.608212365725592549e-03 4.694385095529789512e-03 2.119338771451160022e-02 1.003021858792327130e-02 1.406139695715368995e-02 1.206305858646306191e-02 2.305212242816679150e-02 3.995895117958518650e-02 6.951393365586856950e-03 2.104835383851158190e-02 7.409515188574517311e-03 2.330525281070759680e-02 2.609124891410475461e-02 3.009806896337465995e-02 1.798320685889177525e-02 3.246577784742822603e-02 2.417614044759729131e-02 2.251894936676423695e-02 2.154954374770635950e-02 1.993557830436179512e-02 1.746206624445889588e-02 1.735093581886208713e-02 1.132129521438581324e-02 1.040646842014896455e-02 9.388834870149428621e-03 6.396500832925427690e-03 6.158529611082664765e-03 6.718357294517142766e-03 1.427874772924314596e-03 1.533089480447346036e-03
2.179006017646704235e-03 4.521213703300099203e-03 6.568063293993856890e-03 8.442820441930008399e-03 1.019757006593508854e-02 1.185255980902846958e-02 1.343597257582735370e-02 1.489373799242640038e-02 1.628840883427397010e-02 1.754193610988596941e-02 1.871954380645292002e-02 1.976601255964725856e-02 2.062819313270579033e-02 2.131680050637042509e-02 2.181828800818151268e-02 2.212744553998005625e-02 2.226010823436448335e-02 2.222713803994633142e-02 2.197271895805362821e-02 2.163232857404012721e-02 2.113573725150061713e-02 2.050837626688269827e-02 1.976537124115563052e-02 1.891852651059729509e-02 1.801044139773244276e-02 1.695241006171863823e-02 1.588427982464615806e-02 1.476009745701218311e-02 1.361355894401518156e-02 1.241343442443993209e-02 1.121658415392861978e-02 1.002686044255367281e-02 8.846409589498453047e-03 7.703417588044662173e-03 6.576295634741666576e-03 5.500454883852414108e-03 4.442453449106059486e-03 3.450229619666721551e-03 2.516224033786452867e-03 1.646585932279443203e-03 2.178960553018683983e-03 4.528359068513162188e-03 6.605030121645226460e-03 8.519915467658725414e-03 1.034667856758503604e-02 1.205553886239536625e-02 1.372642387420534502e-02 1.526210505627088529e-02 1.674417943998122646e-02 1.804059941213663129e-02 1.925936707852558480e-02 2.030469483378464710e-02 2.113175774399042584e-02 2.174252409523616536e-02 2.213077577597844653e-02 2.228938211177908593e-02 2.227533354682504491e-02 2.208246731417676592e-02 2.166875847194760230e-02 2.116691963929777723e-02 2.051217198172466602e-02 1.973102041521524949e-02 1.883919195583668230e-02 1.785224983989165681e-02 1.681600575134986619e-02 1.561469855266839867e-02 1.442909090286740616e-02 1.319893364282486749e-02 1.194888958282108553e-02 1.066441702809300604e-02 9.398957337251812733e-03 8.152519153091992640e-03 6.930360036412410406e-03 5.717479662230707908e-03 4.573942776955788013e-03 3.472004173465183946e-03 2.372933610203270104e-03 1.325635839459925972e-03 2.952026233399322936e-04 -7.700889564985732069e-04 1.995560473335824050e-03 -1.774650559756078090e-03 -1.951161313792986905e-03 -2.949163499314262551e-03 -3.733458981274681565e-03 -1.899726812982522901e-03 -3.841830998814354647e-03 -4.497001753808698224e-03 -1.312493060238917016e-03 8.147405365280562450e-04 2.302413190521486290e-03 4.435675973200315508e-03 1.010673701346399313e-02 1.014869511771089930e-02 1.440446466684397117e-02 1.243821006310038765e-02 2.387175316936682168e-02 4.188189437606019278e-02 6.597043763287001664e-03 2.206416685540928818e-02 8.326819427981694416e-03 2.440017258606421574e-02 2.732519451322422757e-02 3.194252377347450711e-02 2.008101005355423033e-02 2.848346327540756881e-02 2.566154236417733311e-02 2.399290635868243232e-02 2.308257170544796358e-02 2.142627129444124243e-02 1.860481979117055082e-02 1.851120786918642944e-02 1.273148172700422874e-02 1.143513303122089229e-02 1.043464940538847002e-02 7.399639336055968165e-03 7.113553343967324132e-03 7.759727675325039931e-03 2.177277083692461847e-03 2.381705395112068083e-03
