2.844339950692946657e-03 -3.121941017823948492e-05 -6.597310036358948514e-04 6.775077358099161878e-04 -1.111667986910251475e-02 1.477908494237096940e-04 8.530658994642363472e-05 2.476430724437556768e-03 3.633639288428349256e-06 -2.866921920875723688e-04 -6.528844629779279701e-06 3.516500454734100031e-06 -4.881247684177927653e-04 -4.345259874175067455e-05 -9.929067591235062398e-04 -1.880639430731072151e-04 -1.350434151053107185e-02 -4.825925088498836737e-04 3.901734628025572429e-04 -8.210572121117548465e-05 1.320245311419482271e-03 6.374638683218909578e-04 2.682307365581068225e-04 -1.740330219740782430e-03 -5.030561894345527774e-04 -2.041822697440659907e-03 -7.554516075892066772e-04 -2.564877739336759045e-03 -1.236743018528845342e-03 1.979674968986087230e-04 -8.222357251182066265e-04 -2.539748082359338192e-03 -4.220137586525450277e-04 -2.244022323070716884e-05 -4.495045806621401538e-04 -7.524731094863489457e-04 4.806354815943705518e-05 -1.793559323858366032e-03 -1.683484251361936756e-03 2.687710020080867797e-03
-3.121941017823948492e-05 3.153450679124554686e-03 -2.027764055109498604e-03 -4.584764057868958719e-04 5.968975979194367579e-03 6.436299661929021070e-04 1.052858637636738814e-03 1.351005491955021816e-03 2.530526199496286701e-05 -5.093616946525620932e-04 -7.403151809224672907e-04 3.258688854733370597e-04 -1.293505487568522580e-03 -7.992551921371915911e-04 8.038161538880343173e-04 -1.043116222290364032e-03 4.278746649159802240e-02 -1.480390860207270870e-02 -5.315074490876858619e-03 -4.700897747602600374e-03 -5.760288628545484450e-03 -4.517942700018079578e-03 -8.072614127123489344e-03 -1.426284518521272896e-03 -2.593787408678194760e-03 -1.057476878414579042e-03 -4.022413601504518793e-03 -3.579201128657210490e-03 -3.485111253049647933e-05 -1.984684302975229121e-03 -2.617795671629371494e-03 -1.708600204474518052e-03 -2.031688723529438863e-03 -6.330268972659691999e-05 -4.104718657751491441e-04 -9.082220016124195952e-04 -7.070830614205873181e-04 1.303874510093496527e-03 -1.446526558047259472e-05 1.729937460728598123e-02
-6.597310036358948514e-04 -2.027764055109498604e-03 1.126979528844175987e-01 1.455297356493863263e-02 2.391003713103629497e-02 4.882227322572378798e-03 5.133126418705141747e-03 5.007259344519997615e-03 1.977322355655031574e-03 8.386321824858510455e-04 4.890670495877959311e-04 7.107499299937024848e-04 -2.890239880068594565e-03 -1.836149852191102218e-03 2.275771552239693862e-03 -4.985425252918364129e-03 1.417416162948131331e-01 -4.606780236274084055e-03 -5.269955539341382098e-03 -1.036322022890752079e-02 -5.289650516683530590e-02 -3.109072796080295919e-03 -2.838279721120112384e-03 1.324801512660951034e-03 -5.947996985392617212e-04 2.107312668803492696e-03 -3.028286288119257878e-03 -2.822865470987804236e-03 2.061477803625966915e-03 -1.449604580399256387e-03 -2.295055771502632451e-03 -1.378644272005532297e-03 -2.081047953265506394e-03 6.886935348949150236e-04 -1.416603169223407967e-04 -9.744979833076942250e-04 -8.662651404583417494e-04 1.465977711641255942e-03 4.342274273300847582e-04 2.381908860649580364e-02
6.775077358099161878e-04 -4.584764057868958719e-04 1.455297356493863263e-02 6.610551140449459906e-01 6.316933718142761500e-02 7.320498828266686943e-03 8.710248289525742219e-03 8.127902707460936405e-03 3.274967974800811841e-03 1.937116561303155659e-03 2.081562286432718165e-03 8.545721990935511644e-03 -1.267082618016397884e-02 -5.040757155194110911e-03 1.784941095143182180e-02 -1.693075506835042127e-02 -2.642585756636867678e-01 -2.148794391845938040e-02 -2.414922598948729404e-02 -1.547934480064505625e-01 2.765619871327956378e-02 2.322780058255299526e-02 1.112027940687725439e-02 1.240016081987373349e-02 8.268486010524590119e-03 1.265440570802457872e-02 4.929741959626078758e-03 4.924510251660117223e-03 1.052427874738799500e-02 6.059796836250470019e-03 5.404761595067545700e-03 6.341209390094933347e-03 5.661715633557847134e-03 9.328127674668496710e-03 8.497151926568830005e-03 7.985917484626483404e-03 8.557471761459128912e-03 1.119841831940815435e-02 1.137779382121918356e-02 4.614205709417095597e-02
-1.111667986910251475e-02 5.968975979194367579e-03 2.391003713103629497e-02 6.316933718142761500e-02 2.583982790923951001e+01 -9.086635030285586390e-02 -6.014312026158733643e-02 -2.854483929009260859e-02 -2.756508879862884162e-02 -2.236736515838958980e-02 -1.619099544170728155e-02 -1.312278597413798695e-02 -3.966302089963336802e-03 4.099957726248890447e-03 3.988037819116529645e-03 3.511143511899750269e-02 -1.732258445837438557e-02 -2.622162072047706100e-02 1.241953559220582426e-01 1.113249564502334588e+00 -1.352610780720103989e+00 -2.429893265829962679e-01 -1.788529556770884765e-01 -1.339172283699998078e-01 -1.083217496595021839e-01 -7.657901566515323832e-02 -8.742360731848346223e-02 -7.688282312262072205e-02 -5.779957875067878031e-02 -6.117142037745106065e-02 -5.792668406320141544e-02 -5.229648270371732577e-02 -5.215821244794833361e-02 -4.363495048814228922e-02 -4.422295308241624978e-02 -4.464811906944046727e-02 -4.419929328131359803e-02 -3.712456437918494612e-02 -4.765468558323286002e-02 9.764243343504683259e-02
1.477908494237096940e-04 6.436299661929021070e-04 4.882227322572378798e-03 7.320498828266686943e-03 -9.086635030285586390e-02 1.279346851911084514e-02 7.321245686153653523e-03 1.565701045250354403e-02 2.257215541745312155e-03 7.974805751514354177e-04 1.033849225799189121e-03 -3.116867213597650579e-03 -4.416449937832208836e-03 -3.375715626881116947e-03 -7.669364241251639888e-03 -1.900426160781680529e-02 -6.513970568450923315e-02 1.135831969465716726e-02 -1.477913104861212738e-02 -9.148437109532019454e-03 -3.262006397543474462e-02 -1.073719689781117703e-02 -1.426212001701837075e-02 -3.268680672444133298e-03 -1.014781963811931149e-02 1.430332601143423322e-03 -1.051341971071017775e-02 -1.038583396908307824e-02 -4.230737092052687560e-03 -9.461360792121989785e-03 -9.531231488866099763e-03 -9.165491835855433048e-03 -1.010727703199885801e-02 -5.688211480745015286e-03 -7.005630658061800901e-03 -7.289387943304198245e-03 -6.673313309451692731e-03 -6.232639505750653050e-03 -7.355701663672301223e-03 5.375670297276456677e-02
8.530658994642363472e-05 1.052858637636738814e-03 5.133126418705141747e-03 8.710248289525742219e-03 -6.014312026158733643e-02 7.321245686153653523e-03 4.763565598842785243e-02 2.641287511487098658e-02 -1.791350190207436537e-03 -1.422596579742747445e-03 5.366037060118741516e-04 -1.138881032780364455e-02 -7.674335191508134014e-03 -4.893087779121656905e-03 -8.685113929289733220e-03 8.329515803063165455e-03 -3.679360786115556947e-02 1.801052789206610905e-03 -2.366403350163474861e-02 -1.344844141502099175e-02 -1.270821852059470305e-02 -1.027997308171492603e-02 -1.493820443883845349e-02 -5.570520532420840734e-03 -1.685859957105449378e-02 -2.099101946807191161e-03 -1.451190634615544262e-02 -1.497548776782379500e-02 -9.748838016362004755e-03 -1.460936345715362072e-02 -1.420137621928890120e-02 -1.432174065282038576e-02 -1.510593554681470378e-02 -1.067746703594414821e-02 -1.188783032390157250e-02 -1.156360758739818570e-02 -1.037701831743378239e-02 -1.137302729420657486e-02 -1.109338815405039487e-02 6.656400140348420202e-02
2.476430724437556768e-03 1.351005491955021816e-03 5.007259344519997615e-03 8.127902707460936405e-03 -2.854483929009260859e-02 1.565701045250354403e-02 2.641287511487098658e-02 2.361822962807420545e+00 -3.453584681355299085e-02 -1.983955539596117881e-02 -1.479306870472732807e-02 1.714155770927821123e-03 -1.308672629090916993e-02 -1.549302756637353611e-02 -1.807133690209088497e-02 -1.453683387484738625e-02 -2.529001792127362133e-02 3.404889776509931743e-01 1.031350538684796744e-02 -1.469782387158103526e-02 1.677237454192243536e-03 -7.031355051693857945e-03 -1.453899743126754740e-02 -4.199263241328141452e-03 -2.253306530284267251e-02 -4.070545210453817633e-03 -1.645877277080607867e-02 -1.745623467867950598e-02 -1.255255876159816833e-02 -1.621719210978077655e-02 -1.434426883960503336e-02 -1.379247785848187330e-02 -1.318574986199914749e-02 -7.348352548705083809e-03 -6.752821823032440808e-03 -3.865603852941334757e-03 1.102813178837834746e-04 3.736495361652044923e-05 4.139677728696194992e-03 1.101192091816407675e-01
3.633639288428349256e-06 2.530526199496286701e-05 1.977322355655031574e-03 3.274967974800811841e-03 -2.756508879862884162e-02 2.257215541745312155e-03 -1.791350190207436537e-03 -3.453584681355299085e-02 2.104341003728804269e-02 5.814569923590290519e-03 1.977834745909049299e-03 9.769680843220687055e-03 -1.796607261811766776e-02 2.770800992066697367e-03 1.592459145863030267e-03 -3.380890815613935441e-03 -1.429643991528165882e-02 -2.020078054508212331e-02 -1.201991936564996907e-02 9.171032917285481048e-03 9.578736325663400565e-04 8.857968024164530538e-03 6.182676969326433587e-04 1.536819071720950045e-02 -2.054581033563636708e-02 -1.903667131013916458e-03 -7.328932840676413707e-03 -1.170362326745380023e-02 -1.236815094937846783e-02 -1.479841017434536943e-02 -1.352514397502553416e-02 -1.596101204106911697e-02 -1.634002756998649900e-02 -1.428560963721042278e-02 -1.560986058078698939e-02 -1.451609196790745564e-02 -1.302713526195051381e-02 -2.198375897245492469e-02 -1.625669272475349647e-02 5.809844036504462766e-02
-2.866921920875723688e-04 -5.093616946525620932e-04 8.386321824858510455e-04 1.937116561303155659e-03 -2.236736515838958980e-02 7.974805751514354177e-04 -1.422596579742747445e-03 -1.983955539596117881e-02 5.814569923590290519e-03 8.028983087009666786e-01 7.096061820649812724e-02 1.575075669388163735e-02 -2.470406370454901121e-02 -4.372594169775850109e-03 -8.476896939642141263e-03 1.309192349220846289e-03 -7.002892337104426115e-03 -1.503649389491211463e-02 -1.125513922365494780e-02 -3.063959990557189039e-01 1.188849471640449212e-01 7.589450356495587580e-02 6.484872070212036044e-02 2.810461331454439105e-01 -1.236389150875167181e-01 -2.207875671703255285e-02 -8.066198379819911751e-03 -1.179509641025740935e-02 -1.441934521050835041e-02 -1.347827954613110141e-02 -1.044270291915656672e-02 -1.319570083383646460e-02 -1.215696598591760151e-02 -1.085011620321563869e-02 -1.081582186295175323e-02 -7.725640296034771114e-03 -4.166816207632899859e-03 -1.632689656874674808e-02 -1.940895290553265248e-03 6.770748631193061751e-02
-6.528844629779279701e-06 -7.403151809224672907e-04 4.890670495877959311e-04 2.081562286432718165e-03 -1.619099544170728155e-02 1.033849225799189121e-03 5.366037060118741516e-04 -1.479306870472732807e-02 1.977834745909049299e-03 7.096061820649812724e-02 1.890777824176577693e-01 2.944195307665622985e-02 -8.680625904483497968e-02 -8.899189426068054160e-03 -8.318786100999821242e-03 -1.160195626407472050e-03 2.844184740124495667e-02 7.178957569522506979e-03 2.332882390765009858e-03 -4.996464114009910307e-02 -6.257246978538337327e-03 -2.661575340111904109e-01 2.440813120631967620e-02 2.802255224587398008e-02 -1.400904497892765553e-03 4.362323875838984219e-03 1.448013136435877604e-02 1.454086578662334680e-03 -8.040311965591462329e-03 -5.801596533090660167e-03 -2.518068784456560516e-03 -6.791066130861087707e-03 -4.988555914085430164e-03 -5.294139960334063796e-03 -3.811442363627693883e-03 2.099001985295992877e-03 1.026908661123382242e-02 -4.894627736228214163e-03 8.422175409261910273e-02 1.338974275608719074e-02
3.516500454734100031e-06 3.258688854733370597e-04 7.107499299937024848e-04 8.545721990935511644e-03 -1.312278597413798695e-02 -3.116867213597650579e-03 -1.138881032780364455e-02 1.714155770927821123e-03 9.769680843220687055e-03 1.575075669388163735e-02 2.944195307665622985e-02 2.521423097720422168e-01 -4.514259544124950285e-02 -1.565998750824334432e-03 2.020029459203840326e-03 1.177827230950833845e-02 7.194414161748266534e-02 1.002357781328562514e-01 3.154177885229102196e-02 8.466360071468589932e-02 -1.595244469771626289e-02 -4.463196446512496945e-02 2.312442976700979785e-02 6.897021908094008724e-02 -3.350545357142203917e-02 -1.887353726448615793e-02 7.504544003145011306e-03 -1.118007015501092972e-02 -2.503443705921656881e-02 -1.977944224379854857e-02 -1.568729664831430143e-02 -2.180334435223691553e-02 -2.031829191451968442e-02 -2.450938407605037297e-02 -2.451981335425128597e-02 -2.111058447075944353e-02 -1.811393489683067737e-02 -4.551225726895208323e-02 -3.842010411302199807e-02 6.973589172683905546e-02
-4.881247684177927653e-04 -1.293505487568522580e-03 -2.890239880068594565e-03 -1.267082618016397884e-02 -3.966302089963336802e-03 -4.416449937832208836e-03 -7.674335191508134014e-03 -1.308672629090916993e-02 -1.796607261811766776e-02 -2.470406370454901121e-02 -8.680625904483497968e-02 -4.514259544124950285e-02 3.224549516110279956e-01 4.716152752201490522e-02 3.334678635561862808e-02 3.232799498016004219e-02 1.056167957053106288e-01 -4.241695640998709854e-02 3.188210051164926118e-02 6.059629016675334261e-03 2.095139345811547135e-02 -2.795738809663780161e-02 2.472372389408700188e-02 -5.438884417236505842e-01 1.247677069084709850e-01 1.164434176394154620e-02 4.566447577721412937e-02 1.031005047125099772e-02 -1.305067957753500499e-02 -5.359480148966554169e-03 -1.961359780405341237e-03 -1.201643906209305668e-02 -1.172304195311659088e-02 -2.218235776180306484e-02 -2.417125825321785743e-02 -2.376140850813825492e-02 -2.630929155089901245e-02 -7.002869906827535740e-02 -1.500436500503955772e-01 1.109602360599324655e-01
-4.345259874175067455e-05 -7.992551921371915911e-04 -1.836149852191102218e-03 -5.040757155194110911e-03 4.099957726248890447e-03 -3.375715626881116947e-03 -4.893087779121656905e-03 -1.549302756637353611e-02 2.770800992066697367e-03 -4.372594169775850109e-03 -8.899189426068054160e-03 -1.565998750824334432e-03 4.716152752201490522e-02 1.385458413707817138e-01 1.313918301551963153e-01 2.945986685504237840e-02 1.541421644050766093e-01 6.626460701145485237e-03 2.089986695688013374e-02 6.331619565442254960e-02 -1.772842990995568814e-04 1.160797080551914801e-01 -6.758486138537448187e-03 -3.264047887162827705e-02 1.878486734665814339e-02 -1.191259436580144153e-02 6.058152376319823895e-02 5.753858680610212653e-04 -2.041007624778895871e-02 -6.422957424197730733e-03 6.950439882788429639e-05 -9.727292618149620262e-03 -7.781139306874240713e-03 -1.981967868846784553e-02 -1.848708606407128974e-02 -1.349007776067800285e-02 -8.357206649264104989e-03 -5.868455251420406221e-02 -5.081657359319095846e-02 3.564596036601290485e-02
-9.929067591235062398e-04 8.038161538880343173e-04 2.275771552239693862e-03 1.784941095143182180e-02 3.988037819116529645e-03 -7.669364241251639888e-03 -8.685113929289733220e-03 -1.807133690209088497e-02 1.592459145863030267e-03 -8.476896939642141263e-03 -8.318786100999821242e-03 2.020029459203840326e-03 3.334678635561862808e-02 1.313918301551963153e-01 1.020957832565749790e+00 2.320734601420062701e-03 2.587644811246944121e-01 -6.572529303451054780e-03 -1.726470999526341990e-02 2.173517202758146194e-01 5.122438484702716149e-02 3.692700286525932296e-02 8.687820613610255926e-02 -4.278720426794584662e-03 -8.023913229472292164e-05 -4.529870294970787803e-02 -1.136928851357757236e-03 1.059721378904602829e-01 -6.902117661544067070e-03 4.167771425496799055e-03 1.078300098136890720e-02 -8.336911052068054096e-04 -5.155374566626689907e-04 -1.650601184020876466e-02 -1.376177727360748670e-02 -7.052737772722961901e-03 2.128205009135459517e-03 -6.339352718113848428e-02 -3.362249703443693366e-02 6.648664508595466399e-03
-1.880639430731072151e-04 -1.043116222290364032e-03 -4.985425252918364129e-03 -1.693075506835042127e-02 3.511143511899750269e-02 -1.900426160781680529e-02 8.329515803063165455e-03 -1.453683387484738625e-02 -3.380890815613935441e-03 1.309192349220846289e-03 -1.160195626407472050e-03 1.177827230950833845e-02 3.232799498016004219e-02 2.945986685504237840e-02 2.320734601420062701e-03 1.734844143564519825e-01 6.950007577908930978e-01 3.703598129379303411e-02 3.450180817650346649e-02 4.317224756645852979e-02 3.083262161863153938e-02 2.369078670810428194e-02 1.384797819992587553e-01 1.219414757150051598e-02 -4.259914860356333113e-03 -5.559617262722164194e-02 6.272672791357046529e-02 4.712551466221034935e-02 -2.627969289898388766e-02 -3.105434675684444826e-03 9.755408987557187203e-03 1.311556465433852880e-03 -2.017297636651023494e-03 -2.009356304283504285e-02 -1.424831276473649024e-02 -4.620495771799703645e-03 1.226907059789620474e-02 -7.820573588355052286e-02 -3.668686530110913929e-03 -9.876074614465780999e-02
-1.350434151053107185e-02 4.278746649159802240e-02 1.417416162948131331e-01 -2.642585756636867678e-01 -1.732258445837438557e-02 -6.513970568450923315e-02 -3.679360786115556947e-02 -2.529001792127362133e-02 -1.429643991528165882e-02 -7.002892337104426115e-03 2.844184740124495667e-02 7.194414161748266534e-02 1.056167957053106288e-01 1.541421644050766093e-01 2.587644811246944121e-01 6.950007577908930978e-01 1.279549397506451101e+02 -8.604821876797489333e-01 -3.928914619628031124e-01 -2.329698062066132003e-01 -2.121168887187187269e-01 -2.035220263761585713e-01 2.282550682208444592e-01 -1.542148220180427354e-01 -1.820613304746398764e-01 -2.295051255380772814e-01 -8.469075843528565961e-02 -1.173270608817197913e-01 -1.908970178300226361e-01 -1.713696549843735928e-01 -1.509895239562508429e-01 -1.546463555914157351e-01 -1.675503298340103031e-01 -1.850364389164174950e-01 -1.791444347932608649e-01 -1.707206280969079115e-01 -1.438530706705136442e-01 -2.636152302400692204e-01 -2.593115844856977992e-01 -8.467684254792276488e-02
-4.825925088498836737e-04 -1.480390860207270870e-02 -4.606780236274084055e-03 -2.148794391845938040e-02 -2.622162072047706100e-02 1.135831969465716726e-02 1.801052789206610905e-03 3.404889776509931743e-01 -2.020078054508212331e-02 -1.503649389491211463e-02 7.178957569522506979e-03 1.002357781328562514e-01 -4.241695640998709854e-02 6.626460701145485237e-03 -6.572529303451054780e-03 3.703598129379303411e-02 -8.604821876797489333e-01 2.046007746249994153e+00 3.071995502693264726e-02 4.736515380339240133e-02 -1.543510531991520388e-03 3.286905496685543770e-02 -2.757268759955846527e-01 2.031239573943134646e-02 -1.399477690430539836e-02 -9.492868517012041651e-02 1.329929248396034547e-01 7.723381226892597762e-02 -1.304660702085749281e-02 -1.048130957086767095e-01 -7.384298936604808544e-03 -1.254861815085026588e-01 7.270644225177676223e-02 -6.197842637909749611e-03 4.964382048124075728e-03 1.916471833618122594e-02 9.417798169866997693e-02 -1.225095326625256498e-01 -3.409533430763749678e-02 -1.535348315662302676e-01
3.901734628025572429e-04 -5.315074490876858619e-03 -5.269955539341382098e-03 -2.414922598948729404e-02 1.241953559220582426e-01 -1.477913104861212738e-02 -2.366403350163474861e-02 1.031350538684796744e-02 -1.201991936564996907e-02 -1.125513922365494780e-02 2.332882390765009858e-03 3.154177885229102196e-02 3.188210051164926118e-02 2.089986695688013374e-02 -1.726470999526341990e-02 3.450180817650346649e-02 -3.928914619628031124e-01 3.071995502693264726e-02 7.402015852006955665e-01 2.587148969169594248e-01 7.508010319231100613e-03 3.992388409348479605e-02 -1.334034245259433683e-02 5.478448049481692700e-02 -1.296487070363875477e-02 -1.157652632215414867e-01 1.999266051597130278e-01 7.627143072861077011e-02 -8.942283677993353996e-02 -9.045852284115615816e-02 8.180478388927091629e-03 -3.625085758506199629e-02 4.493206713971856225e-02 -9.246734887461981883e-03 2.740263403099364378e-02 -1.794789516880582539e-02 7.307003137405411186e-01 -3.028674078943863202e-01 -3.772940431448187915e-02 -2.921320975662820563e-01
-8.210572121117548465e-05 -4.700897747602600374e-03 -1.036322022890752079e-02 -1.547934480064505625e-01 1.113249564502334588e+00 -9.148437109532019454e-03 -1.344844141502099175e-02 -1.469782387158103526e-02 9.171032917285481048e-03 -3.063959990557189039e-01 -4.996464114009910307e-02 8.466360071468589932e-02 6.059629016675334261e-03 6.331619565442254960e-02 2.173517202758146194e-01 4.317224756645852979e-02 -2.329698062066132003e-01 4.736515380339240133e-02 2.587148969169594248e-01 2.811992875135592040e+00 -5.658116236634862239e-02 2.870728942416419724e-02 4.911317155122742889e-02 6.486594721876542957e-02 -2.615573080984496743e-02 -1.451704931081592709e-01 2.113916810470228558e-01 -6.502247945524849970e-02 -8.850851600684364606e-02 -7.108620388824601899e-02 -1.236690833409172241e-02 -6.271405239778381213e-02 9.415915449489111258e-03 -5.686931856404005975e-02 -6.747711280492081631e-02 9.041407002327601916e-02 9.903721865821403167e-03 1.210565737266981801e+00 -1.609860426230336483e-01 -3.200975656304230199e-01
1.320245311419482271e-03 -5.760288628545484450e-03 -5.289650516683530590e-02 2.765619871327956378e-02 -1.352610780720103989e+00 -3.262006397543474462e-02 -1.270821852059470305e-02 1.677237454192243536e-03 9.578736325663400565e-04 1.188849471640449212e-01 -6.257246978538337327e-03 -1.595244469771626289e-02 2.095139345811547135e-02 -1.772842990995568814e-04 5.122438484702716149e-02 3.083262161863153938e-02 -2.121168887187187269e-01 -1.543510531991520388e-03 7.508010319231100613e-03 -5.658116236634862239e-02 1.312520656122559526e+00 3.733304498231390101e-01 2.523931777180377090e-01 1.355570214963248976e-01 -2.435257233733129426e-02 -2.089119496047762981e-01 2.018078217543801955e-02 7.484495291882344026e-02 6.418613149362625836e-02 7.046796827749871039e-02 -1.511541431265159274e-02 1.763943665066909361e-01 1.397158878977927954e-01 6.621753377864443568e-02 5.088554887568802476e-02 6.186411828248449263e-01 -2.062095791073223494e-01 3.504079753046664136e-02 -1.230871901881942744e-03 -4.591310365925324044e-01
6.374638683218909578e-04 -4.517942700018079578e-03 -3.109072796080295919e-03 2.322780058255299526e-02 -2.429893265829962679e-01 -1.073719689781117703e-02 -1.027997308171492603e-02 -7.031355051693857945e-03 8.857968024164530538e-03 7.589450356495587580e-02 -2.661575340111904109e-01 -4.463196446512496945e-02 -2.795738809663780161e-02 1.160797080551914801e-01 3.692700286525932296e-02 2.369078670810428194e-02 -2.035220263761585713e-01 3.286905496685543770e-02 3.992388409348479605e-02 2.870728942416419724e-02 3.733304498231390101e-01 3.081506121841257162e+00 -2.681884731224516427e-01 1.336139296177422664e-01 -8.096431414335525378e-02 -3.083701304256209474e-01 6.574302604106020166e-03 3.642058690633592222e-01 3.646630183288084720e-02 8.799013147133240287e-02 6.671837383000774058e-02 4.728475813209783579e-02 9.325873573776470582e-02 -1.693947370055999199e-02 8.656756707246349158e-02 -1.130726138355118815e+00 2.486796090438522511e-01 -4.660283776386714427e-01 1.246273372212956115e-01 -5.439603283137945944e-01
2.682307365581068225e-04 -8.072614127123489344e-03 -2.838279721120112384e-03 1.112027940687725439e-02 -1.788529556770884765e-01 -1.426212001701837075e-02 -1.493820443883845349e-02 -1.453899743126754740e-02 6.182676969326433587e-04 6.484872070212036044e-02 2.440813120631967620e-02 2.312442976700979785e-02 2.472372389408700188e-02 -6.758486138537448187e-03 8.687820613610255926e-02 1.384797819992587553e-01 2.282550682208444592e-01 -2.757268759955846527e-01 -1.334034245259433683e-02 4.911317155122742889e-02 2.523931777180377090e-01 -2.681884731224516427e-01 9.319741781718951401e+00 4.838341309582653849e-01 -2.643523165058007662e-01 -4.737081796093551289e-01 1.283299640234855932e-01 1.424296024475681266e+00 -2.551146703952312245e-01 8.163885404676649027e-02 2.941748533439645860e-02 -2.613796403911888833e-02 6.392273829791766948e-02 -5.395966739608906715e-02 3.004804197169161665e-04 -1.504032790406290565e-01 -1.072319153718665971e-02 6.942457707597997352e-02 -5.978139867760738635e-03 -6.437960660468969865e-01
-1.740330219740782430e-03 -1.426284518521272896e-03 1.324801512660951034e-03 1.240016081987373349e-02 -1.339172283699998078e-01 -3.268680672444133298e-03 -5.570520532420840734e-03 -4.199263241328141452e-03 1.536819071720950045e-02 2.810461331454439105e-01 2.802255224587398008e-02 6.897021908094008724e-02 -5.438884417236505842e-01 -3.264047887162827705e-02 -4.278720426794584662e-03 1.219414757150051598e-02 -1.542148220180427354e-01 2.031239573943134646e-02 5.478448049481692700e-02 6.486594721876542957e-02 1.355570214963248976e-01 1.336139296177422664e-01 4.838341309582653849e-01 3.413173583369708108e+00 1.165339266092924320e-01 3.144403697568163847e-01 -1.244128408978910777e-01 -2.148736384260728841e-02 -3.601614191098308909e-02 9.618183014115873342e-02 1.792017878477977222e-01 4.019211259860276664e-02 1.641217035776877664e-01 2.466526642198692276e-02 4.909111996113865728e-02 2.052634717585758925e-02 5.926417126806315244e-02 1.192970415950926760e-01 6.920944254703678689e-02 -7.615331301232033390e-01
-5.030561894345527774e-04 -2.593787408678194760e-03 -5.947996985392617212e-04 8.268486010524590119e-03 -1.083217496595021839e-01 -1.014781963811931149e-02 -1.685859957105449378e-02 -2.253306530284267251e-02 -2.054581033563636708e-02 -1.236389150875167181e-01 -1.400904497892765553e-03 -3.350545357142203917e-02 1.247677069084709850e-01 1.878486734665814339e-02 -8.023913229472292164e-05 -4.259914860356333113e-03 -1.820613304746398764e-01 -1.399477690430539836e-02 -1.296487070363875477e-02 -2.615573080984496743e-02 -2.435257233733129426e-02 -8.096431414335525378e-02 -2.643523165058007662e-01 1.165339266092924320e-01 2.671165139532046950e+01 1.409523951362688265e+01 -3.377704111429490119e+00 -2.875042796058394634e-01 -4.920275430246510151e-01 9.051332286813678074e-01 3.896277262019791632e-01 5.756746124157662292e-01 5.051114161386653922e-01 3.008381916979427917e-01 1.967285683194603396e-01 7.584391465947060151e-01 3.070848601109317233e-01 3.024907497951921931e-01 3.403940769590427795e-01 -8.138860344085577792e-01
-2.041822697440659907e-03 -1.057476878414579042e-03 2.107312668803492696e-03 1.265440570802457872e-02 -7.657901566515323832e-02 1.430332601143423322e-03 -2.099101946807191161e-03 -4.070545210453817633e-03 -1.903667131013916458e-03 -2.207875671703255285e-02 4.362323875838984219e-03 -1.887353726448615793e-02 1.164434176394154620e-02 -1.191259436580144153e-02 -4.529870294970787803e-02 -5.559617262722164194e-02 -2.295051255380772814e-01 -9.492868517012041651e-02 -1.157652632215414867e-01 -1.451704931081592709e-01 -2.089119496047762981e-01 -3.083701304256209474e-01 -4.737081796093551289e-01 3.144403697568163847e-01 1.409523951362688265e+01 3.848261551818211501e+02 -7.164935060347606566e+01 -4.956740461304766754e+00 1.569449438662658125e-01 2.030881721210551771e-01 5.390535805525546037e-02 -1.220971990330140672e-01 4.667141708912488085e-02 -8.972463243004871192e-01 -4.107696836228952542e+00 1.216196807340641506e+01 1.500506423443348725e+00 1.916129872156655312e+00 1.032874298013211067e+00 -5.698419704969130972e-01
-7.554516075892066772e-04 -4.022413601504518793e-03 -3.028286288119257878e-03 4.929741959626078758e-03 -8.742360731848346223e-02 -1.051341971071017775e-02 -1.451190634615544262e-02 -1.645877277080607867e-02 -7.328932840676413707e-03 -8.066198379819911751e-03 1.448013136435877604e-02 7.504544003145011306e-03 4.566447577721412937e-02 6.058152376319823895e-02 -1.136928851357757236e-03 6.272672791357046529e-02 -8.469075843528565961e-02 1.329929248396034547e-01 1.999266051597130278e-01 2.113916810470228558e-01 2.018078217543801955e-02 6.574302604106020166e-03 1.283299640234855932e-01 -1.244128408978910777e-01 -3.377704111429490119e+00 -7.164935060347606566e+01 2.657532245638814672e+01 -8.755339208284175223e-01 -8.302372054861516526e-01 1.980374804186925408e-02 2.454494723006434356e-02 -5.744543917838474539e-02 -7.847864145142381398e-01 2.839473427236499647e-01 7.351274066810535857e-01 -2.266849417230106578e+00 -5.319899926551064917e-01 6.228606588931911991e-01 8.258773981904359018e-02 -1.176853067086085725e+00
-2.564877739336759045e-03 -3.579201128657210490e-03 -2.822865470987804236e-03 4.924510251660117223e-03 -7.688282312262072205e-02 -1.038583396908307824e-02 -1.497548776782379500e-02 -1.745623467867950598e-02 -1.170362326745380023e-02 -1.179509641025740935e-02 1.454086578662334680e-03 -1.118007015501092972e-02 1.031005047125099772e-02 5.753858680610212653e-04 1.059721378904602829e-01 4.712551466221034935e-02 -1.173270608817197913e-01 7.723381226892597762e-02 7.627143072861077011e-02 -6.502247945524849970e-02 7.484495291882344026e-02 3.642058690633592222e-01 1.424296024475681266e+00 -2.148736384260728841e-02 -2.875042796058394634e-01 -4.956740461304766754e+00 -8.755339208284175223e-01 1.457734576822981332e+01 -4.612082285473047882e+00 1.004924147280879865e+00 2.589554263579176285e-01 7.381779485911044159e-02 1.018996755475287674e-01 1.016820665263608314e-01 1.869845394386062953e-01 4.137723290296575762e-02 2.751115601254917609e-01 1.139048126104063273e-02 7.383225427768101701e-02 -1.388142255212173826e+00
-1.236743018528845342e-03 -3.485111253049647933e-05 2.061477803625966915e-03 1.052427874738799500e-02 -5.779957875067878031e-02 -4.230737092052687560e-03 -9.748838016362004755e-03 -1.255255876159816833e-02 -1.236815094937846783e-02 -1.441934521050835041e-02 -8.040311965591462329e-03 -2.503443705921656881e-02 -1.305067957753500499e-02 -2.041007624778895871e-02 -6.902117661544067070e-03 -2.627969289898388766e-02 -1.908970178300226361e-01 -1.304660702085749281e-02 -8.942283677993353996e-02 -8.850851600684364606e-02 6.418613149362625836e-02 3.646630183288084720e-02 -2.551146703952312245e-01 -3.601614191098308909e-02 -4.920275430246510151e-01 1.569449438662658125e-01 -8.302372054861516526e-01 -4.612082285473047882e+00 3.191438317950435533e+01 -1.660899537756188149e+00 2.711721630035018871e-01 3.456067713453681578e-01 5.544845005222877043e-01 1.267550309855703106e-01 1.300599174542306502e-01 2.846749761277848900e-03 -6.279735093454672512e-01 -6.393183280161632842e-01 1.556165267223727611e+00 -1.145902628708574733e+00
1.979674968986087230e-04 -1.984684302975229121e-03 -1.449604580399256387e-03 6.059796836250470019e-03 -6.117142037745106065e-02 -9.461360792121989785e-03 -1.460936345715362072e-02 -1.621719210978077655e-02 -1.479841017434536943e-02 -1.347827954613110141e-02 -5.801596533090660167e-03 -1.977944224379854857e-02 -5.359480148966554169e-03 -6.422957424197730733e-03 4.167771425496799055e-03 -3.105434675684444826e-03 -1.713696549843735928e-01 -1.048130957086767095e-01 -9.045852284115615816e-02 -7.108620388824601899e-02 7.046796827749871039e-02 8.799013147133240287e-02 8.163885404676649027e-02 9.618183014115873342e-02 9.051332286813678074e-01 2.030881721210551771e-01 1.980374804186925408e-02 1.004924147280879865e+00 -1.660899537756188149e+00 1.056469978588671532e+00 3.487891539739802482e-01 3.607883128096112668e-01 2.639363648906255522e-01 -8.701036190101602008e-02 2.756536647574736598e-01 3.774885891524262793e-01 2.910669736041307520e-01 2.753282535596889291e-01 3.259276296745355905e-01 -1.667448752797091149e+00
-8.222357251182066265e-04 -2.617795671629371494e-03 -2.295055771502632451e-03 5.404761595067545700e-03 -5.792668406320141544e-02 -9.531231488866099763e-03 -1.420137621928890120e-02 -1.434426883960503336e-02 -1.352514397502553416e-02 -1.044270291915656672e-02 -2.518068784456560516e-03 -1.568729664831430143e-02 -1.961359780405341237e-03 6.950439882788429639e-05 1.078300098136890720e-02 9.755408987557187203e-03 -1.509895239562508429e-01 -7.384298936604808544e-03 8.180478388927091629e-03 -1.236690833409172241e-02 -1.511541431265159274e-02 6.671837383000774058e-02 2.941748533439645860e-02 1.792017878477977222e-01 3.896277262019791632e-01 5.390535805525546037e-02 2.454494723006434356e-02 2.589554263579176285e-01 2.711721630035018871e-01 3.487891539739802482e-01 1.711643782036454509e+00 9.130654010478490845e-02 2.857380527906466239e-01 4.740522177565109074e-01 2.437254398083995022e-01 9.383174786617546337e-01 -3.387805985888451415e-02 2.132692476121368086e-01 3.812326106648252222e-01 -1.871026510753286631e+00
-2.539748082359338192e-03 -1.708600204474518052e-03 -1.378644272005532297e-03 6.341209390094933347e-03 -5.229648270371732577e-02 -9.165491835855433048e-03 -1.432174065282038576e-02 -1.379247785848187330e-02 -1.596101204106911697e-02 -1.319570083383646460e-02 -6.791066130861087707e-03 -2.180334435223691553e-02 -1.201643906209305668e-02 -9.727292618149620262e-03 -8.336911052068054096e-04 1.311556465433852880e-03 -1.546463555914157351e-01 -1.254861815085026588e-01 -3.625085758506199629e-02 -6.271405239778381213e-02 1.763943665066909361e-01 4.728475813209783579e-02 -2.613796403911888833e-02 4.019211259860276664e-02 5.756746124157662292e-01 -1.220971990330140672e-01 -5.744543917838474539e-02 7.381779485911044159e-02 3.456067713453681578e-01 3.607883128096112668e-01 9.130654010478490845e-02 8.964352714923973231e-01 4.492528304258325278e-01 3.235056407367861153e-01 3.259728204580298883e-01 2.965063699047849610e-01 4.211336217721667885e-01 3.585098811156939291e-01 5.976201470658127901e-01 -2.032732465918299702e+00
-4.220137586525450277e-04 -2.031688723529438863e-03 -2.081047953265506394e-03 5.661715633557847134e-03 -5.215821244794833361e-02 -1.010727703199885801e-02 -1.510593554681470378e-02 -1.318574986199914749e-02 -1.634002756998649900e-02 -1.215696598591760151e-02 -4.988555914085430164e-03 -2.031829191451968442e-02 -1.172304195311659088e-02 -7.781139306874240713e-03 -5.155374566626689907e-04 -2.017297636651023494e-03 -1.675503298340103031e-01 7.270644225177676223e-02 4.493206713971856225e-02 9.415915449489111258e-03 1.397158878977927954e-01 9.325873573776470582e-02 6.392273829791766948e-02 1.641217035776877664e-01 5.051114161386653922e-01 4.667141708912488085e-02 -7.847864145142381398e-01 1.018996755475287674e-01 5.544845005222877043e-01 2.639363648906255522e-01 2.857380527906466239e-01 4.492528304258325278e-01 2.442615637723179578e+00 -2.179768084433439668e-01 2.689132395041447521e-01 2.701399724471048591e-01 3.366059844934201073e-01 2.575957939181153789e-01 5.810736199074395536e-01 -2.432296050895053963e+00
-2.244022323070716884e-05 -6.330268972659691999e-05 6.886935348949150236e-04 9.328127674668496710e-03 -4.363495048814228922e-02 -5.688211480745015286e-03 -1.067746703594414821e-02 -7.348352548705083809e-03 -1.428560963721042278e-02 -1.085011620321563869e-02 -5.294139960334063796e-03 -2.450938407605037297e-02 -2.218235776180306484e-02 -1.981967868846784553e-02 -1.650601184020876466e-02 -2.009356304283504285e-02 -1.850364389164174950e-01 -6.197842637909749611e-03 -9.246734887461981883e-03 -5.686931856404005975e-02 6.621753377864443568e-02 -1.693947370055999199e-02 -5.395966739608906715e-02 2.466526642198692276e-02 3.008381916979427917e-01 -8.972463243004871192e-01 2.839473427236499647e-01 1.016820665263608314e-01 1.267550309855703106e-01 -8.701036190101602008e-02 4.740522177565109074e-01 3.235056407367861153e-01 -2.179768084433439668e-01 1.637270112445618153e+00 4.042958281341740845e-01 5.790526831895755899e-01 6.431797585560133923e-01 4.067932385685621433e-01 8.237959244797041780e-01 -2.858645019630185136e+00
-4.495045806621401538e-04 -4.104718657751491441e-04 -1.416603169223407967e-04 8.497151926568830005e-03 -4.422295308241624978e-02 -7.005630658061800901e-03 -1.188783032390157250e-02 -6.752821823032440808e-03 -1.560986058078698939e-02 -1.081582186295175323e-02 -3.811442363627693883e-03 -2.451981335425128597e-02 -2.417125825321785743e-02 -1.848708606407128974e-02 -1.376177727360748670e-02 -1.424831276473649024e-02 -1.791444347932608649e-01 4.964382048124075728e-03 2.740263403099364378e-02 -6.747711280492081631e-02 5.088554887568802476e-02 8.656756707246349158e-02 3.004804197169161665e-04 4.909111996113865728e-02 1.967285683194603396e-01 -4.107696836228952542e+00 7.351274066810535857e-01 1.869845394386062953e-01 1.300599174542306502e-01 2.756536647574736598e-01 2.437254398083995022e-01 3.259728204580298883e-01 2.689132395041447521e-01 4.042958281341740845e-01 7.066752459372874773e-01 2.479564704151151766e-01 9.358578167834905592e-01 1.877530069475716046e-01 8.020601475788966539e-01 -2.864228487383033706e+00
-7.524731094863489457e-04 -9.082220016124195952e-04 -9.744979833076942250e-04 7.985917484626483404e-03 -4.464811906944046727e-02 -7.289387943304198245e-03 -1.156360758739818570e-02 -3.865603852941334757e-03 -1.451609196790745564e-02 -7.725640296034771114e-03 2.099001985295992877e-03 -2.111058447075944353e-02 -2.376140850813825492e-02 -1.349007776067800285e-02 -7.052737772722961901e-03 -4.620495771799703645e-03 -1.707206280969079115e-01 1.916471833618122594e-02 -1.794789516880582539e-02 9.041407002327601916e-02 6.186411828248449263e-01 -1.130726138355118815e+00 -1.504032790406290565e-01 2.052634717585758925e-02 7.584391465947060151e-01 1.216196807340641506e+01 -2.266849417230106578e+00 4.137723290296575762e-02 2.846749761277848900e-03 3.774885891524262793e-01 9.383174786617546337e-01 2.965063699047849610e-01 2.701399724471048591e-01 5.790526831895755899e-01 2.479564704151151766e-01 3.897821550273305569e+00 -7.545303261786436844e-01 5.799338985195890972e-01 9.957114856608123565e-01 -8.634883293965268436e+00
4.806354815943705518e-05 -7.070830614205873181e-04 -8.662651404583417494e-04 8.557471761459128912e-03 -4.419929328131359803e-02 -6.673313309451692731e-03 -1.037701831743378239e-02 1.102813178837834746e-04 -1.302713526195051381e-02 -4.166816207632899859e-03 1.026908661123382242e-02 -1.811393489683067737e-02 -2.630929155089901245e-02 -8.357206649264104989e-03 2.128205009135459517e-03 1.226907059789620474e-02 -1.438530706705136442e-01 9.417798169866997693e-02 7.307003137405411186e-01 9.903721865821403167e-03 -2.062095791073223494e-01 2.486796090438522511e-01 -1.072319153718665971e-02 5.926417126806315244e-02 3.070848601109317233e-01 1.500506423443348725e+00 -5.319899926551064917e-01 2.751115601254917609e-01 -6.279735093454672512e-01 2.910669736041307520e-01 -3.387805985888451415e-02 4.211336217721667885e-01 3.366059844934201073e-01 6.431797585560133923e-01 9.358578167834905592e-01 -7.545303261786436844e-01 1.030900333605242025e+01 -1.031486810664014264e+00 2.231179770049739552e+00 -2.421305805572263381e+01
-1.793559323858366032e-03 1.303874510093496527e-03 1.465977711641255942e-03 1.119841831940815435e-02 -3.712456437918494612e-02 -6.232639505750653050e-03 -1.137302729420657486e-02 3.736495361652044923e-05 -2.198375897245492469e-02 -1.632689656874674808e-02 -4.894627736228214163e-03 -4.551225726895208323e-02 -7.002869906827535740e-02 -5.868455251420406221e-02 -6.339352718113848428e-02 -7.820573588355052286e-02 -2.636152302400692204e-01 -1.225095326625256498e-01 -3.028674078943863202e-01 1.210565737266981801e+00 3.504079753046664136e-02 -4.660283776386714427e-01 6.942457707597997352e-02 1.192970415950926760e-01 3.024907497951921931e-01 1.916129872156655312e+00 6.228606588931911991e-01 1.139048126104063273e-02 -6.393183280161632842e-01 2.753282535596889291e-01 2.132692476121368086e-01 3.585098811156939291e-01 2.575957939181153789e-01 4.067932385685621433e-01 1.877530069475716046e-01 5.799338985195890972e-01 -1.031486810664014264e+00 8.621432239719792889e+00 -8.761102251352141934e+00 2.202701159175463772e+02
-1.683484251361936756e-03 -1.446526558047259472e-05 4.342274273300847582e-04 1.137779382121918356e-02 -4.765468558323286002e-02 -7.355701663672301223e-03 -1.109338815405039487e-02 4.139677728696194992e-03 -1.625669272475349647e-02 -1.940895290553265248e-03 8.422175409261910273e-02 -3.842010411302199807e-02 -1.500436500503955772e-01 -5.081657359319095846e-02 -3.362249703443693366e-02 -3.668686530110913929e-03 -2.593115844856977992e-01 -3.409533430763749678e-02 -3.772940431448187915e-02 -1.609860426230336483e-01 -1.230871901881942744e-03 1.246273372212956115e-01 -5.978139867760738635e-03 6.920944254703678689e-02 3.403940769590427795e-01 1.032874298013211067e+00 8.258773981904359018e-02 7.383225427768101701e-02 1.556165267223727611e+00 3.259276296745355905e-01 3.812326106648252222e-01 5.976201470658127901e-01 5.810736199074395536e-01 8.237959244797041780e-01 8.020601475788966539e-01 9.957114856608123565e-01 2.231179770049739552e+00 -8.761102251352141934e+00 4.304744497728523811e+01 -9.260391802610472496e+02
