3.376670097553004755e-03 3.257815124309768919e-03 3.146576678228570848e-03 3.039026797803537870e-03 2.932618954873165464e-03 2.826380640087669798e-03 2.718794730756916422e-03 2.608842177155405468e-03 2.496230073344814920e-03 2.381498655540261952e-03 2.265633395966957977e-03 2.149385785068179053e-03 2.025010809110998952e-03 1.907198417440788456e-03 1.802735607307940887e-03 1.691848300016258067e-03 1.585552076983291541e-03 1.483545584527667114e-03 1.386556810603274984e-03 1.294167080226791503e-03 1.211191692634047039e-03 1.126776115357241244e-03 1.046621663833946329e-03 9.932955706435169733e-04 9.063469692270871916e-04 8.368312257108704699e-04 7.705761757312624711e-04 7.067039690998832809e-04 6.452523097345846817e-04 5.910847344386096136e-04 5.201491814262022102e-04 4.662904968598796922e-04 4.128105404559396043e-04 3.648196834220563105e-04 3.054153724377848384e-04 2.578091696445983477e-04 2.109641285112565491e-04 1.658866056249855357e-04 1.228633479078844871e-04 8.171473063898054823e-05
3.257815124309768919e-03 3.592003123411614124e-03 3.853322033356839597e-03 4.068892213079071049e-03 4.247502523390971410e-03 4.393197274446945799e-03 4.506311676381188729e-03 4.586894311189358350e-03 4.635556772982234522e-03 4.653763250285253457e-03 4.643310542464179798e-03 4.606436259247425821e-03 4.536516744280198223e-03 4.455784881180259796e-03 4.366517409966083965e-03 4.253359941842026204e-03 4.129603862410729555e-03 3.997147157448031549e-03 3.857829986562028371e-03 3.712286641568806732e-03 3.568279065288431501e-03 3.412119708342682169e-03 3.252877981660962092e-03 3.113832975763836455e-03 2.933592407277434057e-03 2.765104967656215138e-03 2.594397824012059997e-03 2.421075189984256588e-03 2.245562778626433720e-03 2.073116508918488362e-03 1.879270162188561568e-03 1.698872944070786315e-03 1.514883952142563432e-03 1.333036931329918033e-03 1.133288557551551242e-03 9.426643460396946870e-04 7.478302990787431088e-04 5.494960201955387214e-04 3.472278101793018759e-04 1.425087200533586113e-04
3.146576678228570848e-03 3.853322033356839597e-03 4.440858170748528816e-03 4.950315832778166142e-03 5.395323368211212868e-03 5.781275906988383485e-03 6.107944147733619308e-03 6.375015823135207933e-03 6.583239226533885678e-03 6.734519913728059803e-03 6.831066454559419840e-03 6.876235554327566127e-03 6.864164119246488407e-03 6.825462912602913400e-03 6.754663473991500723e-03 6.644593348388582593e-03 6.509135982822364386e-03 6.352368244922937564e-03 6.177157122565378813e-03 5.985149571538355209e-03 5.787010881125207069e-03 5.566246312614868408e-03 5.335228202271296086e-03 5.117847535407097151e-03 4.851926598144064122e-03 4.592134097364699089e-03 4.324731416970079186e-03 4.049810740658612608e-03 3.768193962301945570e-03 3.485526126518875747e-03 3.177012702901191137e-03 2.878420203819160358e-03 2.572432032288705060e-03 2.265414926635812235e-03 1.934211346448084764e-03 1.609662901552593199e-03 1.276163569176423955e-03 9.341451707588821268e-04 5.824877482880371328e-04 2.241947015734661126e-04
3.039026797803537870e-03 4.068892213079071049e-03 4.950315832778166142e-03 5.731960954066842376e-03 6.428936469940917456e-03 7.045998456464857597e-03 7.580600342140986388e-03 8.031031384987350266e-03 8.397579382727256639e-03 8.682193528046867892e-03 8.887144186762847842e-03 9.016552683654597070e-03 9.064865352622495515e-03 9.069905415774572391e-03 9.022956524895034067e-03 8.919886357190183815e-03 8.777144137410359745e-03 8.600838806233013917e-03 8.394764172155916998e-03 8.161523262317281133e-03 7.914621981144408930e-03 7.634776939882867951e-03 7.337586038107627405e-03 7.047408195985607748e-03 6.701531614704842738e-03 6.356079122510465904e-03 5.997602845639949873e-03 5.626700666650026085e-03 5.244602761351954689e-03 4.857328693657827524e-03 4.439874981589608111e-03 4.028775728381885253e-03 3.606523615006231205e-03 3.180103029047578241e-03 2.723308083037278247e-03 2.270709216855466839e-03 1.804466354315583613e-03 1.324723144678616616e-03 8.296703696514380567e-04 3.237224560631231677e-04
2.932618954873165464e-03 4.247502523390971410e-03 5.395323368211212868e-03 6.428936469940917456e-03 7.364036861471735113e-03 8.201943279912731616e-03 8.937940042641036656e-03 9.567842866271748792e-03 1.009086896228371041e-02 1.050856437498142761e-02 1.082289654876387140e-02 1.103840649118312429e-02 1.114944465364731477e-02 1.120140509078287189e-02 1.118109136992197737e-02 1.108893439237961659e-02 1.094321225883117428e-02 1.075201939134322326e-02 1.051998844186413651e-02 1.025061580624214187e-02 9.960173849288708053e-03 9.626593416287104743e-03 9.268596895061678026e-03 8.910806000009676570e-03 8.490349458263339935e-03 8.064597286638049839e-03 7.620511317418426564e-03 7.159075036009690009e-03 6.681859834766426184e-03 6.195235876833298135e-03 5.674159077446676476e-03 5.155731583974769786e-03 4.622368157453120817e-03 4.081645022280488283e-03 3.504409755217125812e-03 2.928815324580991836e-03 2.334845816147698358e-03 1.722336376622896808e-03 1.088773534730563992e-03 4.398848952829149473e-04
2.826380640087669798e-03 4.393197274446945799e-03 5.781275906988383485e-03 7.045998456464857597e-03 8.201943279912731616e-03 9.248699951810756062e-03 1.017744989607444889e-02 1.098129924412554262e-02 1.165777353274866437e-02 1.220745566533921501e-02 1.263158851866841986e-02 1.293476504273871272e-02 1.311077711395404466e-02 1.321259781661750926e-02 1.322245413725102112e-02 1.314538142752250463e-02 1.300131544840355327e-02 1.280024175768382753e-02 1.254753899775665031e-02 1.224752986534478720e-02 1.191919835558968681e-02 1.153767664051855678e-02 1.112476202736259120e-02 1.070510008907198801e-02 1.021609364875955030e-02 9.715731534249798934e-03 9.191441518973927916e-03 8.644759789668783612e-03 8.077690729622430399e-03 7.496916723485709880e-03 6.877544839926160065e-03 6.256954415152157778e-03 5.617619839440701757e-03 4.967656785122415847e-03 4.275131287370978299e-03 3.581544477464908630e-03 2.864804680661131066e-03 2.124416255433403660e-03 1.357148104882450893e-03 5.699508265533591257e-04
2.718794730756916422e-03 4.506311676381188729e-03 6.107944147733619308e-03 7.580600342140986388e-03 8.937940042641036656e-03 1.017744989607444889e-02 1.128688709050568867e-02 1.225633164629968790e-02 1.308101772436317395e-02 1.375991949993175291e-02 1.429308032542879470e-02 1.468475509265445254e-02 1.492763975928364760e-02 1.508227104542152371e-02 1.512609340464385506e-02 1.506866698681835412e-02 1.493141369829787020e-02 1.472608150455821489e-02 1.445869545594210583e-02 1.413431919273625166e-02 1.377460063374315834e-02 1.335178297642208856e-02 1.289068781848696187e-02 1.241564843797697548e-02 1.186494092011273517e-02 1.129665376909202469e-02 1.069882479491198954e-02 1.007348524386326646e-02 9.423034897955765571e-03 8.754415471082915498e-03 8.043144751063662987e-03 7.326524385507710013e-03 6.587266471245356581e-03 5.833966509649710780e-03 5.032116768533981786e-03 4.226274786095209242e-03 3.392402953995175916e-03 2.529651931892717021e-03 1.634061142450647435e-03 7.137140203621575481e-04
2.608842177155405468e-03 4.586894311189358350e-03 6.375015823135207933e-03 8.031031384987350266e-03 9.567842866271748792e-03 1.098129924412554262e-02 1.225633164629968790e-02 1.338012829842789679e-02 1.434527601368393128e-02 1.514858330663832256e-02 1.578843206154839640e-02 1.626833504814462900e-02 1.657921853876700991e-02 1.678928912191815850e-02 1.687069437274859793e-02 1.683745231151670754e-02 1.671227511202536334e-02 1.650851944372914298e-02 1.623277216781838714e-02 1.589074589634598481e-02 1.550676038225510048e-02 1.504995496977340995e-02 1.454820682605773713e-02 1.402511414031696636e-02 1.342054511998064248e-02 1.279197851769578800e-02 1.212821175002029919e-02 1.143174956542536425e-02 1.070536465714033540e-02 9.956184085049970406e-03 9.160443010830522995e-03 8.354919333695320222e-03 7.522775728513953798e-03 6.673009519869467498e-03 5.768797345914546994e-03 4.857392887690254943e-03 3.912978855398651333e-03 2.934331662222886428e-03 1.916756620599688104e-03 8.693803569206890770e-04
2.496230073344814920e-03 4.635556772982234522e-03 6.583239226533885678e-03 8.397579382727256639e-03 1.009086896228371041e-02 1.165777353274866437e-02 1.308101772436317395e-02 1.434527601368393128e-02 1.544048032854189283e-02 1.636099325251293146e-02 1.710320552327051005e-02 1.766950378569415170e-02 1.804811744530372686e-02 1.831543593644243892e-02 1.843723548970566811e-02 1.843208054216951067e-02 1.832374708261666832e-02 1.812703391433523326e-02 1.784903898488748863e-02 1.749602817788730932e-02 1.709512589024949486e-02 1.661189539983365729e-02 1.607747480096671094e-02 1.551419335450367545e-02 1.486435718313742702e-02 1.418397756775426413e-02 1.346277567412233929e-02 1.270369498062564120e-02 1.190984414767636002e-02 1.108843635630802835e-02 1.021677847602988493e-02 9.330586023717682420e-03 8.413719019396113247e-03 7.475481566615327540e-03 6.477031580700581652e-03 5.467903159687799095e-03 4.420695267242101371e-03 3.333792755848575054e-03 2.201770533829449424e-03 1.034707737407628827e-03
2.381498655540261952e-03 4.653763250285253457e-03 6.734519913728059803e-03 8.682193528046867892e-03 1.050856437498142761e-02 1.220745566533921501e-02 1.375991949993175291e-02 1.514858330663832256e-02 1.636099325251293146e-02 1.738911709732792257e-02 1.822726999106823176e-02 1.887641391218270598e-02 1.932057853458179000e-02 1.964602164978597465e-02 1.980985781847959329e-02 1.983571952523926693e-02 1.974814224976387256e-02 1.956319404522950667e-02 1.928847199421655431e-02 1.893068807766077818e-02 1.852021758892324552e-02 1.801795683426733394e-02 1.745895666660758280e-02 1.686358501174638896e-02 1.617755840256969793e-02 1.545441788868888097e-02 1.468498705062353145e-02 1.387259625928038802e-02 1.302063559795398583e-02 1.213627785788394010e-02 1.119830151233531905e-02 1.024072670193897083e-02 9.248389620392117108e-03 8.230789451238994595e-03 7.147390433326510951e-03 6.049547423044187959e-03 4.908494556897253364e-03 3.722211214484859570e-03 2.484554121999419177e-03 1.206462326499643236e-03
2.265633395966957977e-03 4.643310542464179798e-03 6.831066454559419840e-03 8.887144186762847842e-03 1.082289654876387140e-02 1.263158851866841986e-02 1.429308032542879470e-02 1.578843206154839640e-02 1.710320552327051005e-02 1.822726999106823176e-02 1.915307578869302960e-02 1.988002542052831265e-02 2.038478063402247853e-02 2.076899158585568395e-02 2.097529062929623725e-02 2.103419223753671616e-02 2.097044955500327115e-02 2.080124765601170170e-02 2.053465836117141646e-02 2.017766881638669713e-02 1.976533264536405043e-02 1.925083488264084028e-02 1.867521517714821819e-02 1.805584530386956238e-02 1.734294595107255949e-02 1.658644501198655932e-02 1.577846556863744462e-02 1.492265848760659583e-02 1.402262513324031498e-02 1.308534542570572411e-02 1.209151532716844571e-02 1.107273269073155014e-02 1.001512048368541352e-02 8.928245767597828633e-03 7.770223926093335412e-03 6.593736645539994071e-03 5.368889293985407152e-03 4.093244805752161396e-03 2.759961603153775634e-03 1.380743834924469870e-03
2.149385785068179053e-03 4.606436259247425821e-03 6.876235554327566127e-03 9.016552683654597070e-03 1.103840649118312429e-02 1.293476504273871272e-02 1.468475509265445254e-02 1.626833504814462900e-02 1.766950378569415170e-02 1.887641391218270598e-02 1.988002542052831265e-02 2.067843380938872572e-02 2.123097600488544137e-02 2.167949103532964411e-02 2.192760813332966102e-02 2.202094696120061867e-02 2.198341492774317368e-02 2.183323585277571408e-02 2.157882908611523723e-02 2.122684623480744145e-02 2.082376643818649800e-02 2.030132626451373531e-02 1.971636689411668947e-02 1.908062900139366816e-02 1.834996231936731823e-02 1.756939561628002855e-02 1.673256695585981918e-02 1.584337063403132295e-02 1.490553872821532948e-02 1.392568396364738184e-02 1.288691155887927015e-02 1.181758321805598776e-02 1.070545035589684502e-02 9.560008324767253068e-03 8.338375530839256533e-03 7.094048201670297149e-03 5.796246523532177369e-03 4.442107038000159269e-03 3.024114189999817150e-03 1.554638859425503750e-03
2.025010809110998952e-03 4.536516744280198223e-03 6.864164119246488407e-03 9.064865352622495515e-03 1.114944465364731477e-02 1.311077711395404466e-02 1.492763975928364760e-02 1.657921853876700991e-02 1.804811744530372686e-02 1.932057853458179000e-02 2.038478063402247853e-02 2.123097600488544137e-02 2.209761916686359823e-02 2.238508979697757459e-02 2.266156772968566310e-02 2.278726177676654654e-02 2.277730083714882628e-02 2.265071143573811618e-02 2.241871142637173395e-02 2.210675985492457918e-02 2.155549330438772185e-02 2.111309643408220207e-02 2.053680978637368454e-02 1.989598804735633053e-02 1.915845319026470567e-02 1.836405471549864069e-02 1.750864562160036123e-02 1.659650223573460454e-02 1.563147389438688736e-02 1.461968880730920087e-02 1.354724516415970782e-02 1.243832880308277065e-02 1.128270965655599027e-02 1.008965947637285691e-02 8.815738538637025654e-03 7.514636652203906218e-03 6.155000293516010856e-03 4.733561894106310536e-03 3.242202860946749240e-03 1.693934461502868060e-03
1.907198417440788456e-03 4.455784881180259796e-03 6.825462912602913400e-03 9.069905415774572391e-03 1.120140509078287189e-02 1.321259781661750926e-02 1.508227104542152371e-02 1.678928912191815850e-02 1.831543593644243892e-02 1.964602164978597465e-02 2.076899158585568395e-02 2.167949103532964411e-02 2.238508979697757459e-02 2.294336315650917155e-02 2.320587908533779456e-02 2.337410313979552262e-02 2.339513810101406452e-02 2.329146451746941238e-02 2.307333337359327927e-02 2.275182421860726459e-02 2.234020319776701749e-02 2.184018392581008050e-02 2.125891892016087970e-02 2.061137592357723675e-02 1.987043030789990838e-02 1.906743481468583037e-02 1.820002575495587374e-02 1.727245020832544539e-02 1.628848858256716839e-02 1.525347268294748558e-02 1.415702452895034255e-02 1.301824706301239754e-02 1.182931453282360518e-02 1.059912332864122904e-02 9.283892311613138257e-03 7.937131440383023498e-03 6.527057334534634540e-03 5.049936260158208005e-03 3.497005096181731495e-03 1.881701861311044785e-03
1.802735607307940887e-03 4.366517409966083965e-03 6.754663473991500723e-03 9.022956524895034067e-03 1.118109136992197737e-02 1.322245413725102112e-02 1.512609340464385506e-02 1.687069437274859793e-02 1.843723548970566811e-02 1.980985781847959329e-02 2.097529062929623725e-02 2.192760813332966102e-02 2.266156772968566310e-02 2.320587908533779456e-02 2.359249475571344179e-02 2.378826493867756270e-02 2.383722517444449712e-02 2.375777162028054265e-02 2.355983151555857830e-02 2.325415242075848030e-02 2.286200022675729041e-02 2.236991282223157670e-02 2.179630043062025582e-02 2.114945171043314254e-02 2.041265108996425867e-02 1.960814084587114356e-02 1.873600960787253494e-02 1.780060059978485001e-02 1.680562456757654297e-02 1.575549266372871723e-02 1.464400248339425836e-02 1.348417218519513613e-02 1.227101719975432978e-02 1.101292729983750947e-02 9.666090340935681174e-03 8.283381455992860909e-03 6.832806068439004760e-03 5.310174088111335039e-03 3.706123586240870488e-03 2.034443053351269511e-03
1.691848300016258067e-03 4.253359941842026204e-03 6.644593348388582593e-03 8.919886357190183815e-03 1.108893439237961659e-02 1.314538142752250463e-02 1.506866698681835412e-02 1.683745231151670754e-02 1.843208054216951067e-02 1.983571952523926693e-02 2.103419223753671616e-02 2.202094696120061867e-02 2.278726177676654654e-02 2.337410313979552262e-02 2.378826493867756270e-02 2.401761995020997367e-02 2.409666975169030834e-02 2.404397043371773318e-02 2.386926643611888416e-02 2.358355566812208801e-02 2.321067500126160199e-02 2.273275402222201327e-02 2.217180750603058026e-02 2.153026309479688302e-02 2.080397862419952615e-02 2.000439627025330305e-02 1.913450844291016487e-02 1.819874135760799622e-02 1.720069430389865872e-02 1.614366249992331762e-02 1.502638663015327253e-02 1.385462718081313660e-02 1.262676542094098679e-02 1.135052334341478744e-02 9.982444285657771782e-03 8.574207479441956978e-03 7.093879607560842765e-03 5.536812636454818866e-03 3.893087249501851841e-03 2.176764256940290961e-03
1.585552076983291541e-03 4.129603862410729555e-03 6.509135982822364386e-03 8.777144137410359745e-03 1.094321225883117428e-02 1.300131544840355327e-02 1.493141369829787020e-02 1.671227511202536334e-02 1.832374708261666832e-02 1.974814224976387256e-02 2.097044955500327115e-02 2.198341492774317368e-02 2.277730083714882628e-02 2.339513810101406452e-02 2.383722517444449712e-02 2.409666975169030834e-02 2.420703276365948273e-02 2.418085882854107901e-02 2.403149228008835681e-02 2.376879305829917438e-02 2.341678387613374199e-02 2.295709939269703279e-02 2.241256104130043628e-02 2.177952590713430614e-02 2.106868939190111034e-02 2.027887430343518205e-02 1.941648144135607254e-02 1.848603326324828669e-02 1.749100397343505281e-02 1.643339182884584124e-02 1.531773792519022272e-02 1.414130644447148845e-02 1.290643380943195737e-02 1.162004060562731381e-02 1.023933159985212019e-02 8.814355897105137852e-03 7.313455242645059383e-03 5.731521006181524748e-03 4.058106210815144547e-03 2.307448009183102767e-03
1.483545584527667114e-03 3.997147157448031549e-03 6.352368244922937564e-03 8.600838806233013917e-03 1.075201939134322326e-02 1.280024175768382753e-02 1.472608150455821489e-02 1.650851944372914298e-02 1.812703391433523326e-02 1.956319404522950667e-02 2.080124765601170170e-02 2.183323585277571408e-02 2.265071143573811618e-02 2.329146451746941238e-02 2.375777162028054265e-02 2.404397043371773318e-02 2.418085882854107901e-02 2.418311548121450730e-02 2.406097195786121787e-02 2.382398405673742670e-02 2.349425504839230960e-02 2.305649297387497507e-02 2.253175835425635237e-02 2.190989096097340633e-02 2.121913353743373754e-02 2.044346160901077888e-02 1.959328949627486827e-02 1.867325655386777028e-02 1.768670502244220483e-02 1.663413232171285713e-02 1.552693888921760981e-02 1.435240868275224242e-02 1.311756749801675122e-02 1.182840325683512731e-02 1.044309891770287164e-02 9.009650787040281161e-03 7.496899780008179151e-03 5.899283575996692140e-03 4.205866214572679014e-03 2.430966845613020261e-03
1.386556810603274984e-03 3.857829986562028371e-03 6.177157122565378813e-03 8.394764172155916998e-03 1.051998844186413651e-02 1.254753899775665031e-02 1.445869545594210583e-02 1.623277216781838714e-02 1.784903898488748863e-02 1.928847199421655431e-02 2.053465836117141646e-02 2.157882908611523723e-02 2.241871142637173395e-02 2.307333337359327927e-02 2.355983151555857830e-02 2.386926643611888416e-02 2.403149228008835681e-02 2.406097195786121787e-02 2.396671148756061506e-02 2.375759597836392401e-02 2.344976900268501765e-02 2.303814479267760756e-02 2.253666435011462271e-02 2.192833867787548005e-02 2.126247049707121611e-02 2.050522517761652411e-02 1.967180648994373490e-02 1.876699162700160364e-02 1.779398511579710976e-02 1.675152297302097762e-02 1.565926823409631921e-02 1.449259193306310506e-02 1.326418950305077726e-02 1.197898674871681821e-02 1.059642303243018072e-02 9.162092389763816860e-03 7.645536310047309526e-03 6.040754507602510114e-03 4.336365342385669307e-03 2.546685668506889957e-03
1.294167080226791503e-03 3.712286641568806732e-03 5.985149571538355209e-03 8.161523262317281133e-03 1.025061580624214187e-02 1.224752986534478720e-02 1.413431919273625166e-02 1.589074589634598481e-02 1.749602817788730932e-02 1.893068807766077818e-02 2.017766881638669713e-02 2.122684623480744145e-02 2.210675985492457918e-02 2.275182421860726459e-02 2.325415242075848030e-02 2.358355566812208801e-02 2.376879305829917438e-02 2.382398405673742670e-02 2.375759597836392401e-02 2.357962224845661439e-02 2.328188788158442463e-02 2.290596337301018665e-02 2.243201454075798712e-02 2.183936008167113030e-02 2.120395065448917038e-02 2.046963770636473293e-02 1.965760903867467407e-02 1.877281511573425030e-02 1.781831114339091360e-02 1.679067373205456876e-02 1.571997886162603691e-02 1.456673329679685977e-02 1.335081023192296809e-02 1.207592205325757478e-02 1.070299530963527909e-02 9.274955081676168958e-03 7.762221184351055826e-03 6.158385811683555165e-03 4.451676771316065602e-03 2.656336601366601508e-03
1.211191692634047039e-03 3.568279065288431501e-03 5.787010881125207069e-03 7.914621981144408930e-03 9.960173849288708053e-03 1.191919835558968681e-02 1.377460063374315834e-02 1.550676038225510048e-02 1.709512589024949486e-02 1.852021758892324552e-02 1.976533264536405043e-02 2.082376643818649800e-02 2.155549330438772185e-02 2.234020319776701749e-02 2.286200022675729041e-02 2.321067500126160199e-02 2.341678387613374199e-02 2.349425504839230960e-02 2.344976900268501765e-02 2.328188788158442463e-02 2.310573157903935901e-02 2.271228354315274478e-02 2.226165240261060788e-02 2.168182269493488384e-02 2.108180978545359796e-02 2.037382752724493581e-02 1.958695032932680075e-02 1.872620433965264258e-02 1.779441109952093966e-02 1.678516958076700649e-02 1.574295995908098905e-02 1.460790746043898539e-02 1.340987357774781411e-02 1.215112311760916872e-02 1.079411720923617590e-02 9.379073701381700906e-03 7.877353498836045520e-03 6.282159828744401930e-03 4.581358540449901630e-03 2.788996990045286388e-03
1.126776115357241244e-03 3.412119708342682169e-03 5.566246312614868408e-03 7.634776939882867951e-03 9.626593416287104743e-03 1.153767664051855678e-02 1.335178297642208856e-02 1.504995496977340995e-02 1.661189539983365729e-02 1.801795683426733394e-02 1.925083488264084028e-02 2.030132626451373531e-02 2.111309643408220207e-02 2.184018392581008050e-02 2.236991282223157670e-02 2.273275402222201327e-02 2.295709939269703279e-02 2.305649297387497507e-02 2.303814479267760756e-02 2.290596337301018665e-02 2.271228354315274478e-02 2.237400761767239024e-02 2.196035303237856007e-02 2.139205138439561477e-02 2.084027844103617313e-02 2.016496335134483273e-02 1.940906537095877377e-02 1.857798963005442144e-02 1.767425850998127421e-02 1.668655700188067387e-02 1.568391288899652694e-02 1.457196542161275608e-02 1.339765821431907269e-02 1.216121513302939085e-02 1.082661577362743072e-02 9.431362410591337397e-03 7.947826116737097268e-03 6.368898897125596474e-03 4.682185624531966239e-03 2.901533124571680205e-03
1.046621663833946329e-03 3.252877981660962092e-03 5.335228202271296086e-03 7.337586038107627405e-03 9.268596895061678026e-03 1.112476202736259120e-02 1.289068781848696187e-02 1.454820682605773713e-02 1.607747480096671094e-02 1.745895666660758280e-02 1.867521517714821819e-02 1.971636689411668947e-02 2.053680978637368454e-02 2.125891892016087970e-02 2.179630043062025582e-02 2.217180750603058026e-02 2.241256104130043628e-02 2.253175835425635237e-02 2.253666435011462271e-02 2.243201454075798712e-02 2.226165240261060788e-02 2.196035303237856007e-02 2.158657019254901430e-02 2.099108685839655083e-02 2.052024599763915477e-02 1.988341694636500123e-02 1.916327867464014123e-02 1.836628231314084425e-02 1.749410009100874769e-02 1.652133364630253842e-02 1.558756697457925645e-02 1.449967000771888552e-02 1.335383976037943753e-02 1.214543610332735092e-02 1.083930955142793293e-02 9.470532482146250264e-03 8.012313887354937866e-03 6.457275231169509917e-03 4.792811506499294882e-03 3.032489157803475773e-03
9.932955706435169733e-04 3.113832975763836455e-03 5.117847535407097151e-03 7.047408195985607748e-03 8.910806000009676570e-03 1.070510008907198801e-02 1.241564843797697548e-02 1.402511414031696636e-02 1.551419335450367545e-02 1.686358501174638896e-02 1.805584530386956238e-02 1.908062900139366816e-02 1.989598804735633053e-02 2.061137592357723675e-02 2.114945171043314254e-02 2.153026309479688302e-02 2.177952590713430614e-02 2.190989096097340633e-02 2.192833867787548005e-02 2.183936008167113030e-02 2.168182269493488384e-02 2.139205138439561477e-02 2.099108685839655083e-02 2.110784796961845400e-02 2.017608043337625057e-02 1.954004933260632473e-02 1.884625752548711383e-02 1.808749878594450786e-02 1.727349269337901880e-02 1.653147728529293439e-02 1.523195289013185363e-02 1.425663111057860408e-02 1.316437484266634421e-02 1.199886013027582840e-02 1.073313068380555083e-02 9.402526574021248529e-03 7.981771095225367874e-03 6.463671510630018130e-03 4.835700813835636103e-03 3.111030822339465492e-03
9.063469692270871916e-04 2.933592407277434057e-03 4.851926598144064122e-03 6.701531614704842738e-03 8.490349458263339935e-03 1.021609364875955030e-02 1.186494092011273517e-02 1.342054511998064248e-02 1.486435718313742702e-02 1.617755840256969793e-02 1.734294595107255949e-02 1.834996231936731823e-02 1.915845319026470567e-02 1.987043030789990838e-02 2.041265108996425867e-02 2.080397862419952615e-02 2.106868939190111034e-02 2.121913353743373754e-02 2.126247049707121611e-02 2.120395065448917038e-02 2.108180978545359796e-02 2.084027844103617313e-02 2.052024599763915477e-02 2.017608043337625057e-02 1.965229434021044039e-02 1.908524906812368235e-02 1.844256091263555761e-02 1.772649532801885697e-02 1.694044870894475738e-02 1.609875670071850978e-02 1.513950429909321702e-02 1.415085365609100067e-02 1.308822573896330915e-02 1.195932729393733504e-02 1.073222640474147047e-02 9.440470201433849920e-03 8.058311339421348959e-03 6.578241031965909383e-03 4.987556248258919259e-03 3.299037515163376257e-03
8.368312257108704699e-04 2.765104967656215138e-03 4.592134097364699089e-03 6.356079122510465904e-03 8.064597286638049839e-03 9.715731534249798934e-03 1.129665376909202469e-02 1.279197851769578800e-02 1.418397756775426413e-02 1.545441788868888097e-02 1.658644501198655932e-02 1.756939561628002855e-02 1.836405471549864069e-02 1.906743481468583037e-02 1.960814084587114356e-02 2.000439627025330305e-02 2.027887430343518205e-02 2.044346160901077888e-02 2.050522517761652411e-02 2.046963770636473293e-02 2.037382752724493581e-02 2.016496335134483273e-02 1.988341694636500123e-02 1.954004933260632473e-02 1.908524906812368235e-02 1.856377168098841471e-02 1.796693254341262536e-02 1.729724526596999531e-02 1.655727825339510517e-02 1.575263957667693074e-02 1.486409417837176138e-02 1.391989289676236197e-02 1.290532021247121561e-02 1.182553152994760687e-02 1.064729544159009542e-02 9.405250015457757018e-03 8.073023363237417926e-03 6.643132422480262089e-03 5.102908437108658914e-03 3.464629826786202755e-03
7.705761757312624711e-04 2.594397824012059997e-03 4.324731416970079186e-03 5.997602845639949873e-03 7.620511317418426564e-03 9.191441518973927916e-03 1.069882479491198954e-02 1.212821175002029919e-02 1.346277567412233929e-02 1.468498705062353145e-02 1.577846556863744462e-02 1.673256695585981918e-02 1.750864562160036123e-02 1.820002575495587374e-02 1.873600960787253494e-02 1.913450844291016487e-02 1.941648144135607254e-02 1.959328949627486827e-02 1.967180648994373490e-02 1.965760903867467407e-02 1.958695032932680075e-02 1.940906537095877377e-02 1.916327867464014123e-02 1.884625752548711383e-02 1.844256091263555761e-02 1.796693254341262536e-02 1.741809060129743958e-02 1.679824732944943527e-02 1.610935189237414425e-02 1.535394109987288022e-02 1.452651356146816147e-02 1.363577698188662805e-02 1.267669815983993829e-02 1.165405765849743432e-02 1.053189002658089582e-02 9.348300798065064046e-03 8.075241748032122718e-03 6.705392953663894505e-03 5.226203547702785480e-03 3.649352669777385268e-03
7.067039690998832809e-04 2.421075189984256588e-03 4.049810740658612608e-03 5.626700666650026085e-03 7.159075036009690009e-03 8.644759789668783612e-03 1.007348524386326646e-02 1.143174956542536425e-02 1.270369498062564120e-02 1.387259625928038802e-02 1.492265848760659583e-02 1.584337063403132295e-02 1.659650223573460454e-02 1.727245020832544539e-02 1.780060059978485001e-02 1.819874135760799622e-02 1.848603326324828669e-02 1.867325655386777028e-02 1.876699162700160364e-02 1.877281511573425030e-02 1.872620433965264258e-02 1.857798963005442144e-02 1.836628231314084425e-02 1.808749878594450786e-02 1.772649532801885697e-02 1.729724526596999531e-02 1.679824732944943527e-02 1.623124214636589152e-02 1.559769603402753717e-02 1.489972284224689442e-02 1.413179718940615545e-02 1.330216290217720379e-02 1.240591583037536569e-02 1.144881764581110774e-02 1.038988466698039827e-02 9.273968123067709290e-03 8.069807760016884518e-03 6.770404027357538809e-03 5.363401538551577745e-03 3.859765412282964089e-03
6.452523097345846817e-04 2.245562778626433720e-03 3.768193962301945570e-03 5.244602761351954689e-03 6.681859834766426184e-03 8.077690729622430399e-03 9.423034897955765571e-03 1.070536465714033540e-02 1.190984414767636002e-02 1.302063559795398583e-02 1.402262513324031498e-02 1.490553872821532948e-02 1.563147389438688736e-02 1.628848858256716839e-02 1.680562456757654297e-02 1.720069430389865872e-02 1.749100397343505281e-02 1.768670502244220483e-02 1.779398511579710976e-02 1.781831114339091360e-02 1.779441109952093966e-02 1.767425850998127421e-02 1.749410009100874769e-02 1.727349269337901880e-02 1.694044870894475738e-02 1.655727825339510517e-02 1.610935189237414425e-02 1.559769603402753717e-02 1.502364148305928258e-02 1.439344089935157799e-02 1.367843825187803862e-02 1.291855116980004069e-02 1.209292272722975112e-02 1.121046985740085586e-02 1.022189021770989435e-02 9.183557873875864211e-03 8.058751854048192692e-03 6.841002168439896253e-03 5.518229524010724932e-03 4.100544231585027434e-03
5.910847344386096136e-04 2.073116508918488362e-03 3.485526126518875747e-03 4.857328693657827524e-03 6.195235876833298135e-03 7.496916723485709880e-03 8.754415471082915498e-03 9.956184085049970406e-03 1.108843635630802835e-02 1.213627785788394010e-02 1.308534542570572411e-02 1.392568396364738184e-02 1.461968880730920087e-02 1.525347268294748558e-02 1.575549266372871723e-02 1.614366249992331762e-02 1.643339182884584124e-02 1.663413232171285713e-02 1.675152297302097762e-02 1.679067373205456876e-02 1.678516958076700649e-02 1.668655700188067387e-02 1.652133364630253842e-02 1.653147728529293439e-02 1.609875670071850978e-02 1.575263957667693074e-02 1.535394109987288022e-02 1.489972284224689442e-02 1.439344089935157799e-02 1.388465974589495402e-02 1.312469783677689718e-02 1.246031966196694922e-02 1.171720881043727090e-02 1.092102203202057614e-02 1.001046052284940494e-02 9.061294806036540583e-03 8.027990421813855151e-03 6.904989640424676230e-03 5.680622197883571263e-03 4.363956341216226713e-03
5.201491814262022102e-04 1.879270162188561568e-03 3.177012702901191137e-03 4.439874981589608111e-03 5.674159077446676476e-03 6.877544839926160065e-03 8.043144751063662987e-03 9.160443010830522995e-03 1.021677847602988493e-02 1.119830151233531905e-02 1.209151532716844571e-02 1.288691155887927015e-02 1.354724516415970782e-02 1.415702452895034255e-02 1.464400248339425836e-02 1.502638663015327253e-02 1.531773792519022272e-02 1.552693888921760981e-02 1.565926823409631921e-02 1.571997886162603691e-02 1.574295995908098905e-02 1.568391288899652694e-02 1.558756697457925645e-02 1.523195289013185363e-02 1.513950429909321702e-02 1.486409417837176138e-02 1.452651356146816147e-02 1.413179718940615545e-02 1.367843825187803862e-02 1.312469783677689718e-02 1.268039729778163566e-02 1.205088775816017324e-02 1.138253941135549015e-02 1.067695003170741723e-02 9.844769631733583590e-03 8.992742887368758084e-03 8.059401672593896268e-03 7.040314018213251861e-03 5.924164292047554535e-03 4.718792965771947956e-03
4.662904968598796922e-04 1.698872944070786315e-03 2.878420203819160358e-03 4.028775728381885253e-03 5.155731583974769786e-03 6.256954415152157778e-03 7.326524385507710013e-03 8.354919333695320222e-03 9.330586023717682420e-03 1.024072670193897083e-02 1.107273269073155014e-02 1.181758321805598776e-02 1.243832880308277065e-02 1.301824706301239754e-02 1.348417218519513613e-02 1.385462718081313660e-02 1.414130644447148845e-02 1.435240868275224242e-02 1.449259193306310506e-02 1.456673329679685977e-02 1.460790746043898539e-02 1.457196542161275608e-02 1.449967000771888552e-02 1.425663111057860408e-02 1.415085365609100067e-02 1.391989289676236197e-02 1.363577698188662805e-02 1.330216290217720379e-02 1.291855116980004069e-02 1.246031966196694922e-02 1.205088775816017324e-02 1.151623533401850002e-02 1.094298473552086752e-02 1.034769407541863938e-02 9.596651419141807512e-03 8.857788554993927671e-03 8.040416535460193428e-03 7.142607872293323112e-03 6.153753252821470877e-03 5.080164293719135679e-03
4.128105404559396043e-04 1.514883952142563432e-03 2.572432032288705060e-03 3.606523615006231205e-03 4.622368157453120817e-03 5.617619839440701757e-03 6.587266471245356581e-03 7.522775728513953798e-03 8.413719019396113247e-03 9.248389620392117108e-03 1.001512048368541352e-02 1.070545035589684502e-02 1.128270965655599027e-02 1.182931453282360518e-02 1.227101719975432978e-02 1.262676542094098679e-02 1.290643380943195737e-02 1.311756749801675122e-02 1.326418950305077726e-02 1.335081023192296809e-02 1.340987357774781411e-02 1.339765821431907269e-02 1.335383976037943753e-02 1.316437484266634421e-02 1.308822573896330915e-02 1.290532021247121561e-02 1.267669815983993829e-02 1.240591583037536569e-02 1.209292272722975112e-02 1.171720881043727090e-02 1.138253941135549015e-02 1.094298473552086752e-02 1.047300136818320702e-02 1.001458070226282464e-02 9.320396355591533538e-03 8.712336073036777359e-03 8.025769603171195588e-03 7.264895815708031016e-03 6.420409676077931671e-03 5.496842913528266102e-03
3.648196834220563105e-04 1.333036931329918033e-03 2.265414926635812235e-03 3.180103029047578241e-03 4.081645022280488283e-03 4.967656785122415847e-03 5.833966509649710780e-03 6.673009519869467498e-03 7.475481566615327540e-03 8.230789451238994595e-03 8.928245767597828633e-03 9.560008324767253068e-03 1.008965947637285691e-02 1.059912332864122904e-02 1.101292729983750947e-02 1.135052334341478744e-02 1.162004060562731381e-02 1.182840325683512731e-02 1.197898674871681821e-02 1.207592205325757478e-02 1.215112311760916872e-02 1.216121513302939085e-02 1.214543610332735092e-02 1.199886013027582840e-02 1.195932729393733504e-02 1.182553152994760687e-02 1.165405765849743432e-02 1.144881764581110774e-02 1.121046985740085586e-02 1.092102203202057614e-02 1.067695003170741723e-02 1.034769407541863938e-02 1.001458070226282464e-02 9.903412899401442537e-03 8.904801642439588022e-03 8.506570032978466936e-03 7.983396696314037921e-03 7.385060966454101358e-03 6.709570243463986589e-03 5.960789103775393852e-03
3.054153724377848384e-04 1.133288557551551242e-03 1.934211346448084764e-03 2.723308083037278247e-03 3.504409755217125812e-03 4.275131287370978299e-03 5.032116768533981786e-03 5.768797345914546994e-03 6.477031580700581652e-03 7.147390433326510951e-03 7.770223926093335412e-03 8.338375530839256533e-03 8.815738538637025654e-03 9.283892311613138257e-03 9.666090340935681174e-03 9.982444285657771782e-03 1.023933159985212019e-02 1.044309891770287164e-02 1.059642303243018072e-02 1.070299530963527909e-02 1.079411720923617590e-02 1.082661577362743072e-02 1.083930955142793293e-02 1.073313068380555083e-02 1.073222640474147047e-02 1.064729544159009542e-02 1.053189002658089582e-02 1.038988466698039827e-02 1.022189021770989435e-02 1.001046052284940494e-02 9.844769631733583590e-03 9.596651419141807512e-03 9.320396355591533538e-03 8.904801642439588022e-03 8.831086945132826313e-03 8.437463516990963142e-03 8.033307275231257871e-03 7.585144983908024760e-03 7.079236615928586815e-03 6.512855653532261847e-03
2.578091696445983477e-04 9.426643460396946870e-04 1.609662901552593199e-03 2.270709216855466839e-03 2.928815324580991836e-03 3.581544477464908630e-03 4.226274786095209242e-03 4.857392887690254943e-03 5.467903159687799095e-03 6.049547423044187959e-03 6.593736645539994071e-03 7.094048201670297149e-03 7.514636652203906218e-03 7.937131440383023498e-03 8.283381455992860909e-03 8.574207479441956978e-03 8.814355897105137852e-03 9.009650787040281161e-03 9.162092389763816860e-03 9.274955081676168958e-03 9.379073701381700906e-03 9.431362410591337397e-03 9.470532482146250264e-03 9.402526574021248529e-03 9.440470201433849920e-03 9.405250015457757018e-03 9.348300798065064046e-03 9.273968123067709290e-03 9.183557873875864211e-03 9.061294806036540583e-03 8.992742887368758084e-03 8.857788554993927671e-03 8.712336073036777359e-03 8.506570032978466936e-03 8.437463516990963142e-03 8.228979327360459034e-03 8.005823357535120019e-03 7.750188468836881513e-03 7.451676139012886231e-03 7.104264917011974059e-03
2.109641285112565491e-04 7.478302990787431088e-04 1.276163569176423955e-03 1.804466354315583613e-03 2.334845816147698358e-03 2.864804680661131066e-03 3.392402953995175916e-03 3.912978855398651333e-03 4.420695267242101371e-03 4.908494556897253364e-03 5.368889293985407152e-03 5.796246523532177369e-03 6.155000293516010856e-03 6.527057334534634540e-03 6.832806068439004760e-03 7.093879607560842765e-03 7.313455242645059383e-03 7.496899780008179151e-03 7.645536310047309526e-03 7.762221184351055826e-03 7.877353498836045520e-03 7.947826116737097268e-03 8.012313887354937866e-03 7.981771095225367874e-03 8.058311339421348959e-03 8.073023363237417926e-03 8.075241748032122718e-03 8.069807760016884518e-03 8.058751854048192692e-03 8.027990421813855151e-03 8.059401672593896268e-03 8.040416535460193428e-03 8.025769603171195588e-03 7.983396696314037921e-03 8.033307275231257871e-03 8.005823357535120019e-03 7.975999042924652657e-03 7.931252289338112244e-03 7.863441802811618059e-03 7.761912885960027715e-03
1.658866056249855357e-04 5.494960201955387214e-04 9.341451707588821268e-04 1.324723144678616616e-03 1.722336376622896808e-03 2.124416255433403660e-03 2.529651931892717021e-03 2.934331662222886428e-03 3.333792755848575054e-03 3.722211214484859570e-03 4.093244805752161396e-03 4.442107038000159269e-03 4.733561894106310536e-03 5.049936260158208005e-03 5.310174088111335039e-03 5.536812636454818866e-03 5.731521006181524748e-03 5.899283575996692140e-03 6.040754507602510114e-03 6.158385811683555165e-03 6.282159828744401930e-03 6.368898897125596474e-03 6.457275231169509917e-03 6.463671510630018130e-03 6.578241031965909383e-03 6.643132422480262089e-03 6.705392953663894505e-03 6.770404027357538809e-03 6.841002168439896253e-03 6.904989640424676230e-03 7.040314018213251861e-03 7.142607872293323112e-03 7.264895815708031016e-03 7.385060966454101358e-03 7.585144983908024760e-03 7.750188468836881513e-03 7.931252289338112244e-03 8.119591462808785007e-03 8.309815777512327001e-03 8.485568496278739214e-03
1.228633479078844871e-04 3.472278101793018759e-04 5.824877482880371328e-04 8.296703696514380567e-04 1.088773534730563992e-03 1.357148104882450893e-03 1.634061142450647435e-03 1.916756620599688104e-03 2.201770533829449424e-03 2.484554121999419177e-03 2.759961603153775634e-03 3.024114189999817150e-03 3.242202860946749240e-03 3.497005096181731495e-03 3.706123586240870488e-03 3.893087249501851841e-03 4.058106210815144547e-03 4.205866214572679014e-03 4.336365342385669307e-03 4.451676771316065602e-03 4.581358540449901630e-03 4.682185624531966239e-03 4.792811506499294882e-03 4.835700813835636103e-03 4.987556248258919259e-03 5.102908437108658914e-03 5.226203547702785480e-03 5.363401538551577745e-03 5.518229524010724932e-03 5.680622197883571263e-03 5.924164292047554535e-03 6.153753252821470877e-03 6.420409676077931671e-03 6.709570243463986589e-03 7.079236615928586815e-03 7.451676139012886231e-03 7.863441802811618059e-03 8.309815777512327001e-03 8.789207627897664687e-03 9.278360228943325488e-03
8.171473063898054823e-05 1.425087200533586113e-04 2.241947015734661126e-04 3.237224560631231677e-04 4.398848952829149473e-04 5.699508265533591257e-04 7.137140203621575481e-04 8.693803569206890770e-04 1.034707737407628827e-03 1.206462326499643236e-03 1.380743834924469870e-03 1.554638859425503750e-03 1.693934461502868060e-03 1.881701861311044785e-03 2.034443053351269511e-03 2.176764256940290961e-03 2.307448009183102767e-03 2.430966845613020261e-03 2.546685668506889957e-03 2.656336601366601508e-03 2.788996990045286388e-03 2.901533124571680205e-03 3.032489157803475773e-03 3.111030822339465492e-03 3.299037515163376257e-03 3.464629826786202755e-03 3.649352669777385268e-03 3.859765412282964089e-03 4.100544231585027434e-03 4.363956341216226713e-03 4.718792965771947956e-03 5.080164293719135679e-03 5.496842913528266102e-03 5.960789103775393852e-03 6.512855653532261847e-03 7.104264917011974059e-03 7.761912885960027715e-03 8.485568496278739214e-03 9.278360228943325488e-03 1.011213511275384572e-02
