2.907278297320227432e+10 1.156568394218611240e+09 6.130892003991546631e+08 4.269224557247843742e+08 3.328613182433416247e+08 2.761608349114478827e+08 2.382862870971044302e+08 2.111916452515409291e+08 1.907976130383993089e+08 1.747974167863743603e+08 1.617777794067156315e+08 1.508171819786101282e+08 1.412853520047252774e+08 1.327366328572806418e+08 1.248499166692424715e+08 1.173936091097737104e+08 1.102026066303508878e+08 1.031696060749856085e+08 9.623027335234744847e+07 8.935034782950082421e+07 8.253387939633056521e+07 7.580423473196335137e+07 6.919912693943615258e+07 6.276437597427451611e+07 5.654755532812023908e+07 5.059231606270434707e+07 4.493424846759878844e+07 3.960381652345098555e+07 3.461581203296195716e+07 2.998002392705272138e+07 2.569024916483139247e+07 2.173948529877775908e+07 1.811126654159787670e+07 1.478768167814501375e+07 1.174661890134256147e+07 8.966229374344520271e+06 6.422206960922379047e+06 4.093351850945263635e+06 1.959015569336396642e+06 0.000000000000000000e+00
1.156568394218611240e+09 4.612744114507549256e+07 2.448640062485720217e+07 1.705994802255188301e+07 1.329997554299731739e+07 1.102897937528061122e+07 9.509474606566211209e+06 8.421074944200197235e+06 7.601168790998363867e+06 6.957679065467556007e+06 6.434115805729961954e+06 5.993596963870250620e+06 5.610869091192889959e+06 5.268058575532432646e+06 4.952273046854634769e+06 4.654203615870217793e+06 4.367201265990111046e+06 4.086926609532316681e+06 3.810757048592904583e+06 3.537273056430862285e+06 3.266580154401632026e+06 2.999555737928719725e+06 2.737651123234892264e+06 2.482644954273825046e+06 2.236389851650082506e+06 2.000587402163155610e+06 1.776623993634633720e+06 1.565686783342182636e+06 1.368346683831512695e+06 1.184979062020781916e+06 1.015329655811752775e+06 8.591138932308673393e+05 7.156746928061839426e+05 5.842988960895009805e+05 4.641079064891379676e+05 3.542343223459296860e+05 2.537138189633630100e+05 1.617048560544413049e+05 7.738775417724599538e+04 0.000000000000000000e+00
6.130892003991546631e+08 2.448640062485720217e+07 1.300867655548516475e+07 9.065963058746967465e+06 7.067503952734855004e+06 5.859131749353528954e+06 5.049872190200357698e+06 4.469802947091143578e+06 4.032627755982946604e+06 3.689446034498676658e+06 3.410234156746282242e+06 3.175375862105009146e+06 2.971431753483399749e+06 2.788885035257135518e+06 2.620867333011262119e+06 2.462416530191133730e+06 2.309984802811292000e+06 2.161251542248539161e+06 2.014808324128132779e+06 1.869886287097060820e+06 1.726525112080419902e+06 1.585174531653300626e+06 1.446589379157139221e+06 1.311699349974736804e+06 1.181474547320223181e+06 1.056806461232450092e+06 9.384210972672094358e+05 8.269402235646346817e+05 7.226610749066463904e+05 6.257782505782295484e+05 5.361545342426449060e+05 4.536370638802214526e+05 3.778767098993755644e+05 3.084950334007457714e+05 2.450263894336263766e+05 1.870112983568255149e+05 1.339391742883918341e+05 8.536430308898868680e+04 4.085256147046188562e+04 0.000000000000000000e+00
4.269224557247843742e+08 1.705994802255188301e+07 9.065963058746967465e+06 6.318938163398684002e+06 4.925958928178468719e+06 4.083354299911164679e+06 3.518861047771573998e+06 3.114131924783193972e+06 2.809050016335492954e+06 2.569540272899905220e+06 2.374675799896357115e+06 2.210780326867644209e+06 2.068482136695798719e+06 1.941143794074346079e+06 1.823974157684645848e+06 1.713511235749393003e+06 1.607278956941614393e+06 1.503656504267587326e+06 1.401658755889256950e+06 1.300746333297726000e+06 1.200942839544628514e+06 1.102557583197288448e+06 1.006112502571381046e+06 9.122516030191263417e+05 8.216473057938955026e+05 7.349176362183054443e+05 6.525657786028472474e+05 5.750226753815447446e+05 5.024938113955653389e+05 4.351134643366112141e+05 3.727853436120690894e+05 3.154023696090125595e+05 2.627211061534180189e+05 2.144778175915172906e+05 1.703481689831195981e+05 1.300121876089602738e+05 9.311439464034266712e+04 5.934444268125428061e+04 2.840006818809656761e+04 0.000000000000000000e+00
3.328613182433416247e+08 1.329997554299731739e+07 7.067503952734855004e+06 4.925958928178468719e+06 3.840101538559695240e+06 3.183324454826029483e+06 2.743352130315627903e+06 2.427915475435846485e+06 2.190146577052650973e+06 2.003481560344866943e+06 1.851607445369818714e+06 1.723863963477164507e+06 1.612946614383452805e+06 1.513682434343987145e+06 1.422337727784226416e+06 1.336214873110676883e+06 1.253384751542137703e+06 1.172584884394275723e+06 1.093048289864214836e+06 1.014355347867228789e+06 9.365252826372428099e+05 8.597999668417745270e+05 7.845869597446154803e+05 7.113888858383260667e+05 6.407304421691932948e+05 5.730938244089049986e+05 5.088716038912621443e+05 4.483999608557603206e+05 3.918391839946567779e+05 3.392940034205027623e+05 2.906892909882598906e+05 2.459414868320827663e+05 2.048606775392581185e+05 1.672411098543213739e+05 1.328297631886605814e+05 1.013770214412672067e+05 7.260558935519240913e+04 4.627338554386152100e+04 2.214464667113210089e+04 0.000000000000000000e+00
2.761608349114478827e+08 1.102897937528061122e+07 5.859131749353528954e+06 4.083354299911164679e+06 3.183324454826029483e+06 2.639155046987080015e+06 2.274736296973738819e+06 2.013530514014533954e+06 1.816668920385911129e+06 1.662127246395091992e+06 1.536384035474265693e+06 1.430605601455827476e+06 1.338740478313180152e+06 1.256504044141554274e+06 1.180804577973562991e+06 1.109408906990617979e+06 1.040720737669954426e+06 9.736963325043510413e+05 9.077026552691552788e+05 8.423944707146419678e+05 7.777905256126917666e+05 7.140940757998257177e+05 6.516456415132922120e+05 5.908643450348902261e+05 5.321873942137296544e+05 4.760164685607887805e+05 4.226786088272407069e+05 3.724538368417511811e+05 3.254758754075868055e+05 2.818321873464427772e+05 2.414606859286241815e+05 2.042922174469238671e+05 1.701692046250776330e+05 1.389208644648774643e+05 1.103371181657427660e+05 8.421068663176528935e+04 6.031129721004907333e+04 3.843794519170080457e+04 1.839488275979509126e+04 0.000000000000000000e+00
2.382862870971044302e+08 9.509474606566211209e+06 5.049872190200357698e+06 3.518861047771573998e+06 2.743352130315627903e+06 2.274736296973738819e+06 1.961064395362064010e+06 1.736313353613986401e+06 1.566964740284666652e+06 1.434033327889849199e+06 1.325868114301186055e+06 1.234860334279676899e+06 1.155799403346383246e+06 1.084997201854016399e+06 1.019793368007925223e+06 9.582670190863494063e+05 8.990459150477109943e+05 8.412339552827232983e+05 7.842889468519884394e+05 7.279165762862457195e+05 6.721364979557672050e+05 6.171273336972058751e+05 5.631859188315164065e+05 5.106765914673929801e+05 4.599790210043718689e+05 4.114418945001173415e+05 3.653491469081422547e+05 3.219438496785091120e+05 2.813423773026322597e+05 2.436209774305374012e+05 2.087264430649128335e+05 1.765993792369240255e+05 1.471038532106780331e+05 1.200924543700617796e+05 9.538376299849126372e+04 7.279873884170108067e+04 5.213845846091416024e+04 3.322931294278804853e+04 1.590224291745334267e+04 0.000000000000000000e+00
2.111916452515409291e+08 8.421074944200197235e+06 4.469802947091143578e+06 3.114131924783193972e+06 2.427915475435846485e+06 2.013530514014533954e+06 1.736313353613986401e+06 1.537766334991987096e+06 1.388202410048391437e+06 1.270814044980842387e+06 1.175291445884190267e+06 1.094904714823902817e+06 1.025046889044588665e+06 9.624582178740571253e+05 9.047882507437710883e+05 8.503405725388998399e+05 7.979041217579658842e+05 7.466892050310671329e+05 6.962193361581778154e+05 6.462372868858488509e+05 5.967640266539931763e+05 5.479611946591523010e+05 5.000949861774526071e+05 4.534911081514412072e+05 4.084885810521111707e+05 3.653986343649757328e+05 3.244747495224259328e+05 2.859338891904859920e+05 2.498802488742596179e+05 2.163822399133459840e+05 1.853931083436667977e+05 1.568605224546360841e+05 1.306640629055146564e+05 1.066730501110679033e+05 8.472655514360308007e+04 6.466571817267493316e+04 4.631400932935918536e+04 2.951739492025871004e+04 1.412588506325612616e+04 0.000000000000000000e+00
1.907976130383993089e+08 7.601168790998363867e+06 4.032627755982946604e+06 2.809050016335492954e+06 2.190146577052650973e+06 1.816668920385911129e+06 1.566964740284666652e+06 1.388202410048391437e+06 1.253580623361468548e+06 1.147932744802647969e+06 1.061960004385955166e+06 9.895952499780872604e+05 9.266868249123960268e+05 8.702981518173227087e+05 8.183126288568899035e+05 7.692032474274899578e+05 7.218806399087883765e+05 6.756355425259191543e+05 6.300412427190622548e+05 5.848687268237307435e+05 5.401402759044159902e+05 4.960050680084727937e+05 4.527065521154929302e+05 4.105416551048341207e+05 3.698190782983938116e+05 3.308221047454055515e+05 2.937815060725527001e+05 2.588947748162373027e+05 2.262570718660900602e+05 1.959310178888695373e+05 1.678747766629008984e+05 1.420413834481087979e+05 1.183221165712198563e+05 9.659890020163910231e+04 7.672622642101110250e+04 5.856041693898729864e+04 4.194178174628626584e+04 2.673101026149927566e+04 1.279245451581688940e+04 0.000000000000000000e+00
1.747974167863743603e+08 6.957679065467556007e+06 3.689446034498676658e+06 2.569540272899905220e+06 2.003481560344866943e+06 1.662127246395091992e+06 1.434033327889849199e+06 1.270814044980842387e+06 1.147932744802647969e+06 1.051510753344701137e+06 9.730429909347729990e+05 9.069826412088291254e+05 8.495355265869128052e+05 7.980187920059515163e+05 7.504994129486111924e+05 7.055833545694019413e+05 6.622767717626964441e+05 6.199335528639601544e+05 5.781660973855269840e+05 5.367676036032948177e+05 4.957614869391901302e+05 4.552872706643191050e+05 4.155706895297766314e+05 3.768862238413899322e+05 3.395189176991393324e+05 3.037302487983157043e+05 2.697332775243377546e+05 2.377103139286322112e+05 2.077495017065541469e+05 1.799089771578178334e+05 1.541507983551816142e+05 1.304322425799945195e+05 1.086537816189626319e+05 8.870723857341965777e+04 7.045920801526856667e+04 5.377792278977521346e+04 3.851690027919734712e+04 2.454837787279053373e+04 1.174795538082371422e+04 0.000000000000000000e+00
1.617777794067156315e+08 6.434115805729961954e+06 3.410234156746282242e+06 2.374675799896357115e+06 1.851607445369818714e+06 1.536384035474265693e+06 1.325868114301186055e+06 1.175291445884190267e+06 1.061960004385955166e+06 9.730429909347729990e+05 9.006810023351139389e+05 8.397504596374308458e+05 7.867478940475758864e+05 7.391967225960437208e+05 6.953131120337967295e+05 6.538110504309557145e+05 6.137742590267526684e+05 5.746078818257097155e+05 5.359560430453470908e+05 4.976299462730422383e+05 4.596538944689456257e+05 4.221595454089164850e+05 3.853582292713157949e+05 3.495061853442377760e+05 3.148692394938823418e+05 2.816911613441120135e+05 2.501706342314551875e+05 2.204776475746753276e+05 1.926946650160187855e+05 1.668761999937807559e+05 1.429874992914962349e+05 1.209893107537764445e+05 1.007896000876860344e+05 8.228825635802172474e+04 6.536173049499296030e+04 4.988795410396673105e+04 3.573119517873158475e+04 2.277309048188447559e+04 1.089839340867009378e+04 0.000000000000000000e+00
1.508171819786101282e+08 5.993596963870250620e+06 3.175375862105009146e+06 2.210780326867644209e+06 1.723863963477164507e+06 1.430605601455827476e+06 1.234860334279676899e+06 1.094904714823902817e+06 9.895952499780872604e+05 9.069826412088291254e+05 8.397504596374308458e+05 7.831309061138951220e+05 7.338647807191055035e+05 6.896487348741056630e+05 6.488241555809775600e+05 6.101956375262691872e+05 5.729119097778196447e+05 5.364210193683503894e+05 5.003935928348301677e+05 4.646558289552089991e+05 4.292326488990760408e+05 3.942489908633782761e+05 3.599039843649207614e+05 3.264384603579947143e+05 2.941020286266456242e+05 2.631235259648810606e+05 2.336895163083531661e+05 2.059596077347210958e+05 1.800114821886901336e+05 1.558966055515577318e+05 1.335829169143078616e+05 1.130340952366619022e+05 9.416442572529581957e+04 7.688059901292264112e+04 6.106737519259507826e+04 4.661086165625887952e+04 3.338438619766767806e+04 2.127750537245300438e+04 1.018268370243578829e+04 0.000000000000000000e+00
1.412853520047252774e+08 5.610869091192889959e+06 2.971431753483399749e+06 2.068482136695798719e+06 1.612946614383452805e+06 1.338740478313180152e+06 1.155799403346383246e+06 1.025046889044588665e+06 9.266868249123960268e+05 8.495355265869128052e+05 7.867478940475758864e+05 7.338647807191055035e+05 6.878387707859537331e+05 6.465166136979443254e+05 6.083481079740215791e+05 5.722162255582320504e+05 5.373258657881342806e+05 5.031620745559206116e+05 4.694182594694411964e+05 4.359334391000086907e+05 4.027328814198348555e+05 3.699355213433051831e+05 3.377297435229872935e+05 3.063428703558916459e+05 2.760103196457686718e+05 2.469478699262776936e+05 2.193314897363597702e+05 1.933117160889838997e+05 1.689620485382708721e+05 1.463312857749066316e+05 1.253897061075814418e+05 1.061035389727727452e+05 8.839257370420791267e+04 7.216942680803421536e+04 5.732609817173200281e+04 4.375581929429748561e+04 3.133981067010486731e+04 1.997452662519565638e+04 9.559146163154844544e+03 0.000000000000000000e+00
1.327366328572806418e+08 5.268058575532432646e+06 2.788885035257135518e+06 1.941143794074346079e+06 1.513682434343987145e+06 1.256504044141554274e+06 1.084997201854016399e+06 9.624582178740571253e+05 8.702981518173227087e+05 7.980187920059515163e+05 7.391967225960437208e+05 6.896487348741056630e+05 6.465166136979443254e+05 6.077811023514969274e+05 5.719886951493786182e+05 5.380922051211147336e+05 5.053465178079612670e+05 4.732695238347399863e+05 4.415747671126977657e+05 4.101125123237887165e+05 3.789081097424082109e+05 3.480749091777595459e+05 3.177914808518686332e+05 2.882728806379931048e+05 2.597416677486594708e+05 2.324018003321264987e+05 2.064196565619836329e+05 1.819375674179117195e+05 1.590252372001589392e+05 1.377290393029352708e+05 1.180213389226960717e+05 9.987064706591302820e+04 8.320169529684774170e+04 6.793242480881229858e+04 5.396134356919547281e+04 4.118808860386681772e+04 2.950097631591758909e+04 1.880266039945343437e+04 8.998353093229046863e+03 0.000000000000000000e+00
1.248499166692424715e+08 4.952273046854634769e+06 2.620867333011262119e+06 1.823974157684645848e+06 1.422337727784226416e+06 1.180804577973562991e+06 1.019793368007925223e+06 9.047882507437710883e+05 8.183126288568899035e+05 7.504994129486111924e+05 6.953131120337967295e+05 6.488241555809775600e+05 6.083481079740215791e+05 5.719886951493786182e+05 5.383810855559109477e+05 5.065420801539687673e+05 4.757722979111515451e+05 4.456195971791230841e+05 4.158158019608019968e+05 3.862212926825564355e+05 3.568612493271259009e+05 3.278436444670700002e+05 2.993377884611324989e+05 2.715472399362684810e+05 2.446825354744067008e+05 2.189365916280157107e+05 1.944668266813709051e+05 1.714079089995662216e+05 1.498259809487998136e+05 1.297651319174605014e+05 1.111996335544002213e+05 9.410008935107312573e+04 7.839579335530189564e+04 6.400960763943030906e+04 5.084605954216898681e+04 3.881071283557740389e+04 2.779844979654897543e+04 1.771765828463920843e+04 8.479129886292979791e+03 0.000000000000000000e+00
1.173936091097737104e+08 4.654203615870217793e+06 2.462416530191133730e+06 1.713511235749393003e+06 1.336214873110676883e+06 1.109408906990617979e+06 9.582670190863494063e+05 8.503405725388998399e+05 7.692032474274899578e+05 7.055833545694019413e+05 6.538110504309557145e+05 6.101956375262691872e+05 5.722162255582320504e+05 5.380922051211147336e+05 5.065420801539687673e+05 4.766427384805142647e+05 4.477376876920546056e+05 4.194028105918199290e+05 3.913869340101250564e+05 3.635597512422212167e+05 3.359460335367083899e+05 3.086484360899885651e+05 2.818272951391137321e+05 2.556751014449673530e+05 2.303908464791916776e+05 2.061568527102266671e+05 1.831219384173247672e+05 1.614134201807231002e+05 1.410940000058420992e+05 1.222055512493783608e+05 1.047241227042436658e+05 8.862227809015951061e+04 7.383362495993988705e+04 6.028568424826563569e+04 4.788868873419912416e+04 3.655382268910387938e+04 2.618219633343178430e+04 1.668763448285653431e+04 7.986218055848791664e+03 0.000000000000000000e+00
1.102026066303508878e+08 4.367201265990111046e+06 2.309984802811292000e+06 1.607278956941614393e+06 1.253384751542137703e+06 1.040720737669954426e+06 8.990459150477109943e+05 7.979041217579658842e+05 7.218806399087883765e+05 6.622767717626964441e+05 6.137742590267526684e+05 5.729119097778196447e+05 5.373258657881342806e+05 5.053465178079612670e+05 4.757722979111515451e+05 4.477376876920546056e+05 4.206272566205039038e+05 3.940436465001066681e+05 3.677518326279153116e+05 3.416302599201128469e+05 3.157030691510678735e+05 2.900675576362839201e+05 2.648751856032878859e+05 2.403075659674461349e+05 2.165523692968404794e+05 1.937815369379563781e+05 1.721354552827005682e+05 1.517342349151774542e+05 1.326371796605772688e+05 1.148839626794410578e+05 9.845231685866675980e+04 8.331667412416719890e+04 6.941479939739710244e+04 5.667871111623583420e+04 4.502415771170060907e+04 3.436776026728742727e+04 2.461665557894677477e+04 1.568992769306640366e+04 7.508773462824266062e+03 0.000000000000000000e+00
1.031696060749856085e+08 4.086926609532316681e+06 2.161251542248539161e+06 1.503656504267587326e+06 1.172584884394275723e+06 9.736963325043510413e+05 8.412339552827232983e+05 7.466892050310671329e+05 6.756355425259191543e+05 6.199335528639601544e+05 5.746078818257097155e+05 5.364210193683503894e+05 5.031620745559206116e+05 4.732695238347399863e+05 4.456195971791230841e+05 4.194028105918199290e+05 3.940436465001066681e+05 3.691706948215870652e+05 3.445645120842665201e+05 3.201119010781159159e+05 2.958361707328691846e+05 2.718291631024557282e+05 2.482334459492838650e+05 2.252197950672889128e+05 2.029646250790402992e+05 1.816295612216545560e+05 1.613466050828114676e+05 1.422287026571969618e+05 1.243317519517617766e+05 1.076932092040866410e+05 9.229242231300611456e+04 7.810562572284138878e+04 6.507464563484040264e+04 5.313590158517386590e+04 4.221054788180691685e+04 3.222053767394680472e+04 2.307892096585368199e+04 1.470994039109140431e+04 7.039810637308741207e+03 0.000000000000000000e+00
9.623027335234744847e+07 3.810757048592904583e+06 2.014808324128132779e+06 1.401658755889256950e+06 1.093048289864214836e+06 9.077026552691552788e+05 7.842889468519884394e+05 6.962193361581778154e+05 6.300412427190622548e+05 5.781660973855269840e+05 5.359560430453470908e+05 5.003935928348301677e+05 4.694182594694411964e+05 4.415747671126977657e+05 4.158158019608019968e+05 3.913869340101250564e+05 3.677518326279153116e+05 3.445645120842665201e+05 3.216207284140146221e+05 2.988153608067343011e+05 2.761707086769125890e+05 2.537730380157200270e+05 2.317559489181291719e+05 2.102793401206467825e+05 1.895083476419567596e+05 1.695942636396231537e+05 1.506606848868700617e+05 1.328133760522832745e+05 1.161047946309203107e+05 1.005701457391190779e+05 8.619033816168320482e+04 7.294335916467080824e+04 6.077503556352357555e+04 4.962612964014032332e+04 3.942313850233380072e+04 3.009328859336974710e+04 2.155548107522838109e+04 1.373906156518833814e+04 6.575208576994146824e+03 0.000000000000000000e+00
8.935034782950082421e+07 3.537273056430862285e+06 1.869886287097060820e+06 1.300746333297726000e+06 1.014355347867228789e+06 8.423944707146419678e+05 7.279165762862457195e+05 6.462372868858488509e+05 5.848687268237307435e+05 5.367676036032948177e+05 4.976299462730422383e+05 4.646558289552089991e+05 4.359334391000086907e+05 4.101125123237887165e+05 3.862212926825564355e+05 3.635597512422212167e+05 3.416302599201128469e+05 3.201119010781159159e+05 2.988153608067343011e+05 2.776433852146908175e+05 2.566171113538675709e+05 2.358171074991766363e+05 2.153679106050781265e+05 1.954184694495615549e+05 1.761225811437268567e+05 1.576211519567920768e+05 1.400293245825330378e+05 1.234456400136170851e+05 1.079190696939810296e+05 9.348252682673485833e+04 8.011843599353617174e+04 6.780649677666001662e+04 5.649649455617966305e+04 4.613349567823176767e+04 3.664930081966936268e+04 2.797637428774856016e+04 2.003943238776435101e+04 1.277289107193817654e+04 6.112861209795288232e+03 0.000000000000000000e+00
8.253387939633056521e+07 3.266580154401632026e+06 1.726525112080419902e+06 1.200942839544628514e+06 9.365252826372428099e+05 7.777905256126917666e+05 6.721364979557672050e+05 5.967640266539931763e+05 5.401402759044159902e+05 4.957614869391901302e+05 4.596538944689456257e+05 4.292326488990760408e+05 4.027328814198348555e+05 3.789081097424082109e+05 3.568612493271259009e+05 3.359460335367083899e+05 3.157030691510678735e+05 2.958361707328691846e+05 2.761707086769125890e+05 2.566171113538675709e+05 2.371952308385956276e+05 2.179798475996617926e+05 1.990863721050549357e+05 1.806527610669777787e+05 1.628214410667821649e+05 1.457229049111095082e+05 1.294638127751139109e+05 1.141354569962040114e+05 9.978328823169575480e+04 8.643789500098222925e+04 7.408317435990049853e+04 6.270049838625929988e+04 5.224356607021018135e+04 4.266170518707048177e+04 3.389197515495510015e+04 2.587203686108964757e+04 1.853237917198797004e+04 1.181245023275131825e+04 5.653256598547627618e+03 0.000000000000000000e+00
7.580423473196335137e+07 2.999555737928719725e+06 1.585174531653300626e+06 1.102557583197288448e+06 8.597999668417745270e+05 7.140940757998257177e+05 6.171273336972058751e+05 5.479611946591523010e+05 4.960050680084727937e+05 4.552872706643191050e+05 4.221595454089164850e+05 3.942489908633782761e+05 3.699355213433051831e+05 3.480749091777595459e+05 3.278436444670700002e+05 3.086484360899885651e+05 2.900675576362839201e+05 2.718291631024557282e+05 2.537730380157200270e+05 2.358171074991766363e+05 2.179798475996617926e+05 2.003302078387427609e+05 1.829744667682581057e+05 1.660396095176763192e+05 1.496567224641940848e+05 1.339459133457226562e+05 1.190053774632432469e+05 1.049191726170158508e+05 9.172921575796899560e+04 7.946375342966293101e+04 6.810811002003183239e+04 5.764528675845602265e+04 4.803283759050819208e+04 3.922429326705046697e+04 3.116190670311868234e+04 2.378847352323918312e+04 1.704018956005129803e+04 1.086147715250776855e+04 5.198182653200786262e+03 0.000000000000000000e+00
6.919912693943615258e+07 2.737651123234892264e+06 1.446589379157139221e+06 1.006112502571381046e+06 7.845869597446154803e+05 6.516456415132922120e+05 5.631859188315164065e+05 5.000949861774526071e+05 4.527065521154929302e+05 4.155706895297766314e+05 3.853582292713157949e+05 3.599039843649207614e+05 3.377297435229872935e+05 3.177914808518686332e+05 2.993377884611324989e+05 2.818272951391137321e+05 2.648751856032878859e+05 2.482334459492838650e+05 2.317559489181291719e+05 2.153679106050781265e+05 1.990863721050549357e+05 1.829744667682581057e+05 1.671294124063628260e+05 1.516673288015835860e+05 1.367080786793472362e+05 1.223614915120306541e+05 1.087173798890408652e+05 9.585263614447496366e+04 8.380566040382988285e+04 7.260236080088088056e+04 6.222943935592517664e+04 5.267147638967639796e+04 4.388980041636033275e+04 3.584206207392874057e+04 2.847561112248670179e+04 2.173828462251297969e+04 1.557188458500894558e+04 9.925719041508580631e+03 4.750388647748993208e+03 0.000000000000000000e+00
6.276437597427451611e+07 2.482644954273825046e+06 1.311699349974736804e+06 9.122516030191263417e+05 7.113888858383260667e+05 5.908643450348902261e+05 5.106765914673929801e+05 4.534911081514412072e+05 4.105416551048341207e+05 3.768862238413899322e+05 3.495061853442377760e+05 3.264384603579947143e+05 3.063428703558916459e+05 2.882728806379931048e+05 2.715472399362684810e+05 2.556751014449673530e+05 2.403075659674461349e+05 2.252197950672889128e+05 2.102793401206467825e+05 1.954184694495615549e+05 1.806527610669777787e+05 1.660396095176763192e+05 1.516673288015835860e+05 1.376413771853398357e+05 1.240706091338605038e+05 1.110547728159842809e+05 9.867545444859667623e+04 8.700251327643105469e+04 7.607088341538190434e+04 6.590416178580700944e+04 5.649037217242191400e+04 4.781561540288000833e+04 3.984488800247963081e+04 3.253984793835144228e+04 2.585280774509894036e+04 1.973651521053169927e+04 1.413823587954315371e+04 9.012038637238141746e+03 4.313157631661582855e+03 0.000000000000000000e+00
5.654755532812023908e+07 2.236389851650082506e+06 1.181474547320223181e+06 8.216473057938955026e+05 6.407304421691932948e+05 5.321873942137296544e+05 4.599790210043718689e+05 4.084885810521111707e+05 3.698190782983938116e+05 3.395189176991393324e+05 3.148692394938823418e+05 2.941020286266456242e+05 2.760103196457686718e+05 2.597416677486594708e+05 2.446825354744067008e+05 2.303908464791916776e+05 2.165523692968404794e+05 2.029646250790402992e+05 1.895083476419567596e+05 1.761225811437268567e+05 1.628214410667821649e+05 1.496567224641940848e+05 1.367080786793472362e+05 1.240706091338605038e+05 1.118424758656187041e+05 1.001136344440143002e+05 8.895767656937592255e+04 7.843762529740971513e+04 6.858503403684844670e+04 5.942123969331380795e+04 5.093552541880134231e+04 4.311544509452024067e+04 3.592952972543299984e+04 2.934330173273550827e+04 2.331386389029991187e+04 1.779870556767925882e+04 1.275037016731061885e+04 8.127525206022362909e+03 3.889881154516814604e+03 0.000000000000000000e+00
5.059231606270434707e+07 2.000587402163155610e+06 1.056806461232450092e+06 7.349176362183054443e+05 5.730938244089049986e+05 4.760164685607887805e+05 4.114418945001173415e+05 3.653986343649757328e+05 3.308221047454055515e+05 3.037302487983157043e+05 2.816911613441120135e+05 2.631235259648810606e+05 2.469478699262776936e+05 2.324018003321264987e+05 2.189365916280157107e+05 2.061568527102266671e+05 1.937815369379563781e+05 1.816295612216545560e+05 1.695942636396231537e+05 1.576211519567920768e+05 1.457229049111095082e+05 1.339459133457226562e+05 1.223614915120306541e+05 1.110547728159842809e+05 1.001136344440143002e+05 8.961861196113405458e+04 7.963560350238920364e+04 7.022105192327836994e+04 6.140324686795143498e+04 5.320133848504847992e+04 4.560580102251542849e+04 3.860556596857701516e+04 3.217254069114229787e+04 2.627594155160662922e+04 2.087745392396350144e+04 1.593910452788146176e+04 1.141848962743084121e+04 7.278678982878559509e+03 3.483668967111617349e+03 0.000000000000000000e+00
4.493424846759878844e+07 1.776623993634633720e+06 9.384210972672094358e+05 6.525657786028472474e+05 5.088716038912621443e+05 4.226786088272407069e+05 3.653491469081422547e+05 3.244747495224259328e+05 2.937815060725527001e+05 2.697332775243377546e+05 2.501706342314551875e+05 2.336895163083531661e+05 2.193314897363597702e+05 2.064196565619836329e+05 1.944668266813709051e+05 1.831219384173247672e+05 1.721354552827005682e+05 1.613466050828114676e+05 1.506606848868700617e+05 1.400293245825330378e+05 1.294638127751139109e+05 1.190053774632432469e+05 1.087173798890408652e+05 9.867545444859667623e+04 8.895767656937592255e+04 7.963560350238920364e+04 7.076779776022309670e+04 6.240442676871232834e+04 5.457065965884935576e+04 4.728355151571366150e+04 4.053469495960788481e+04 3.431431744272524520e+04 2.859752476130270588e+04 2.335703436386217072e+04 1.855887812227511677e+04 1.416938739389248622e+04 1.015095433613449313e+04 6.470826782590499533e+03 3.097069530833243789e+03 0.000000000000000000e+00
3.960381652345098555e+07 1.565686783342182636e+06 8.269402235646346817e+05 5.750226753815447446e+05 4.483999608557603206e+05 3.724538368417511811e+05 3.219438496785091120e+05 2.859338891904859920e+05 2.588947748162373027e+05 2.377103139286322112e+05 2.204776475746753276e+05 2.059596077347210958e+05 1.933117160889838997e+05 1.819375674179117195e+05 1.714079089995662216e+05 1.614134201807231002e+05 1.517342349151774542e+05 1.422287026571969618e+05 1.328133760522832745e+05 1.234456400136170851e+05 1.141354569962040114e+05 1.049191726170158508e+05 9.585263614447496366e+04 8.700251327643105469e+04 7.843762529740971513e+04 7.022105192327836994e+04 6.240442676871232834e+04 5.503198839998766198e+04 4.812595130427444383e+04 4.170138310112999898e+04 3.575091841209293489e+04 3.026599389479253659e+04 2.522471906503439459e+04 2.060310068184508418e+04 1.637125685649324441e+04 1.249956668818041544e+04 8.954934070020912259e+03 5.708537112105103006e+03 2.732268530256460053e+03 0.000000000000000000e+00
3.461581203296195716e+07 1.368346683831512695e+06 7.226610749066463904e+05 5.024938113955653389e+05 3.918391839946567779e+05 3.254758754075868055e+05 2.813423773026322597e+05 2.498802488742596179e+05 2.262570718660900602e+05 2.077495017065541469e+05 1.926946650160187855e+05 1.800114821886901336e+05 1.689620485382708721e+05 1.590252372001589392e+05 1.498259809487998136e+05 1.410940000058420992e+05 1.326371796605772688e+05 1.243317519517617766e+05 1.161047946309203107e+05 1.079190696939810296e+05 9.978328823169575480e+04 9.172921575796899560e+04 8.380566040382988285e+04 7.607088341538190434e+04 6.858503403684844670e+04 6.140324686795143498e+04 5.457065965884935576e+04 4.812595130427444383e+04 4.208856030610286689e+04 3.647168365171462938e+04 3.126892078928057163e+04 2.647282920100662523e+04 2.206431974656855891e+04 1.802246787716164908e+04 1.432120613549874906e+04 1.093469281066701660e+04 7.834046131989789501e+03 4.994115197126408930e+03 2.390368894025496502e+03 0.000000000000000000e+00
2.998002392705272138e+07 1.184979062020781916e+06 6.257782505782295484e+05 4.351134643366112141e+05 3.392940034205027623e+05 2.818321873464427772e+05 2.436209774305374012e+05 2.163822399133459840e+05 1.959310178888695373e+05 1.799089771578178334e+05 1.668761999937807559e+05 1.558966055515577318e+05 1.463312857749066316e+05 1.377290393029352708e+05 1.297651319174605014e+05 1.222055512493783608e+05 1.148839626794410578e+05 1.076932092040866410e+05 1.005701457391190779e+05 9.348252682673485833e+04 8.643789500098222925e+04 7.946375342966293101e+04 7.260236080088088056e+04 6.590416178580700944e+04 5.942123969331380795e+04 5.320133848504847992e+04 4.728355151571366150e+04 4.170138310112999898e+04 3.647168365171462938e+04 3.160590315251655193e+04 2.709852868050710094e+04 2.294314958123323231e+04 1.912327095864498187e+04 1.562081079761104775e+04 1.241323688304493771e+04 9.478210645610801294e+03 6.790758646173187117e+03 4.329134223163688148e+03 2.072123366638334574e+03 0.000000000000000000e+00
2.569024916483139247e+07 1.015329655811752775e+06 5.361545342426449060e+05 3.727853436120690894e+05 2.906892909882598906e+05 2.414606859286241815e+05 2.087264430649128335e+05 1.853931083436667977e+05 1.678747766629008984e+05 1.541507983551816142e+05 1.429874992914962349e+05 1.335829169143078616e+05 1.253897061075814418e+05 1.180213389226960717e+05 1.111996335544002213e+05 1.047241227042436658e+05 9.845231685866675980e+04 9.229242231300611456e+04 8.619033816168320482e+04 8.011843599353617174e+04 7.408317435990049853e+04 6.810811002003183239e+04 6.222943935592517664e+04 5.649037217242191400e+04 5.093552541880134231e+04 4.560580102251542849e+04 4.053469495960788481e+04 3.575091841209293489e+04 3.126892078928057163e+04 2.709852868050710094e+04 2.323504244427887534e+04 1.967299728069265984e+04 1.639828997539536795e+04 1.339545960463450137e+04 1.064523546122072912e+04 8.128511331627414620e+03 5.823921712235306586e+03 3.712862349674283450e+03 1.777181967288594478e+03 0.000000000000000000e+00
2.173948529877775908e+07 8.591138932308673393e+05 4.536370638802214526e+05 3.154023696090125595e+05 2.459414868320827663e+05 2.042922174469238671e+05 1.765993792369240255e+05 1.568605224546360841e+05 1.420413834481087979e+05 1.304322425799945195e+05 1.209893107537764445e+05 1.130340952366619022e+05 1.061035389727727452e+05 9.987064706591302820e+04 9.410008935107312573e+04 8.862227809015951061e+04 8.331667412416719890e+04 7.810562572284138878e+04 7.294335916467080824e+04 6.780649677666001662e+04 6.270049838625929988e+04 5.764528675845602265e+04 5.267147638967639796e+04 4.781561540288000833e+04 4.311544509452024067e+04 3.860556596857701516e+04 3.431431744272524520e+04 3.026599389479253659e+04 2.647282920100662523e+04 2.294314958123323231e+04 1.967299728069265984e+04 1.665777049351993628e+04 1.388556023527252182e+04 1.134331061878042419e+04 9.014745022660059476e+03 6.883724929833984788e+03 4.932198934051118158e+03 3.144449098561659412e+03 1.505138004082133648e+03 0.000000000000000000e+00
1.811126654159787670e+07 7.156746928061839426e+05 3.778767098993755644e+05 2.627211061534180189e+05 2.048606775392581185e+05 1.701692046250776330e+05 1.471038532106780331e+05 1.306640629055146564e+05 1.183221165712198563e+05 1.086537816189626319e+05 1.007896000876860344e+05 9.416442572529581957e+04 8.839257370420791267e+04 8.320169529684774170e+04 7.839579335530189564e+04 7.383362495993988705e+04 6.941479939739710244e+04 6.507464563484040264e+04 6.077503556352357555e+04 5.649649455617966305e+04 5.224356607021018135e+04 4.803283759050819208e+04 4.388980041636033275e+04 3.984488800247963081e+04 3.592952972543299984e+04 3.217254069114229787e+04 2.859752476130270588e+04 2.522471906503439459e+04 2.206431974656855891e+04 1.912327095864498187e+04 1.639828997539536795e+04 1.388556023527252182e+04 1.157518000871545701e+04 9.456293727451275117e+03 7.515365223042346770e+03 5.738972581205832284e+03 4.112099526149501798e+03 2.621671322828559369e+03 1.254928070845774073e+03 0.000000000000000000e+00
1.478768167814501375e+07 5.842988960895009805e+05 3.084950334007457714e+05 2.144778175915172906e+05 1.672411098543213739e+05 1.389208644648774643e+05 1.200924543700617796e+05 1.066730501110679033e+05 9.659890020163910231e+04 8.870723857341965777e+04 8.228825635802172474e+04 7.688059901292264112e+04 7.216942680803421536e+04 6.793242480881229858e+04 6.400960763943030906e+04 6.028568424826563569e+04 5.667871111623583420e+04 5.313590158517386590e+04 4.962612964014032332e+04 4.613349567823176767e+04 4.266170518707048177e+04 3.922429326705046697e+04 3.584206207392874057e+04 3.253984793835144228e+04 2.934330173273550827e+04 2.627594155160662922e+04 2.335703436386217072e+04 2.060310068184508418e+04 1.802246787716164908e+04 1.562081079761104775e+04 1.339545960463450137e+04 1.134331061878042419e+04 9.456293727451275117e+03 7.725561288622760003e+03 6.140079001102596521e+03 4.688905289863435428e+03 3.359796323735661645e+03 2.142091660168909584e+03 1.025386307423334301e+03 0.000000000000000000e+00
1.174661890134256147e+07 4.641079064891379676e+05 2.450263894336263766e+05 1.703481689831195981e+05 1.328297631886605814e+05 1.103371181657427660e+05 9.538376299849126372e+04 8.472655514360308007e+04 7.672622642101110250e+04 7.045920801526856667e+04 6.536173049499296030e+04 6.106737519259507826e+04 5.732609817173200281e+04 5.396134356919547281e+04 5.084605954216898681e+04 4.788868873419912416e+04 4.502415771170060907e+04 4.221054788180691685e+04 3.942313850233380072e+04 3.664930081966936268e+04 3.389197515495510015e+04 3.116190670311868234e+04 2.847561112248670179e+04 2.585280774509894036e+04 2.331386389029991187e+04 2.087745392396350144e+04 1.855887812227511677e+04 1.637125685649324441e+04 1.432120613549874906e+04 1.241323688304493771e+04 1.064523546122072912e+04 9.014745022660059476e+03 7.515365223042346770e+03 6.140079001102596521e+03 4.880133802862380435e+03 3.726850359849259803e+03 2.670514669049315216e+03 1.702669176843033938e+03 8.150581250690983097e+02 0.000000000000000000e+00
8.966229374344520271e+06 3.542343223459296860e+05 1.870112983568255149e+05 1.300121876089602738e+05 1.013770214412672067e+05 8.421068663176528935e+04 7.279873884170108067e+04 6.466571817267493316e+04 5.856041693898729864e+04 5.377792278977521346e+04 4.988795410396673105e+04 4.661086165625887952e+04 4.375581929429748561e+04 4.118808860386681772e+04 3.881071283557740389e+04 3.655382268910387938e+04 3.436776026728742727e+04 3.222053767394680472e+04 3.009328859336974710e+04 2.797637428774856016e+04 2.587203686108964757e+04 2.378847352323918312e+04 2.173828462251297969e+04 1.973651521053169927e+04 1.779870556767925882e+04 1.593910452788146176e+04 1.416938739389248622e+04 1.249956668818041544e+04 1.093469281066701660e+04 9.478210645610801294e+03 8.128511331627414620e+03 6.883724929833984788e+03 5.738972581205832284e+03 4.688905289863435428e+03 3.726850359849259803e+03 2.846190809571720820e+03 2.039519693690383065e+03 1.300388254619135523e+03 6.225010435974486427e+02 0.000000000000000000e+00
6.422206960922379047e+06 2.537138189633630100e+05 1.339391742883918341e+05 9.311439464034266712e+04 7.260558935519240913e+04 6.031129721004907333e+04 5.213845846091416024e+04 4.631400932935918536e+04 4.194178174628626584e+04 3.851690027919734712e+04 3.573119517873158475e+04 3.338438619766767806e+04 3.133981067010486731e+04 2.950097631591758909e+04 2.779844979654897543e+04 2.618219633343178430e+04 2.461665557894677477e+04 2.307892096585368199e+04 2.155548107522838109e+04 2.003943238776435101e+04 1.853237917198797004e+04 1.704018956005129803e+04 1.557188458500894558e+04 1.413823587954315371e+04 1.275037016731061885e+04 1.141848962743084121e+04 1.015095433613449313e+04 8.954934070020912259e+03 7.834046131989789501e+03 6.790758646173187117e+03 5.823921712235306586e+03 4.932198934051118158e+03 4.112099526149501798e+03 3.359796323735661645e+03 2.670514669049315216e+03 2.039519693690383065e+03 1.461510652097388174e+03 9.318726001941663526e+02 4.460999865664899175e+02 0.000000000000000000e+00
4.093351850945263635e+06 1.617048560544413049e+05 8.536430308898868680e+04 5.934444268125428061e+04 4.627338554386152100e+04 3.843794519170080457e+04 3.322931294278804853e+04 2.951739492025871004e+04 2.673101026149927566e+04 2.454837787279053373e+04 2.277309048188447559e+04 2.127750537245300438e+04 1.997452662519565638e+04 1.880266039945343437e+04 1.771765828463920843e+04 1.668763448285653431e+04 1.568992769306640366e+04 1.470994039109140431e+04 1.373906156518833814e+04 1.277289107193817654e+04 1.181245023275131825e+04 1.086147715250776855e+04 9.925719041508580631e+03 9.012038637238141746e+03 8.127525206022362909e+03 7.278678982878559509e+03 6.470826782590499533e+03 5.708537112105103006e+03 4.994115197126408930e+03 4.329134223163688148e+03 3.712862349674283450e+03 3.144449098561659412e+03 2.621671322828559369e+03 2.142091660168909584e+03 1.702669176843033938e+03 1.300388254619135523e+03 9.318726001941663526e+02 5.941827724706935214e+02 2.844488554114788030e+02 0.000000000000000000e+00
1.959015569336396642e+06 7.738775417724599538e+04 4.085256147046188562e+04 2.840006818809656761e+04 2.214464667113210089e+04 1.839488275979509126e+04 1.590224291745334267e+04 1.412588506325612616e+04 1.279245451581688940e+04 1.174795538082371422e+04 1.089839340867009378e+04 1.018268370243578829e+04 9.559146163154844544e+03 8.998353093229046863e+03 8.479129886292979791e+03 7.986218055848791664e+03 7.508773462824266062e+03 7.039810637308741207e+03 6.575208576994146824e+03 6.112861209795288232e+03 5.653256598547627618e+03 5.198182653200786262e+03 4.750388647748993208e+03 4.313157631661582855e+03 3.889881154516814604e+03 3.483668967111617349e+03 3.097069530833243789e+03 2.732268530256460053e+03 2.390368894025496502e+03 2.072123366638334574e+03 1.777181967288594478e+03 1.505138004082133648e+03 1.254928070845774073e+03 1.025386307423334301e+03 8.150581250690983097e+02 6.225010435974486427e+02 4.460999865664899175e+02 2.844488554114788030e+02 1.361747619286402937e+02 0.000000000000000000e+00
0.000000000000000000e+00 0.000000000000000000e+00 0.000000000000000000e+00 0.000000000000000000e+00 0.000000000000000000e+00 0.000000000000000000e+00 0.000000000000000000e+00 0.000000000000000000e+00 0.000000000000000000e+00 0.000000000000000000e+00 0.000000000000000000e+00 0.000000000000000000e+00 0.000000000000000000e+00 0.000000000000000000e+00 0.000000000000000000e+00 0.000000000000000000e+00 0.000000000000000000e+00 0.000000000000000000e+00 0.000000000000000000e+00 0.000000000000000000e+00 0.000000000000000000e+00 0.000000000000000000e+00 0.000000000000000000e+00 0.000000000000000000e+00 0.000000000000000000e+00 0.000000000000000000e+00 0.000000000000000000e+00 0.000000000000000000e+00 0.000000000000000000e+00 0.000000000000000000e+00 0.000000000000000000e+00 0.000000000000000000e+00 0.000000000000000000e+00 0.000000000000000000e+00 0.000000000000000000e+00 0.000000000000000000e+00 0.000000000000000000e+00 0.000000000000000000e+00 0.000000000000000000e+00 0.000000000000000000e+00
