9.708096391860605856e-02 9.528760282621732969e-02 9.469755657760663137e-02 9.428210692664448778e-02 9.371987185438999945e-02 9.288675738637365564e-02 9.248257465659470711e-02 9.213046686323217438e-02 9.141136224061346960e-02 9.103564926222876275e-02 9.071266072687664273e-02 9.022958272372169630e-02 8.971927752317890303e-02 8.918031006598359234e-02 8.892104742692918951e-02 8.828772479191598910e-02 8.804805995056050327e-02 8.749937812667100967e-02 8.620182650177453387e-02 8.572046578964186148e-02 8.434682320757626306e-02 8.296677049875948728e-02 8.167385125960055503e-02 8.033645665167182814e-02 7.868975248628604091e-02 7.709160206258980352e-02 7.581647680678139933e-02 7.414576942355195766e-02 7.264255207648467882e-02 7.095170248547577607e-02 6.912385710346950762e-02 6.725917918449562938e-02 6.529544122312909427e-02 6.334775836580218422e-02 6.138272649244300855e-02 5.976587732138372022e-02 5.811792596656793070e-02 5.658370950533544996e-02 5.537874801160794225e-02 5.506653900161478238e-02
9.528760282621732969e-02 9.651824241048460873e-02 9.655107018659866980e-02 9.643938412667324434e-02 9.607187678863710056e-02 9.543399144736823547e-02 9.524273258754732685e-02 9.503127819285409061e-02 9.428493681247429592e-02 9.394243717953794370e-02 9.356212198164960692e-02 9.297177398668696191e-02 9.228561854397158981e-02 9.150124269185790082e-02 9.104551959723668209e-02 9.017755793586879065e-02 8.973535388724389328e-02 8.887760328870324134e-02 8.720710679857981984e-02 8.638808867061874286e-02 8.472360280482114925e-02 8.296735916982142522e-02 8.129562068819476406e-02 7.959829430067229261e-02 7.765298746867986546e-02 7.578402640354731101e-02 7.428184271176627163e-02 7.231695445205631179e-02 7.054302524057685930e-02 6.863081218290965901e-02 6.674397533387821380e-02 6.477418375111608506e-02 6.276464265587201885e-02 6.079592797537040905e-02 5.885681214959900126e-02 5.725474770815769388e-02 5.563648843404940536e-02 5.416072595075344109e-02 5.301533769542346453e-02 5.268178181302974467e-02
9.469755657760663137e-02 9.655107018659866980e-02 9.813458422896986777e-02 9.818448776259693089e-02 9.798225081724827590e-02 9.744308599209720867e-02 9.742494508079442561e-02 9.729112783545597332e-02 9.653692834242035004e-02 9.621697684197304257e-02 9.573744152910089455e-02 9.510424671764276805e-02 9.432376790104828046e-02 9.336931154059303906e-02 9.278260199305583822e-02 9.165354934870376113e-02 9.098289544005908058e-02 8.982276371085635980e-02 8.799096378010140551e-02 8.703090862398629723e-02 8.513846373725068861e-02 8.303943928237278449e-02 8.098179736874308587e-02 7.894426332473031271e-02 7.674844166648613075e-02 7.465082090697594541e-02 7.291980116843113646e-02 7.077644906759063270e-02 6.882379340290276093e-02 6.677276411142273049e-02 6.479257833019674839e-02 6.275219634961588799e-02 6.069062221301922688e-02 5.869399654016446699e-02 5.675126920657205115e-02 5.514282041782589405e-02 5.353856982491315281e-02 5.211119461227515376e-02 5.101746952177992067e-02 5.069155801579273979e-02
9.428210692664448778e-02 9.643938412667324434e-02 9.818448776259693089e-02 9.991086566208322306e-02 9.976396761481361175e-02 9.929663336823363329e-02 9.948273082124563238e-02 9.944357958336501324e-02 9.870358069655300881e-02 9.845258737143891548e-02 9.793864263877891108e-02 9.732415995062762559e-02 9.646734547661860171e-02 9.536197422535537538e-02 9.472500040894772655e-02 9.331962413437111525e-02 9.243240861052255675e-02 9.106955397668849150e-02 8.906377483018804164e-02 8.831713764825485646e-02 8.547897855229416586e-02 8.302601318800352515e-02 8.075318618703768159e-02 7.842845723165335625e-02 7.599803799028112539e-02 7.368541585268016669e-02 7.173655810249864040e-02 6.942492728797641788e-02 6.729899658068411172e-02 6.510958564033435259e-02 6.302269153715062133e-02 6.089899440013797627e-02 5.876735593228295945e-02 5.672411053811254877e-02 5.475525077807818358e-02 5.312023280897293365e-02 5.151161715078125120e-02 5.010859314834556488e-02 4.904747049993873897e-02 4.872951403035725298e-02
9.371987185438999945e-02 9.607187678863710056e-02 9.798225081724827590e-02 9.976396761481361175e-02 1.015237165403267139e-01 1.008816967634433570e-01 1.014131051592022104e-01 1.013590477771120768e-01 1.005675636725001931e-01 1.003550318028501448e-01 9.976750598501514522e-02 9.907996020780078517e-02 9.815463242680527722e-02 9.693640514075568815e-02 9.617364982689684261e-02 9.464828762620686176e-02 9.355589015331589042e-02 9.215094428016490369e-02 8.974646261617290344e-02 8.831846955021240009e-02 8.587580945158555801e-02 8.316665194538862271e-02 8.073678298430772560e-02 7.812745888254202242e-02 7.548859474117365631e-02 7.299010050228786628e-02 7.085484920161358446e-02 6.840254162371317559e-02 6.612953515223786438e-02 6.382240930488905506e-02 6.164180910254202228e-02 5.944596694404612192e-02 5.725087718124206859e-02 5.516601267169764233e-02 5.317271510181079130e-02 5.151410320224926453e-02 4.990377617197772758e-02 4.852101646960976788e-02 4.748920164801093136e-02 4.717983851986321669e-02
9.288675738637365564e-02 9.543399144736823547e-02 9.744308599209720867e-02 9.929663336823363329e-02 1.008816967634433570e-01 1.013071732398856117e-01 1.020668401421310767e-01 1.023600208801967865e-01 1.016772508770778377e-01 1.016299225202223627e-01 1.010657401422335455e-01 1.003966942069021845e-01 9.944945396957828587e-02 9.813692923084697817e-02 9.726182449028719645e-02 9.572315938054377915e-02 9.444113823655292395e-02 9.287444684791182348e-02 9.026815021607563494e-02 8.857384305958289350e-02 8.608234301602822602e-02 8.320269596305401860e-02 8.060235933058093605e-02 7.781812277943471468e-02 7.501156629129741849e-02 7.235630444287030616e-02 7.006002483779394385e-02 6.748338186965850694e-02 6.507561395921032665e-02 6.265485055850167351e-02 6.037709187690696450e-02 5.810100280035435799e-02 5.582820154202697283e-02 5.368339827145713478e-02 5.164201868674277857e-02 4.993424866137668311e-02 4.829146335140725027e-02 4.688610158488239199e-02 4.583149097708659470e-02 4.546050671318549452e-02
9.248257465659470711e-02 9.524273258754732685e-02 9.742494508079442561e-02 9.948273082124563238e-02 1.014131051592022104e-01 1.020668401421310767e-01 1.034269892477137215e-01 1.039676868356358974e-01 1.032543748000489814e-01 1.033396087413614023e-01 1.027823938027946360e-01 1.021417764289736657e-01 1.011520646877031443e-01 9.972942572262791239e-02 9.875591233758988785e-02 9.711947328517694933e-02 9.575278439127377084e-02 9.417876709241647382e-02 9.136900409846206161e-02 8.947655928896232347e-02 8.689438375830912942e-02 8.377825141084527250e-02 8.089126738615320944e-02 7.800423976067416554e-02 7.503118701121774814e-02 7.221512243480833482e-02 6.975549312970447113e-02 6.704797908932515205e-02 6.449863250025590633e-02 6.195297393215687398e-02 5.956332871729727585e-02 5.719066576149117037e-02 5.482099174531697428e-02 5.259607385531821222e-02 5.048476406026768809e-02 4.870747353415597058e-02 4.701118779903506323e-02 4.555770389423358102e-02 4.445607577489792822e-02 4.400600675760240471e-02
9.213046686323217438e-02 9.503127819285409061e-02 9.729112783545597332e-02 9.944357958336501324e-02 1.013590477771120768e-01 1.023600208801967865e-01 1.039676868356358974e-01 1.052173805346067192e-01 1.044686127011182214e-01 1.047526848679988937e-01 1.042226495064289410e-01 1.036215871974387193e-01 1.026754179798785721e-01 1.011639847664217995e-01 1.001389091793320613e-01 9.840032257455429143e-02 9.698226868307169291e-02 9.548571237123923416e-02 9.246809303392260204e-02 9.038743739115948084e-02 8.756754150890468102e-02 8.442061843355891382e-02 8.134905715507517732e-02 7.836581025709528359e-02 7.525265077713468032e-02 7.229972533152692615e-02 6.970294679157681972e-02 6.688551547615206871e-02 6.421444986695806767e-02 6.155864248556801310e-02 5.906856774779952607e-02 5.660898427492458418e-02 5.414959539994067955e-02 5.185078900146743164e-02 4.967470913806010246e-02 4.783555373741728983e-02 4.609298087869413002e-02 4.459552472925009531e-02 4.345496982923936075e-02 4.294443980877715727e-02
9.141136224061346960e-02 9.428493681247429592e-02 9.653692834242035004e-02 9.870358069655300881e-02 1.005675636725001931e-01 1.016772508770778377e-01 1.032543748000489814e-01 1.044686127011182214e-01 1.043972407587018120e-01 1.051388988709964917e-01 1.046818053317039171e-01 1.041293236633634572e-01 1.033177150634467800e-01 1.018053884773208184e-01 1.008167345421591005e-01 9.895437840401498375e-02 9.746697750413342576e-02 9.578495805718749423e-02 9.287724544483355604e-02 9.082320956920932054e-02 8.789511848986733544e-02 8.479653170595799483e-02 8.161565718891139465e-02 7.859224511399792723e-02 7.538548395640259914e-02 7.233459273711648208e-02 6.963993824390836418e-02 6.674316674656669002e-02 6.397623204788178974e-02 6.122730118053844317e-02 5.864692177255016042e-02 5.610478649508621185e-02 5.355350100166644117e-02 5.117303785301152708e-02 4.891857282437362536e-02 4.700146002417561475e-02 4.518956729931748045e-02 4.361544739003839211e-02 4.240002057421610182e-02 4.179108255168141606e-02
9.103564926222876275e-02 9.394243717953794370e-02 9.621697684197304257e-02 9.845258737143891548e-02 1.003550318028501448e-01 1.016299225202223627e-01 1.033396087413614023e-01 1.047526848679988937e-01 1.051388988709964917e-01 1.074435662063228936e-01 1.061284798889885056e-01 1.055648447114245214e-01 1.050591647530190048e-01 1.032561284510514904e-01 1.021349283017598114e-01 1.002210989209914721e-01 9.870146439387449122e-02 9.693207938173363514e-02 9.402773074139494924e-02 9.199746107499155723e-02 8.894231762639444316e-02 8.585246715647122662e-02 8.251372971303262693e-02 7.944867163198637838e-02 7.609868947707924824e-02 7.289641908952347593e-02 7.007002829370288788e-02 6.706305380776785008e-02 6.417300125565267299e-02 6.130314664906377081e-02 5.860470616723286591e-02 5.595381674847502151e-02 5.328446979241532877e-02 5.079721395443621834e-02 4.844009115928196718e-02 4.642471938048790131e-02 4.452330721098992500e-02 4.285149101539743877e-02 4.154602819942415648e-02 4.082211636365772056e-02
9.071266072687664273e-02 9.356212198164960692e-02 9.573744152910089455e-02 9.793864263877891108e-02 9.976750598501514522e-02 1.010657401422335455e-01 1.027823938027946360e-01 1.042226495064289410e-01 1.046818053317039171e-01 1.061284798889885056e-01 1.067505883128533201e-01 1.059048975088623668e-01 1.052373827652676175e-01 1.037034872410239755e-01 1.027721776220557048e-01 1.010560887213097642e-01 9.972420774243982711e-02 9.785909683911318824e-02 9.493607343004584198e-02 9.297360351741928985e-02 8.987514122653278426e-02 8.687051928641163767e-02 8.341364841865171742e-02 8.027747841853240252e-02 7.689445957462334724e-02 7.366646363179772672e-02 7.080017069827074239e-02 6.775446127414738728e-02 6.480211011787107012e-02 6.186117261726488403e-02 5.908648214902403883e-02 5.636336551342805562e-02 5.360665725878333704e-02 5.103890234684522326e-02 4.860162848487166454e-02 4.651129382945393825e-02 4.453969104201167123e-02 4.278643918646792693e-02 4.141832937603014131e-02 4.058655919837926562e-02
9.022958272372169630e-02 9.297177398668696191e-02 9.510424671764276805e-02 9.732415995062762559e-02 9.907996020780078517e-02 1.003966942069021845e-01 1.021417764289736657e-01 1.036215871974387193e-01 1.041293236633634572e-01 1.055648447114245214e-01 1.059048975088623668e-01 1.059521990446692513e-01 1.054500182944487358e-01 1.039722245724746530e-01 1.031216656695177203e-01 1.014059163782887601e-01 1.000911639703527950e-01 9.849633218461588402e-02 9.563368157962170990e-02 9.385512882624387487e-02 9.065123176702966079e-02 8.757858171656961177e-02 8.421936751877902305e-02 8.109862012577408186e-02 7.769730921413911529e-02 7.444675603825470778e-02 7.155533870212392455e-02 6.848079148350709466e-02 6.547291239223344828e-02 6.246273628716620535e-02 5.960916604838811805e-02 5.680908373285395441e-02 5.395602769078656352e-02 5.129513564871086839e-02 4.876092296201500059e-02 4.657763182044352690e-02 4.450862904090753525e-02 4.263246953754428609e-02 4.113325677457959489e-02 4.015143883020367427e-02
8.971927752317890303e-02 9.228561854397158981e-02 9.432376790104828046e-02 9.646734547661860171e-02 9.815463242680527722e-02 9.944945396957828587e-02 1.011520646877031443e-01 1.026754179798785721e-01 1.033177150634467800e-01 1.050591647530190048e-01 1.052373827652676175e-01 1.054500182944487358e-01 1.053816779223313987e-01 1.040751683932661514e-01 1.034164034431118567e-01 1.017963547791646828e-01 1.006121050931031297e-01 9.912397571452533085e-02 9.636289255404811849e-02 9.462329072793485008e-02 9.156228017688411436e-02 8.855532117122488778e-02 8.527613619851538707e-02 8.221659090582660034e-02 7.880669521714520065e-02 7.554412621801703809e-02 7.264972390642487898e-02 6.956323233456522537e-02 6.651226566346857272e-02 6.344227763267556996e-02 6.051559051013269408e-02 5.764396400957617905e-02 5.469686491881770724e-02 5.194329648348553624e-02 4.931089808636639205e-02 4.703602208061504614e-02 4.486700927206960926e-02 4.286173204865829228e-02 4.123014171176968973e-02 4.008942799804268708e-02
8.918031006598359234e-02 9.150124269185790082e-02 9.336931154059303906e-02 9.536197422535537538e-02 9.693640514075568815e-02 9.813692923084697817e-02 9.972942572262791239e-02 1.011639847664217995e-01 1.018053884773208184e-01 1.032561284510514904e-01 1.037034872410239755e-01 1.039722245724746530e-01 1.040751683932661514e-01 1.034223901835045201e-01 1.032018512638282204e-01 1.017528366477929297e-01 1.007950913248352176e-01 9.946353991529839622e-02 9.689762008291218087e-02 9.530498777375190356e-02 9.238993531257838621e-02 8.948555199298369178e-02 8.627190469474881052e-02 8.320562320096348830e-02 7.989000826635918318e-02 7.669700902965324862e-02 7.386639819454514366e-02 7.081371317368395646e-02 6.774568509020292839e-02 6.463804130275785376e-02 6.165336911212210280e-02 5.872281784588911924e-02 5.568758248575366582e-02 5.284216051890062299e-02 5.010697964934065357e-02 4.773432741957306380e-02 4.544809763842865002e-02 4.328111906893193639e-02 4.145934599301017570e-02 4.014014401361413326e-02
8.892104742692918951e-02 9.104551959723668209e-02 9.278260199305583822e-02 9.472500040894772655e-02 9.617364982689684261e-02 9.726182449028719645e-02 9.875591233758988785e-02 1.001389091793320613e-01 1.008167345421591005e-01 1.021349283017598114e-01 1.027721776220557048e-01 1.031216656695177203e-01 1.034164034431118567e-01 1.032018512638282204e-01 1.036401994517667235e-01 1.022348959865465451e-01 1.014755340941802808e-01 1.002937907835315251e-01 9.784711536057955072e-02 9.641800921701208782e-02 9.359753985559254863e-02 9.069714430745269562e-02 8.758803758573079079e-02 8.459753446175369285e-02 8.137552996086866441e-02 7.825119753802187161e-02 7.549268074831022579e-02 7.248434008332943490e-02 6.941964494619755344e-02 6.628797991683633983e-02 6.325346100061381149e-02 6.027529979507591229e-02 5.715977827581712051e-02 5.423079461310076343e-02 5.140206618081569201e-02 4.894719416858676897e-02 4.655896473944481917e-02 4.424762667982119063e-02 4.227467537283709220e-02 4.080900136558083396e-02
8.828772479191598910e-02 9.017755793586879065e-02 9.165354934870376113e-02 9.331962413437111525e-02 9.464828762620686176e-02 9.572315938054377915e-02 9.711947328517694933e-02 9.840032257455429143e-02 9.895437840401498375e-02 1.002210989209914721e-01 1.010560887213097642e-01 1.014059163782887601e-01 1.017963547791646828e-01 1.017528366477929297e-01 1.022348959865465451e-01 1.016481491761513506e-01 1.013503630272209050e-01 1.004174657708363089e-01 9.807930239527415384e-02 9.679777224194376084e-02 9.417649474290129552e-02 9.146601276526715452e-02 8.854876894400812160e-02 8.569687255477917431e-02 8.261897129137318885e-02 7.960442354124146191e-02 7.694410325139609819e-02 7.402580995262519892e-02 7.106451728875912144e-02 6.797646219723180172e-02 6.494155900877200682e-02 6.196497387330454631e-02 5.880634495290339853e-02 5.582689527303242444e-02 5.293420240721388725e-02 5.042853412000671692e-02 4.796188574006426258e-02 4.551872465380464583e-02 4.340851797398424111e-02 4.175701726264231112e-02
8.804805995056050327e-02 8.973535388724389328e-02 9.098289544005908058e-02 9.243240861052255675e-02 9.355589015331589042e-02 9.444113823655292395e-02 9.575278439127377084e-02 9.698226868307169291e-02 9.746697750413342576e-02 9.870146439387449122e-02 9.972420774243982711e-02 1.000911639703527950e-01 1.006121050931031297e-01 1.007950913248352176e-01 1.014755340941802808e-01 1.013503630272209050e-01 1.018247777147881089e-01 1.011643865729384695e-01 9.886490065199039778e-02 9.776675536786054443e-02 9.529643844228212479e-02 9.273688182371690736e-02 8.999865966500686376e-02 8.725712869100912816e-02 8.431345042767754427e-02 8.140892085696957436e-02 7.886748438304588826e-02 7.604904254889160997e-02 7.318109819075303835e-02 7.013671497277643163e-02 6.708673059842433506e-02 6.411565340330188656e-02 6.089846657190984419e-02 5.785545184828937149e-02 5.488896833415003729e-02 5.232991890783769001e-02 4.977928256338063490e-02 4.718728502364069599e-02 4.491707188291343272e-02 4.311237539034778327e-02
8.749937812667100967e-02 8.887760328870324134e-02 8.982276371085635980e-02 9.106955397668849150e-02 9.215094428016490369e-02 9.287444684791182348e-02 9.417876709241647382e-02 9.548571237123923416e-02 9.578495805718749423e-02 9.693207938173363514e-02 9.785909683911318824e-02 9.849633218461588402e-02 9.912397571452533085e-02 9.946353991529839622e-02 1.002937907835315251e-01 1.004174657708363089e-01 1.011643865729384695e-01 1.018057599077153708e-01 9.947139650699718394e-02 9.861061912937432727e-02 9.628504024440363851e-02 9.388432926974937809e-02 9.132972654118295952e-02 8.876610640683339770e-02 8.600792912513495481e-02 8.326485566091078316e-02 8.090671591900973347e-02 7.824982788551881896e-02 7.553921988908315899e-02 7.263220388648707060e-02 6.952473649132394351e-02 6.656860122668108171e-02 6.331699172624059846e-02 6.023872487384723112e-02 5.722724287159337148e-02 5.465239957342248739e-02 5.205485344685223392e-02 4.932857101894039253e-02 4.691153564012476296e-02 4.500646372454374100e-02
8.620182650177453387e-02 8.720710679857981984e-02 8.799096378010140551e-02 8.906377483018804164e-02 8.974646261617290344e-02 9.026815021607563494e-02 9.136900409846206161e-02 9.246809303392260204e-02 9.287724544483355604e-02 9.402773074139494924e-02 9.493607343004584198e-02 9.563368157962170990e-02 9.636289255404811849e-02 9.689762008291218087e-02 9.784711536057955072e-02 9.807930239527415384e-02 9.886490065199039778e-02 9.947139650699718394e-02 9.840545705487548089e-02 9.832173076951195023e-02 9.628581514590392465e-02 9.415469906297516123e-02 9.185427002114536499e-02 8.961786824416614894e-02 8.714743000651899163e-02 8.464918613107361156e-02 8.255480483846015793e-02 8.011682177741626110e-02 7.757890687373823757e-02 7.466122165123978416e-02 7.170103089105392402e-02 6.878787996030889806e-02 6.560702772774024139e-02 6.258272039434027711e-02 5.958991185023711917e-02 5.706263285251794021e-02 5.448870875891391463e-02 5.160697795952585293e-02 4.903969530463885007e-02 4.702212335268860649e-02
8.572046578964186148e-02 8.638808867061874286e-02 8.703090862398629723e-02 8.831713764825485646e-02 8.831846955021240009e-02 8.857384305958289350e-02 8.947655928896232347e-02 9.038743739115948084e-02 9.082320956920932054e-02 9.199746107499155723e-02 9.297360351741928985e-02 9.385512882624387487e-02 9.462329072793485008e-02 9.530498777375190356e-02 9.641800921701208782e-02 9.679777224194376084e-02 9.776675536786054443e-02 9.861061912937432727e-02 9.832173076951195023e-02 1.000993691954976117e-01 9.751813508740610204e-02 9.545830856395369490e-02 9.330584906813516044e-02 9.129666571611737280e-02 8.905648880201127993e-02 8.676914993342488280e-02 8.494244677820914080e-02 8.274514709543936974e-02 8.037858112512873132e-02 7.738729553992312882e-02 7.451131375220622355e-02 7.163178981231681230e-02 6.846829611545651728e-02 6.545685873480398820e-02 6.244958498058878621e-02 5.994610019993699968e-02 5.729455419775477537e-02 5.434693639665676146e-02 5.164056925247595409e-02 4.952560316630030129e-02
8.434682320757626306e-02 8.472360280482114925e-02 8.513846373725068861e-02 8.547897855229416586e-02 8.587580945158555801e-02 8.608234301602822602e-02 8.689438375830912942e-02 8.756754150890468102e-02 8.789511848986733544e-02 8.894231762639444316e-02 8.987514122653278426e-02 9.065123176702966079e-02 9.156228017688411436e-02 9.238993531257838621e-02 9.359753985559254863e-02 9.417649474290129552e-02 9.529643844228212479e-02 9.628504024440363851e-02 9.628581514590392465e-02 9.751813508740610204e-02 9.722514191096115477e-02 9.547211641942318638e-02 9.362543715594814908e-02 9.196521350145156481e-02 9.005602813181473598e-02 8.805501815282698597e-02 8.655564847415390950e-02 8.453838409499001005e-02 8.229727310802102680e-02 7.961693669190243738e-02 7.702162773501199100e-02 7.433862142414437990e-02 7.124792510707450566e-02 6.832383458320817615e-02 6.537211334072343116e-02 6.297563440721137829e-02 6.022904148195529911e-02 5.727430265819929284e-02 5.456505733840499861e-02 5.245919041748556971e-02
8.296677049875948728e-02 8.296735916982142522e-02 8.303943928237278449e-02 8.302601318800352515e-02 8.316665194538862271e-02 8.320269596305401860e-02 8.377825141084527250e-02 8.442061843355891382e-02 8.479653170595799483e-02 8.585246715647122662e-02 8.687051928641163767e-02 8.757858171656961177e-02 8.855532117122488778e-02 8.948555199298369178e-02 9.069714430745269562e-02 9.146601276526715452e-02 9.273688182371690736e-02 9.388432926974937809e-02 9.415469906297516123e-02 9.545830856395369490e-02 9.547211641942318638e-02 9.530259027965781726e-02 9.363881181146256616e-02 9.230972090264179253e-02 9.071996989161941471e-02 8.898039174155844555e-02 8.774808969780163725e-02 8.599393199066947269e-02 8.401897281514045246e-02 8.159131139362717222e-02 7.920296262414096289e-02 7.666460279253589638e-02 7.382612716235323336e-02 7.108747438063460489e-02 6.826945662087675892e-02 6.606935358290381977e-02 6.336701732633960582e-02 6.045505587298446309e-02 5.771422572077290758e-02 5.564365965849418783e-02
8.167385125960055503e-02 8.129562068819476406e-02 8.098179736874308587e-02 8.075318618703768159e-02 8.073678298430772560e-02 8.060235933058093605e-02 8.089126738615320944e-02 8.134905715507517732e-02 8.161565718891139465e-02 8.251372971303262693e-02 8.341364841865171742e-02 8.421936751877902305e-02 8.527613619851538707e-02 8.627190469474881052e-02 8.758803758573079079e-02 8.854876894400812160e-02 8.999865966500686376e-02 9.132972654118295952e-02 9.185427002114536499e-02 9.330584906813516044e-02 9.362543715594814908e-02 9.363881181146256616e-02 9.347093785322813098e-02 9.244725648451630751e-02 9.122221247400584543e-02 8.978931167123960222e-02 8.891413290706801087e-02 8.748922415515077156e-02 8.581756121349982946e-02 8.363747964946441349e-02 8.148875499573469960e-02 7.912004901192293271e-02 7.646611186356890022e-02 7.387562494397327539e-02 7.112027332984155459e-02 6.896045771383642331e-02 6.633383456940634970e-02 6.354417535803627559e-02 6.099930745864131504e-02 5.912610997167308535e-02
8.033645665167182814e-02 7.959829430067229261e-02 7.894426332473031271e-02 7.842845723165335625e-02 7.812745888254202242e-02 7.781812277943471468e-02 7.800423976067416554e-02 7.836581025709528359e-02 7.859224511399792723e-02 7.944867163198637838e-02 8.027747841853240252e-02 8.109862012577408186e-02 8.221659090582660034e-02 8.320562320096348830e-02 8.459753446175369285e-02 8.569687255477917431e-02 8.725712869100912816e-02 8.876610640683339770e-02 8.961786824416614894e-02 9.129666571611737280e-02 9.196521350145156481e-02 9.230972090264179253e-02 9.244725648451630751e-02 9.272849450345833910e-02 9.186120264915709210e-02 9.070399922956121075e-02 9.019812058661376419e-02 8.904139944628859660e-02 8.774694750592167136e-02 8.595278862056762725e-02 8.418209632602760562e-02 8.200375993294339860e-02 7.955568922861541714e-02 7.717738046731739687e-02 7.446624826887152104e-02 7.242473613961353252e-02 6.984210715408667447e-02 6.712434778836492977e-02 6.467393235257494488e-02 6.289135656212624381e-02
7.868975248628604091e-02 7.765298746867986546e-02 7.674844166648613075e-02 7.599803799028112539e-02 7.548859474117365631e-02 7.501156629129741849e-02 7.503118701121774814e-02 7.525265077713468032e-02 7.538548395640259914e-02 7.609868947707924824e-02 7.689445957462334724e-02 7.769730921413911529e-02 7.880669521714520065e-02 7.989000826635918318e-02 8.137552996086866441e-02 8.261897129137318885e-02 8.431345042767754427e-02 8.600792912513495481e-02 8.714743000651899163e-02 8.905648880201127993e-02 9.005602813181473598e-02 9.071996989161941471e-02 9.122221247400584543e-02 9.186120264915709210e-02 9.209559999446946532e-02 9.121049457683103046e-02 9.115295742125209544e-02 9.032398009605979716e-02 8.940109537122060968e-02 8.794650555169332418e-02 8.631773330202484329e-02 8.443560116245818481e-02 8.224691126787463114e-02 8.003995167953242840e-02 7.762286294549738952e-02 7.587239103854112598e-02 7.341549756285835338e-02 7.087231340062040419e-02 6.865660404901939573e-02 6.695798985100660794e-02
7.709160206258980352e-02 7.578402640354731101e-02 7.465082090697594541e-02 7.368541585268016669e-02 7.299010050228786628e-02 7.235630444287030616e-02 7.221512243480833482e-02 7.229972533152692615e-02 7.233459273711648208e-02 7.289641908952347593e-02 7.366646363179772672e-02 7.444675603825470778e-02 7.554412621801703809e-02 7.669700902965324862e-02 7.825119753802187161e-02 7.960442354124146191e-02 8.140892085696957436e-02 8.326485566091078316e-02 8.464918613107361156e-02 8.676914993342488280e-02 8.805501815282698597e-02 8.898039174155844555e-02 8.978931167123960222e-02 9.070399922956121075e-02 9.121049457683103046e-02 9.125597716719957564e-02 9.181079779533043994e-02 9.133066565409340976e-02 9.076013447060847505e-02 8.956434133612468929e-02 8.824754764925706041e-02 8.665872708890448584e-02 8.481233942165043727e-02 8.283477559377293298e-02 8.061978291532347074e-02 7.921179227150029756e-02 7.683618503895271734e-02 7.441197891468614989e-02 7.226533771319371136e-02 7.096280060329206163e-02
7.581647680678139933e-02 7.428184271176627163e-02 7.291980116843113646e-02 7.173655810249864040e-02 7.085484920161358446e-02 7.006002483779394385e-02 6.975549312970447113e-02 6.970294679157681972e-02 6.963993824390836418e-02 7.007002829370288788e-02 7.080017069827074239e-02 7.155533870212392455e-02 7.264972390642487898e-02 7.386639819454514366e-02 7.549268074831022579e-02 7.694410325139609819e-02 7.886748438304588826e-02 8.090671591900973347e-02 8.255480483846015793e-02 8.494244677820914080e-02 8.655564847415390950e-02 8.774808969780163725e-02 8.891413290706801087e-02 9.019812058661376419e-02 9.115295742125209544e-02 9.181079779533043994e-02 9.319612886468273127e-02 9.304769577960465832e-02 9.278683032971794808e-02 9.182761016020976608e-02 9.075983511829009698e-02 8.943580454693020321e-02 8.790315855808170098e-02 8.613575823656452468e-02 8.407169289494864639e-02 8.274985066891826779e-02 8.075336398023896800e-02 7.850212826703921454e-02 7.650083250102499011e-02 7.551287183717415863e-02
7.414576942355195766e-02 7.231695445205631179e-02 7.077644906759063270e-02 6.942492728797641788e-02 6.840254162371317559e-02 6.748338186965850694e-02 6.704797908932515205e-02 6.688551547615206871e-02 6.674316674656669002e-02 6.706305380776785008e-02 6.775446127414738728e-02 6.848079148350709466e-02 6.956323233456522537e-02 7.081371317368395646e-02 7.248434008332943490e-02 7.402580995262519892e-02 7.604904254889160997e-02 7.824982788551881896e-02 8.011682177741626110e-02 8.274514709543936974e-02 8.453838409499001005e-02 8.599393199066947269e-02 8.748922415515077156e-02 8.904139944628859660e-02 9.032398009605979716e-02 9.133066565409340976e-02 9.304769577960465832e-02 9.364578542180501675e-02 9.395330988932591720e-02 9.326971240219252002e-02 9.255343818663758215e-02 9.152842263229304942e-02 9.025677270038186262e-02 8.876412409705626561e-02 8.700383495488787922e-02 8.590834369789739078e-02 8.427045994586536415e-02 8.229991720692279855e-02 8.055455084847969183e-02 7.997714428153725186e-02
7.264255207648467882e-02 7.054302524057685930e-02 6.882379340290276093e-02 6.729899658068411172e-02 6.612953515223786438e-02 6.507561395921032665e-02 6.449863250025590633e-02 6.421444986695806767e-02 6.397623204788178974e-02 6.417300125565267299e-02 6.480211011787107012e-02 6.547291239223344828e-02 6.651226566346857272e-02 6.774568509020292839e-02 6.941964494619755344e-02 7.106451728875912144e-02 7.318109819075303835e-02 7.553921988908315899e-02 7.757890687373823757e-02 8.037858112512873132e-02 8.229727310802102680e-02 8.401897281514045246e-02 8.581756121349982946e-02 8.774694750592167136e-02 8.940109537122060968e-02 9.076013447060847505e-02 9.278683032971794808e-02 9.395330988932591720e-02 9.528938545731205356e-02 9.488850906572321442e-02 9.456871899751487232e-02 9.390973066983972217e-02 9.296877680447068748e-02 9.175709801253227604e-02 9.029835352607562537e-02 8.950467328647984666e-02 8.825090236986582459e-02 8.667266919733608577e-02 8.510207103204457668e-02 8.495347306731207415e-02
7.095170248547577607e-02 6.863081218290965901e-02 6.677276411142273049e-02 6.510958564033435259e-02 6.382240930488905506e-02 6.265485055850167351e-02 6.195297393215687398e-02 6.155864248556801310e-02 6.122730118053844317e-02 6.130314664906377081e-02 6.186117261726488403e-02 6.246273628716620535e-02 6.344227763267556996e-02 6.463804130275785376e-02 6.628797991683633983e-02 6.797646219723180172e-02 7.013671497277643163e-02 7.263220388648707060e-02 7.466122165123978416e-02 7.738729553992312882e-02 7.961693669190243738e-02 8.159131139362717222e-02 8.363747964946441349e-02 8.595278862056762725e-02 8.794650555169332418e-02 8.956434133612468929e-02 9.182761016020976608e-02 9.326971240219252002e-02 9.488850906572321442e-02 9.561751820536434909e-02 9.583855253671301477e-02 9.557096029431645656e-02 9.500909158822076761e-02 9.424937978273612016e-02 9.312267066152661588e-02 9.268968733451586617e-02 9.181098559912836965e-02 9.040613748895595658e-02 8.936324307075550755e-02 8.981003971864807978e-02
6.912385710346950762e-02 6.674397533387821380e-02 6.479257833019674839e-02 6.302269153715062133e-02 6.164180910254202228e-02 6.037709187690696450e-02 5.956332871729727585e-02 5.906856774779952607e-02 5.864692177255016042e-02 5.860470616723286591e-02 5.908648214902403883e-02 5.960916604838811805e-02 6.051559051013269408e-02 6.165336911212210280e-02 6.325346100061381149e-02 6.494155900877200682e-02 6.708673059842433506e-02 6.952473649132394351e-02 7.170103089105392402e-02 7.451131375220622355e-02 7.702162773501199100e-02 7.920296262414096289e-02 8.148875499573469960e-02 8.418209632602760562e-02 8.631773330202484329e-02 8.824754764925706041e-02 9.075983511829009698e-02 9.255343818663758215e-02 9.456871899751487232e-02 9.583855253671301477e-02 9.722142937832164988e-02 9.736204665487786791e-02 9.719716822283078206e-02 9.685239178223783996e-02 9.619131584939248636e-02 9.625609529605425041e-02 9.587170677805803565e-02 9.470360891754212029e-02 9.408306667084376240e-02 9.514677248562715406e-02
6.725917918449562938e-02 6.477418375111608506e-02 6.275219634961588799e-02 6.089899440013797627e-02 5.944596694404612192e-02 5.810100280035435799e-02 5.719066576149117037e-02 5.660898427492458418e-02 5.610478649508621185e-02 5.595381674847502151e-02 5.636336551342805562e-02 5.680908373285395441e-02 5.764396400957617905e-02 5.872281784588911924e-02 6.027529979507591229e-02 6.196497387330454631e-02 6.411565340330188656e-02 6.656860122668108171e-02 6.878787996030889806e-02 7.163178981231681230e-02 7.433862142414437990e-02 7.666460279253589638e-02 7.912004901192293271e-02 8.200375993294339860e-02 8.443560116245818481e-02 8.665872708890448584e-02 8.943580454693020321e-02 9.152842263229304942e-02 9.390973066983972217e-02 9.557096029431645656e-02 9.736204665487786791e-02 9.829009504915831030e-02 9.872781030576581462e-02 9.880358433073956059e-02 9.862745011010333462e-02 9.912999964283629450e-02 9.919071675471308192e-02 9.854055956032484187e-02 9.849915356266907007e-02 1.003444682726437748e-01
6.529544122312909427e-02 6.276464265587201885e-02 6.069062221301922688e-02 5.876735593228295945e-02 5.725087718124206859e-02 5.582820154202697283e-02 5.482099174531697428e-02 5.414959539994067955e-02 5.355350100166644117e-02 5.328446979241532877e-02 5.360665725878333704e-02 5.395602769078656352e-02 5.469686491881770724e-02 5.568758248575366582e-02 5.715977827581712051e-02 5.880634495290339853e-02 6.089846657190984419e-02 6.331699172624059846e-02 6.560702772774024139e-02 6.846829611545651728e-02 7.124792510707450566e-02 7.382612716235323336e-02 7.646611186356890022e-02 7.955568922861541714e-02 8.224691126787463114e-02 8.481233942165043727e-02 8.790315855808170098e-02 9.025677270038186262e-02 9.296877680447068748e-02 9.500909158822076761e-02 9.719716822283078206e-02 9.872781030576581462e-02 1.002993931741892608e-01 1.007574297849622991e-01 1.010722190885322280e-01 1.020809813799135463e-01 1.026844802391072009e-01 1.025981177627052765e-01 1.032192457148167625e-01 1.060653543472078603e-01
6.334775836580218422e-02 6.079592797537040905e-02 5.869399654016446699e-02 5.672411053811254877e-02 5.516601267169764233e-02 5.368339827145713478e-02 5.259607385531821222e-02 5.185078900146743164e-02 5.117303785301152708e-02 5.079721395443621834e-02 5.103890234684522326e-02 5.129513564871086839e-02 5.194329648348553624e-02 5.284216051890062299e-02 5.423079461310076343e-02 5.582689527303242444e-02 5.785545184828937149e-02 6.023872487384723112e-02 6.258272039434027711e-02 6.545685873480398820e-02 6.832383458320817615e-02 7.108747438063460489e-02 7.387562494397327539e-02 7.717738046731739687e-02 8.003995167953242840e-02 8.283477559377293298e-02 8.613575823656452468e-02 8.876412409705626561e-02 9.175709801253227604e-02 9.424937978273612016e-02 9.685239178223783996e-02 9.880358433073956059e-02 1.007574297849622991e-01 1.023115482911059054e-01 1.031996339249993677e-01 1.048068592179882269e-01 1.059933956659411258e-01 1.064447092303989068e-01 1.076981387160998588e-01 1.113618522754888929e-01
6.138272649244300855e-02 5.885681214959900126e-02 5.675126920657205115e-02 5.475525077807818358e-02 5.317271510181079130e-02 5.164201868674277857e-02 5.048476406026768809e-02 4.967470913806010246e-02 4.891857282437362536e-02 4.844009115928196718e-02 4.860162848487166454e-02 4.876092296201500059e-02 4.931089808636639205e-02 5.010697964934065357e-02 5.140206618081569201e-02 5.293420240721388725e-02 5.488896833415003729e-02 5.722724287159337148e-02 5.958991185023711917e-02 6.244958498058878621e-02 6.537211334072343116e-02 6.826945662087675892e-02 7.112027332984155459e-02 7.446624826887152104e-02 7.762286294549738952e-02 8.061978291532347074e-02 8.407169289494864639e-02 8.700383495488787922e-02 9.029835352607562537e-02 9.312267066152661588e-02 9.619131584939248636e-02 9.862745011010333462e-02 1.010722190885322280e-01 1.031996339249993677e-01 1.051101366928982872e-01 1.075006869909460178e-01 1.093606125145688002e-01 1.104086152406760363e-01 1.123974923290880223e-01 1.171385425324606155e-01
5.976587732138372022e-02 5.725474770815769388e-02 5.514282041782589405e-02 5.312023280897293365e-02 5.151410320224926453e-02 4.993424866137668311e-02 4.870747353415597058e-02 4.783555373741728983e-02 4.700146002417561475e-02 4.642471938048790131e-02 4.651129382945393825e-02 4.657763182044352690e-02 4.703602208061504614e-02 4.773432741957306380e-02 4.894719416858676897e-02 5.042853412000671692e-02 5.232991890783769001e-02 5.465239957342248739e-02 5.706263285251794021e-02 5.994610019993699968e-02 6.297563440721137829e-02 6.606935358290381977e-02 6.896045771383642331e-02 7.242473613961353252e-02 7.587239103854112598e-02 7.921179227150029756e-02 8.274985066891826779e-02 8.590834369789739078e-02 8.950467328647984666e-02 9.268968733451586617e-02 9.625609529605425041e-02 9.912999964283629450e-02 1.020809813799135463e-01 1.048068592179882269e-01 1.075006869909460178e-01 1.112736612973648787e-01 1.134660960615877234e-01 1.149664393979785149e-01 1.176206741444962012e-01 1.233704639799349662e-01
5.811792596656793070e-02 5.563648843404940536e-02 5.353856982491315281e-02 5.151161715078125120e-02 4.990377617197772758e-02 4.829146335140725027e-02 4.701118779903506323e-02 4.609298087869413002e-02 4.518956729931748045e-02 4.452330721098992500e-02 4.453969104201167123e-02 4.450862904090753525e-02 4.486700927206960926e-02 4.544809763842865002e-02 4.655896473944481917e-02 4.796188574006426258e-02 4.977928256338063490e-02 5.205485344685223392e-02 5.448870875891391463e-02 5.729455419775477537e-02 6.022904148195529911e-02 6.336701732633960582e-02 6.633383456940634970e-02 6.984210715408667447e-02 7.341549756285835338e-02 7.683618503895271734e-02 8.075336398023896800e-02 8.427045994586536415e-02 8.825090236986582459e-02 9.181098559912836965e-02 9.587170677805803565e-02 9.919071675471308192e-02 1.026844802391072009e-01 1.059933956659411258e-01 1.093606125145688002e-01 1.134660960615877234e-01 1.177649740531852424e-01 1.196053302205204311e-01 1.231170064074091908e-01 1.302781913929144664e-01
5.658370950533544996e-02 5.416072595075344109e-02 5.211119461227515376e-02 5.010859314834556488e-02 4.852101646960976788e-02 4.688610158488239199e-02 4.555770389423358102e-02 4.459552472925009531e-02 4.361544739003839211e-02 4.285149101539743877e-02 4.278643918646792693e-02 4.263246953754428609e-02 4.286173204865829228e-02 4.328111906893193639e-02 4.424762667982119063e-02 4.551872465380464583e-02 4.718728502364069599e-02 4.932857101894039253e-02 5.160697795952585293e-02 5.434693639665676146e-02 5.727430265819929284e-02 6.045505587298446309e-02 6.354417535803627559e-02 6.712434778836492977e-02 7.087231340062040419e-02 7.441197891468614989e-02 7.850212826703921454e-02 8.229991720692279855e-02 8.667266919733608577e-02 9.040613748895595658e-02 9.470360891754212029e-02 9.854055956032484187e-02 1.025981177627052765e-01 1.064447092303989068e-01 1.104086152406760363e-01 1.149664393979785149e-01 1.196053302205204311e-01 1.231927665077176409e-01 1.278833196093665525e-01 1.367094945538536999e-01
5.537874801160794225e-02 5.301533769542346453e-02 5.101746952177992067e-02 4.904747049993873897e-02 4.748920164801093136e-02 4.583149097708659470e-02 4.445607577489792822e-02 4.345496982923936075e-02 4.240002057421610182e-02 4.154602819942415648e-02 4.141832937603014131e-02 4.113325677457959489e-02 4.123014171176968973e-02 4.145934599301017570e-02 4.227467537283709220e-02 4.340851797398424111e-02 4.491707188291343272e-02 4.691153564012476296e-02 4.903969530463885007e-02 5.164056925247595409e-02 5.456505733840499861e-02 5.771422572077290758e-02 6.099930745864131504e-02 6.467393235257494488e-02 6.865660404901939573e-02 7.226533771319371136e-02 7.650083250102499011e-02 8.055455084847969183e-02 8.510207103204457668e-02 8.936324307075550755e-02 9.408306667084376240e-02 9.849915356266907007e-02 1.032192457148167625e-01 1.076981387160998588e-01 1.123974923290880223e-01 1.176206741444962012e-01 1.231170064074091908e-01 1.278833196093665525e-01 1.343195098470365556e-01 1.455832000157332440e-01
5.506653900161478238e-02 5.268178181302974467e-02 5.069155801579273979e-02 4.872951403035725298e-02 4.717983851986321669e-02 4.546050671318549452e-02 4.400600675760240471e-02 4.294443980877715727e-02 4.179108255168141606e-02 4.082211636365772056e-02 4.058655919837926562e-02 4.015143883020367427e-02 4.008942799804268708e-02 4.014014401361413326e-02 4.080900136558083396e-02 4.175701726264231112e-02 4.311237539034778327e-02 4.500646372454374100e-02 4.702212335268860649e-02 4.952560316630030129e-02 5.245919041748556971e-02 5.564365965849418783e-02 5.912610997167308535e-02 6.289135656212624381e-02 6.695798985100660794e-02 7.096280060329206163e-02 7.551287183717415863e-02 7.997714428153725186e-02 8.495347306731207415e-02 8.981003971864807978e-02 9.514677248562715406e-02 1.003444682726437748e-01 1.060653543472078603e-01 1.113618522754888929e-01 1.171385425324606155e-01 1.233704639799349662e-01 1.302781913929144664e-01 1.367094945538536999e-01 1.455832000157332440e-01 1.637102829494739842e-01
