3.376663892673990950e-03 3.257342073150157682e-03 3.146102326319203443e-03 3.038943122645739164e-03 2.933404007937000148e-03 2.828895096496689653e-03 2.724144880224789716e-03 2.618454669733540421e-03 2.511282004293320137e-03 2.402295852420166609e-03 2.291411543941254594e-03 2.178783743226010358e-03 2.064760620011989352e-03 1.949826318284137100e-03 1.834552677357262004e-03 1.719564537761059672e-03 1.605513968314812700e-03 1.493058394133132830e-03 1.382840291112048293e-03 1.275468282288840178e-03 1.171500382879478355e-03 1.071430216860812029e-03 9.756767651364258711e-04 8.845778713661133765e-04 7.983874260768010229e-04 7.172759088964858172e-04 6.413338096028854988e-04 5.705773720656769424e-04 5.049560955629030581e-04 4.443614613923788895e-04 3.886364072747004934e-04 3.375851339625909669e-04 2.909828920625641305e-04 2.485854613321770556e-04 2.101380996152056645e-04 1.753838030615941499e-04 1.440707811109625267e-04 1.159591064184228669e-04 9.082654985992721724e-05 6.847365393747438143e-05
3.257342073150157682e-03 3.580452941799924967e-03 3.828860916260475814e-03 4.032063579041874138e-03 4.199639935467358760e-03 4.336676856158942599e-03 4.444693439325521703e-03 4.524424050310821462e-03 4.576156221213662466e-03 4.600220270326566170e-03 4.597240219033641752e-03 4.568203299826305123e-03 4.514421933521008991e-03 4.437466420998985826e-03 4.339110603936341230e-03 4.221294473733019394e-03 4.086092188465970630e-03 3.935676238099186132e-03 3.772275463192747025e-03 3.598129320332947058e-03 3.415442278667251471e-03 3.226341820865162493e-03 3.032842459751387137e-03 2.836817111136587504e-03 2.639976283776725684e-03 2.443854879274150529e-03 2.249805921887619749e-03 2.059000243088960919e-03 1.872431004789770065e-03 1.690921925619962582e-03 1.515138139634878171e-03 1.345598733150298867e-03 1.182690147686450439e-03 1.026679787681629734e-03 8.777293187645318585e-04 7.359072774421309554e-04 6.012007298134621359e-04 4.735258110266905526e-04 3.527370461875873860e-04 2.386353964147637074e-04
3.146102326319203443e-03 3.828860916260475814e-03 4.387693705823520959e-03 4.868022531633329000e-03 5.285542389890322997e-03 5.648005375031103607e-03 5.957875714121134252e-03 6.216076691806226955e-03 6.422840458832350559e-03 6.578515731239374664e-03 6.683964236375697365e-03 6.740654732151751122e-03 6.750592851195163537e-03 6.716216333694079860e-03 6.640318095287442955e-03 6.525997327291779143e-03 6.376616510021618570e-03 6.195748352803372508e-03 5.987109264760299629e-03 5.754484011698261098e-03 5.501648639468574055e-03 5.232297918741331613e-03 4.949981669231774163e-03 4.658052459403698442e-03 4.359625680675630228e-03 4.057551870954917948e-03 3.754400357879716064e-03 3.452452768473050770e-03 3.153704676129915306e-03 2.859873585288023098e-03 2.572411535692671787e-03 2.292520787581544834e-03 2.021171279696591400e-03 1.759118798407374989e-03 1.506923033785143159e-03 1.264964910973762286e-03 1.033462762488137482e-03 8.124870432612049231e-04 6.019733824434441057e-04 4.017338128459415269e-04
3.038943122645739164e-03 4.032063579041874138e-03 4.868022531633329000e-03 5.601402701479948898e-03 6.251157658916440749e-03 6.826183321448655444e-03 7.328794517018870011e-03 7.759335562343974355e-03 8.117399348228637734e-03 8.402905593246889557e-03 8.616611018341466949e-03 8.760199936009916907e-03 8.836157323894087631e-03 8.847608596353454327e-03 8.798209732586357440e-03 8.692082128838861735e-03 8.533756584879198873e-03 8.328101681218905150e-03 8.080231175238806324e-03 7.795397204922221469e-03 7.478879746973362413e-03 7.135881575437043670e-03 6.771435177791928876e-03 6.390325362981238468e-03 5.997029128053082969e-03 5.595672733701938933e-03 5.190004779388293285e-03 4.783383301959072756e-03 4.378774503938065964e-03 3.978760595310015281e-03 3.585554334933505755e-03 3.201018107552063528e-03 2.826685699938986333e-03 2.463785290419669670e-03 2.113262501696016628e-03 1.775802663231719697e-03 1.451851672353013205e-03 1.141635025504882496e-03 8.451747097762759165e-04 5.623036985766328467e-04
2.933404007937000148e-03 4.199639935467358760e-03 5.285542389890322997e-03 6.251157658916440749e-03 7.117239546745720777e-03 7.892621685123824699e-03 8.578914408030461833e-03 9.175362310003603791e-03 9.680503929235015348e-03 1.009348812318250181e-02 1.041468398493392532e-02 1.064575560615258626e-02 1.078946578678567289e-02 1.084945040037234472e-02 1.083006996569271796e-02 1.073632606939277194e-02 1.057379167929351806e-02 1.034852042559694305e-02 1.006692692331461261e-02 9.735647049004611184e-03 9.361392198424828281e-03 8.950809989491173568e-03 8.510360131106859544e-03 8.046210527145623848e-03 7.564155794099273675e-03 7.069558226170801797e-03 6.567309701898236055e-03 6.061811999910187918e-03 5.556972422225201283e-03 5.056211446413944564e-03 4.562479253306358021e-03 4.078278303016922603e-03 3.605689564178449213e-03 3.146400464131002012e-03 2.701733068728382359e-03 2.272671386537954835e-03 1.859887005451455865e-03 1.463762501808549103e-03 1.084412210278294869e-03 7.217000059999686750e-04
2.828895096496689653e-03 4.336676856158942599e-03 5.648005375031103607e-03 6.826183321448655444e-03 7.892621685123824699e-03 8.855687342317467015e-03 9.715801670114416685e-03 1.047080329018205969e-02 1.111789827209575671e-02 1.165520292992301178e-02 1.208245199327315049e-02 1.240105961555250727e-02 1.261385455217932904e-02 1.272478873141348436e-02 1.273874993725052952e-02 1.266145987685744594e-02 1.249939087652128349e-02 1.225965566411814020e-02 1.194985963074365193e-02 1.157792673379868902e-02 1.115191686243297703e-02 1.067985054441763712e-02 1.016955211950090754e-02 9.628517870794817829e-03 9.063811951513574272e-03 8.481990241592348573e-03 7.889050326194834914e-03 7.290404484752633328e-03 6.690871847289826119e-03 6.094685637794531458e-03 5.505511573071511511e-03 4.926473892010050683e-03 4.360186033155249649e-03 3.808783560370705180e-03 3.273957489001800940e-03 2.756986646353905192e-03 2.258768088312514827e-03 1.779844879278146864e-03 1.320430722969006100e-03 8.804310067778126732e-04
2.724144880224789716e-03 4.444693439325521703e-03 5.957875714121134252e-03 7.328794517018870011e-03 8.578914408030461833e-03 9.715801670114416685e-03 1.073852007827548471e-02 1.164336029745062506e-02 1.242604226676542571e-02 1.308346341993323579e-02 1.361450802693169038e-02 1.402010887265479552e-02 1.430292918303705842e-02 1.446701625207982324e-02 1.451758115705936887e-02 1.446088091863895891e-02 1.430412201154953634e-02 1.405532998460392799e-02 1.372317240590986004e-02 1.331674883091494427e-02 1.284536958850388509e-02 1.231834279951692264e-02 1.174478324007532416e-02 1.113345102151704763e-02 1.049262362284318975e-02 9.830001534037445879e-03 9.152645406276645190e-03 8.466941008807292099e-03 7.778587385133878783e-03 7.092603296848733370e-03 6.413347213216265622e-03 5.744546593470183267e-03 5.089332867045737521e-03 4.450279223428462924e-03 3.829438993106547198e-03 3.228382982652046665e-03 2.648234593737920119e-03 2.089701897721011475e-03 1.553106052677675434e-03 1.038405539128799387e-03
2.618454669733540421e-03 4.524424050310821462e-03 6.216076691806226955e-03 7.759335562343974355e-03 9.175362310003603791e-03 1.047080329018205969e-02 1.164336029745062506e-02 1.268778521079766408e-02 1.359827732298590254e-02 1.437040725501908221e-02 1.500202935368481066e-02 1.549336715494752624e-02 1.584667063813080881e-02 1.606583728397873237e-02 1.615617152926455621e-02 1.612425613919514847e-02 1.597784343738663237e-02 1.572570388371015079e-02 1.537741825824623550e-02 1.494313014265960006e-02 1.443328459124717210e-02 1.385837596020177316e-02 1.322872100257765395e-02 1.255426670232893602e-02 1.184443711407782117e-02 1.110801962302670511e-02 1.035308824750432767e-02 9.586959702891703974e-03 8.816176849053716444e-03 8.046513761319196850e-03 7.282996850470426636e-03 6.529937027326283144e-03 5.790968683056756626e-03 5.069092090973260044e-03 4.366716626604449404e-03 3.685702888417098470e-03 3.027402350474045403e-03 2.392693579479323891e-03 1.782014301262064291e-03 1.195388707613888627e-03
2.511282004293320137e-03 4.576156221213662466e-03 6.422840458832350559e-03 8.117399348228637734e-03 9.680503929235015348e-03 1.111789827209575671e-02 1.242604226676542571e-02 1.359827732298590254e-02 1.462735244018758228e-02 1.550748316094008490e-02 1.623536295205681157e-02 1.681029833862505291e-02 1.723387871983045674e-02 1.750959620369020239e-02 1.764260341955818309e-02 1.763958195641121551e-02 1.750862314455086527e-02 1.725905505997676198e-02 1.690120286234874855e-02 1.644610273294612804e-02 1.590519945081685094e-02 1.529005404589462921e-02 1.461208007117857297e-02 1.388231946396363201e-02 1.311126302946213733e-02 1.230871616943323907e-02 1.148370725324247311e-02 1.064443380292239873e-02 9.798240360363062035e-03 8.951621430145228347e-03 8.110243082603824441e-03 7.278977447942754780e-03 6.461945223613131672e-03 5.662562280817739178e-03 4.883587370412983270e-03 4.127168720527841020e-03 3.394887951775219046e-03 2.687800198739950016e-03 2.006469618570573109e-03 1.350999592098769183e-03
2.402295852420166609e-03 4.600220270326566170e-03 6.578515731239374664e-03 8.402905593246889557e-03 1.009348812318250181e-02 1.165520292992301178e-02 1.308346341993323579e-02 1.437040725501908221e-02 1.550748316094008490e-02 1.648759675560376378e-02 1.730620899947254987e-02 1.796154339514307793e-02 1.845430697589174954e-02 1.878734384084041961e-02 1.896541321313369166e-02 1.899506499099854265e-02 1.888451338962252382e-02 1.864344309435663968e-02 1.828273792370797152e-02 1.781415641735877367e-02 1.724998848789283806e-02 1.660272287718665696e-02 1.588474629262975890e-02 1.510808668360362483e-02 1.428420651824020837e-02 1.342384697927855725e-02 1.253692033836137712e-02 1.163244520308561077e-02 1.071851779856158003e-02 9.802311857438489318e-03 8.890099873236625636e-03 7.987289183685486807e-03 7.098467352054249266e-03 6.227452404483397805e-03 5.377344518475987885e-03 4.550576656827769011e-03 3.748962360644085990e-03 2.973739441074509365e-03 2.225608642847951100e-03 1.504766498078938383e-03
2.291411543941254594e-03 4.597240219033641752e-03 6.683964236375697365e-03 8.616611018341466949e-03 1.041468398493392532e-02 1.208245199327315049e-02 1.361450802693169038e-02 1.500202935368481066e-02 1.623536295205681157e-02 1.730620899947254987e-02 1.820878803758917489e-02 1.894013467214116647e-02 1.949990232548091951e-02 1.989008245596708344e-02 2.011482427154070995e-02 2.018032842315273592e-02 2.009471854615053205e-02 1.986782934660591068e-02 1.951090588603106996e-02 1.903624301076882810e-02 1.845680299209357181e-02 1.778584418734074565e-02 1.703658381667567251e-02 1.622190882361568623e-02 1.535414160827455916e-02 1.444486198541735343e-02 1.350478262421240909e-02 1.254367230102708571e-02 1.157031950652355305e-02 1.059252821984520837e-02 9.617137810708402748e-03 8.650059790921251976e-03 7.696325236665359573e-03 6.760137912182120033e-03 5.844929281396009368e-03 4.953412598296070592e-03 4.087634071561299133e-03 3.249019688497849570e-03 2.438416659248677024e-03 1.656128610175649357e-03
2.178783743226010358e-03 4.568203299826305123e-03 6.740654732151751122e-03 8.760199936009916907e-03 1.064575560615258626e-02 1.240105961555250727e-02 1.402010887265479552e-02 1.549336715494752624e-02 1.681029833862505291e-02 1.796154339514307793e-02 1.894013467214116647e-02 1.974188097761664373e-02 2.036527775310768493e-02 2.081131582958824569e-02 2.108336025503003419e-02 2.118707260748203466e-02 2.113028692557137808e-02 2.092278484916131748e-02 2.057597037192075706e-02 2.010247771034663622e-02 1.951575394145386305e-02 1.882965199366061146e-02 1.805805918897320991e-02 1.721457685957493433e-02 1.631225890427443620e-02 1.536341125765229750e-02 1.437944971205202399e-02 1.337081022185890658e-02 1.234690373835290421e-02 1.131610672057715809e-02 1.028577855345457273e-02 9.262297890583595650e-03 8.251111120146229980e-03 7.256787468816337967e-03 6.283076525176258670e-03 5.332965068689203038e-03 4.408730977577714552e-03 3.511992641134225809e-03 2.643752720573858475e-03 1.804435294320023281e-03
2.064760620011989352e-03 4.514421933521008991e-03 6.750592851195163537e-03 8.836157323894087631e-03 1.078946578678567289e-02 1.261385455217932904e-02 1.430292918303705842e-02 1.584667063813080881e-02 1.723387871983045674e-02 1.845430697589174954e-02 1.949990232548091951e-02 2.036527775310768493e-02 2.104773724919080727e-02 2.154718747560940839e-02 2.186608713991204309e-02 2.200940649850253658e-02 2.198451486122361687e-02 2.180094984155717466e-02 2.147007475504621871e-02 2.100466182646680904e-02 2.041844590710090862e-02 1.972568668802588548e-02 1.894076657648154083e-02 1.807784137223923324e-02 1.715055286054634892e-02 1.617180613799912292e-02 1.515360951988698607e-02 1.410697115830024558e-02 1.304184409323107252e-02 1.196711034442696393e-02 1.089059464080813742e-02 9.819099166696869385e-03 8.758451943082341817e-03 7.713562868321392416e-03 6.688482807609090648e-03 5.686462316991929868e-03 4.710007552453670046e-03 3.760931626613692701e-03 2.840400135963052752e-03 1.948969797802633250e-03
1.949826318284137100e-03 4.437466420998985826e-03 6.716216333694079860e-03 8.847608596353454327e-03 1.084945040037234472e-02 1.272478873141348436e-02 1.446701625207982324e-02 1.606583728397873237e-02 1.750959620369020239e-02 1.878734384084041961e-02 1.989008245596708344e-02 2.081131582958824569e-02 2.154718747560940839e-02 2.209649849625986220e-02 2.246073247407437412e-02 2.264405798472893944e-02 2.265323460598336197e-02 2.249738437762144327e-02 2.218764061020035011e-02 2.173671506251367846e-02 2.115843050930779623e-02 2.046725861804334426e-02 1.967789208630378942e-02 1.880486982469821780e-02 1.786226572002017760e-02 1.686344486759541392e-02 1.582088577270712032e-02 1.474606287832551550e-02 1.364938101335831655e-02 1.254015199326437638e-02 1.142660346051557578e-02 1.031591079762879566e-02 9.214244214163464647e-03 8.126824582507213846e-03 7.057983043626711063e-03 6.011220680291585496e-03 4.989265589509355066e-03 3.994125452971101012e-03 3.027134204226390041e-03 2.088991631747791344e-03
1.834552677357262004e-03 4.339110603936341230e-03 6.640318095287442955e-03 8.798209732586357440e-03 1.083006996569271796e-02 1.273874993725052952e-02 1.451758115705936887e-02 1.615617152926455621e-02 1.764260341955818309e-02 1.896541321313369166e-02 2.011482427154070995e-02 2.108336025503003419e-02 2.186608713991204309e-02 2.246073247407437412e-02 2.286778504616335944e-02 2.309054319509197886e-02 2.313504514769155335e-02 2.300985079558484636e-02 2.272569127524354249e-02 2.229502965672948075e-02 2.173158120363361326e-02 2.104983448825071407e-02 2.026460383570895252e-02 1.939063350043791767e-02 1.844226564758601888e-02 1.743317730107827451e-02 1.637618564245850450e-02 1.528311648006876709e-02 1.416472757084316116e-02 1.303067683686520532e-02 1.188952520612446967e-02 1.074876447985553991e-02 9.614861895372339359e-03 8.493314567243757246e-03 7.388708496377893557e-03 6.304778177186981698e-03 5.244463925833739090e-03 4.209964867713960647e-03 3.202786057959550355e-03 2.223778472089845120e-03
1.719564537761059672e-03 4.221294473733019394e-03 6.525997327291779143e-03 8.692082128838861735e-03 1.073632606939277194e-02 1.266145987685744594e-02 1.446088091863895891e-02 1.612425613919514847e-02 1.763958195641121551e-02 1.899506499099854265e-02 2.018032842315273592e-02 2.118707260748203466e-02 2.200940649850253658e-02 2.264405798472893944e-02 2.309054319509197886e-02 2.335126051935001307e-02 2.343144941816839577e-02 2.333898972698419602e-02 2.308406100380907752e-02 2.267870631307360510e-02 2.213634938981680692e-02 2.147130718589724749e-02 2.069832944214315684e-02 1.983218718781300932e-02 1.888732381647570055e-02 1.787757531128975411e-02 1.681596008281847562e-02 1.571453391993448204e-02 1.458430204234864407e-02 1.343517830727137055e-02 1.227598111255217075e-02 1.111445610554835303e-02 9.957317037962853598e-03 8.810297631573944105e-03 7.678208862373010410e-03 6.564997456640732539e-03 5.473802530289774600e-03 4.407008156911844214e-03 3.366290215860098974e-03 2.352656155488345134e-03
1.605513968314812700e-03 4.086092188465970630e-03 6.376616510021618570e-03 8.533756584879198873e-03 1.057379167929351806e-02 1.249939087652128349e-02 1.430412201154953634e-02 1.597784343738663237e-02 1.750862314455086527e-02 1.888451338962252382e-02 2.009471854615053205e-02 2.113028692557137808e-02 2.198451486122361687e-02 2.265323460598336197e-02 2.313504514769155335e-02 2.343144941816839577e-02 2.354684378771164724e-02 2.348834058817950848e-02 2.326544510277798322e-02 2.288963132209453910e-02 2.237386493504794904e-02 2.173211558499599932e-02 2.097889077289944587e-02 2.012881458568151899e-02 1.919626641332495415e-02 1.819508769232301704e-02 1.713835835105561103e-02 1.603823932132249566e-02 1.490587361476771247e-02 1.375133622861195518e-02 1.258362241791882025e-02 1.141066430307095120e-02 1.023936694392297425e-02 9.075656516402555787e-03 7.924534778964278936e-03 6.790135426303791841e-03 5.675779094517119545e-03 4.584024663839056553e-03 3.516715094243613466e-03 2.475016329801878103e-03
1.493058394133132830e-03 3.935676238099186132e-03 6.195748352803372508e-03 8.328101681218905150e-03 1.034852042559694305e-02 1.225965566411814020e-02 1.405532998460392799e-02 1.572570388371015079e-02 1.725905505997676198e-02 1.864344309435663968e-02 1.986782934660591068e-02 2.092278484916131748e-02 2.180094984155717466e-02 2.249738437762144327e-02 2.300985079558484636e-02 2.333898972698419602e-02 2.348834058817950848e-02 2.346419119162213365e-02 2.327527864649429207e-02 2.293238470857375880e-02 2.244787269238203778e-02 2.183520732188819549e-02 2.110849015317404001e-02 2.028203471115724507e-02 1.936999785258704254e-02 1.838607681516712597e-02 1.734327489850449183e-02 1.625373313595864302e-02 1.512862114138655879e-02 1.397807779760607515e-02 1.281119150168889831e-02 1.163600995571390483e-02 1.045957055658235449e-02 9.287943891781747299e-03 8.126284380883993727e-03 6.978883513560915110e-03 5.849222312957148319e-03 4.740020550346714552e-03 3.653280841052950444e-03 2.590326064341788841e-03
1.382840291112048293e-03 3.772275463192747025e-03 5.987109264760299629e-03 8.080231175238806324e-03 1.006692692331461261e-02 1.194985963074365193e-02 1.372317240590986004e-02 1.537741825824623550e-02 1.690120286234874855e-02 1.828273792370797152e-02 1.951090588603106996e-02 2.057597037192075706e-02 2.147007475504621871e-02 2.218764061020035011e-02 2.272569127524354249e-02 2.308406100380907752e-02 2.326544510277798322e-02 2.327527864649429207e-02 2.312146573995555246e-02 2.281400050536272137e-02 2.236452480404044207e-02 2.178586278647132168e-02 2.109156464976995674e-02 2.029548432770452576e-02 1.941140871711565311e-02 1.845274918767101160e-02 1.743229956853108858e-02 1.636205903663281308e-02 1.525311391094397347e-02 1.411556959003315050e-02 1.295852269979203691e-02 1.179006362002407715e-02 1.061730050120252185e-02 9.446397256682838653e-03 8.282619502657415436e-03 7.130383806754721741e-03 5.993306776963041108e-03 4.874251421068832163e-03 3.775368816418174251e-03 2.698133449078465081e-03
1.275468282288840178e-03 3.598129320332947058e-03 5.754484011698261098e-03 7.795397204922221469e-03 9.735647049004611184e-03 1.157792673379868902e-02 1.331674883091494427e-02 1.494313014265960006e-02 1.644610273294612804e-02 1.781415641735877367e-02 1.903624301076882810e-02 2.010247771034663622e-02 2.100466182646680904e-02 2.173671506251367846e-02 2.229502965672948075e-02 2.267870631307360510e-02 2.288963132209453910e-02 2.293238470857375880e-02 2.281400050536272137e-02 2.254361772583701740e-02 2.213206436787539325e-02 2.159141271846273108e-02 2.093453759556244964e-02 2.017470241773485981e-02 1.932519147235970194e-02 1.839900020307177336e-02 1.740858886126956176e-02 1.636569902082123801e-02 1.528122786933299067e-02 1.416515222069924911e-02 1.302649282284729267e-02 1.187330946073798972e-02 1.071271815689424714e-02 9.550923042152898584e-03 8.393256885434493067e-03 7.244225615068912438e-03 6.107553309268050346e-03 4.986225019242464772e-03 3.882525393786193709e-03 2.798071393799731604e-03
1.171500382879478355e-03 3.415442278667251471e-03 5.501648639468574055e-03 7.478879746973362413e-03 9.361392198424828281e-03 1.115191686243297703e-02 1.284536958850388509e-02 1.443328459124717210e-02 1.590519945081685094e-02 1.724998848789283806e-02 1.845680299209357181e-02 1.951575394145386305e-02 2.041844590710090862e-02 2.115843050930779623e-02 2.173158120363361326e-02 2.213634938981680692e-02 2.237386493504794904e-02 2.244787269238203778e-02 2.236452480404044207e-02 2.213206436787539325e-02 2.176043971922500542e-02 2.126088534524774379e-02 2.064549988479680645e-02 1.992684584828955871e-02 1.911758983274626858e-02 1.823019585683346641e-02 1.727667815444618171e-02 1.626841395207378332e-02 1.521601209296037129e-02 1.412923026009939818e-02 1.301693200844239971e-02 1.188707457249854778e-02 1.074671906673531699e-02 9.602055844115440705e-03 8.458439101795917070e-03 7.320426101502194340e-03 6.191817474073970685e-03 5.075695937382725120e-03 3.974461348017876115e-03 2.889860320778574014e-03
1.071430216860812029e-03 3.226341820865162493e-03 5.232297918741331613e-03 7.135881575437043670e-03 8.950809989491173568e-03 1.067985054441763712e-02 1.231834279951692264e-02 1.385837596020177316e-02 1.529005404589462921e-02 1.660272287718665696e-02 1.778584418734074565e-02 1.882965199366061146e-02 1.972568668802588548e-02 2.046725861804334426e-02 2.104983448825071407e-02 2.147130718589724749e-02 2.173211558499599932e-02 2.183520732188819549e-02 2.178586278647132168e-02 2.159141271846273108e-02 2.126088534524774379e-02 2.080461651761372766e-02 2.023385174136554596e-02 1.956036408733563201e-02 1.879610678855896458e-02 1.795291365373760314e-02 1.704225442860233045e-02 1.607504656102709192e-02 1.506152017803005783e-02 1.401112989495103753e-02 1.293250540214927087e-02 1.183343237377572355e-02 1.072085574034533674e-02 9.600898379393938212e-03 8.478889492802482719e-03 7.359398135335341526e-03 6.246268402494268950e-03 5.142653606838193045e-03 4.051047339700823355e-03 2.973309616653241425e-03
9.756767651364258711e-04 3.032842459751387137e-03 4.949981669231774163e-03 6.771435177791928876e-03 8.510360131106859544e-03 1.016955211950090754e-02 1.174478324007532416e-02 1.322872100257765395e-02 1.461208007117857297e-02 1.588474629262975890e-02 1.703658381667567251e-02 1.805805918897320991e-02 1.894076657648154083e-02 1.967789208630378942e-02 2.026460383570895252e-02 2.069832944214315684e-02 2.097889077289944587e-02 2.110849015317404001e-02 2.109156464976995674e-02 2.093453759556244964e-02 2.064549988479680645e-02 2.023385174136554596e-02 1.970993201265796788e-02 1.908465797133295644e-02 1.836919411495126567e-02 1.757466329123727813e-02 1.671190784958875505e-02 1.579130307534156591e-02 1.482262061666588318e-02 1.381493641576651485e-02 1.277657589018756437e-02 1.171508857304574824e-02 1.063724476799752031e-02 9.549047645336870491e-03 8.455755298643879286e-03 7.361908381410092218e-03 6.271359915518592149e-03 5.187304635146193672e-03 4.112305765777272450e-03 3.048317421525896694e-03
8.845778713661133765e-04 2.836817111136587504e-03 4.658052459403698442e-03 6.390325362981238468e-03 8.046210527145623848e-03 9.628517870794817829e-03 1.113345102151704763e-02 1.255426670232893602e-02 1.388231946396363201e-02 1.510808668360362483e-02 1.622190882361568623e-02 1.721457685957493433e-02 1.807784137223923324e-02 1.880486982469821780e-02 1.939063350043791767e-02 1.983218718781300932e-02 2.012881458568151899e-02 2.028203471115724507e-02 2.029548432770452576e-02 2.017470241773485981e-02 1.992684584828955871e-02 1.956036408733563201e-02 1.908465797133295644e-02 1.850974421969698441e-02 1.784594355311849845e-02 1.710360565181347214e-02 1.629287899410727242e-02 1.542352848169296214e-02 1.450479938938759733e-02 1.354532303172253579e-02 1.255305772569786232e-02 1.153525798078963195e-02 1.049846505382433064e-02 9.448512734286141496e-03 8.390543190710805094e-03 7.329028703625859419e-03 6.267796002300350840e-03 5.210050636380326831e-03 4.158399311132385603e-03 3.114868375787446103e-03
7.983874260768010229e-04 2.639976283776725684e-03 4.359625680675630228e-03 5.997029128053082969e-03 7.564155794099273675e-03 9.063811951513574272e-03 1.049262362284318975e-02 1.184443711407782117e-02 1.311126302946213733e-02 1.428420651824020837e-02 1.535414160827455916e-02 1.631225890427443620e-02 1.715055286054634892e-02 1.786226572002017760e-02 1.844226564758601888e-02 1.888732381647570055e-02 1.919626641332495415e-02 1.936999785258704254e-02 1.941140871711565311e-02 1.932519147235970194e-02 1.911758983274626858e-02 1.879610678855896458e-02 1.836919411495126567e-02 1.784594355311849845e-02 1.723579662449092192e-02 1.654828596283152917e-02 1.579281632521759016e-02 1.497848867910969370e-02 1.411396663635300364e-02 1.320738146833856826e-02 1.226627011868093239e-02 1.129753989750232820e-02 1.030745362166968042e-02 9.301629555127751553e-03 8.285051338891916139e-03 7.262083984827688056e-03 6.236492812254715475e-03 5.211462856262932992e-03 4.189616730667747833e-03 3.173029162827905193e-03
7.172759088964858172e-04 2.443854879274150529e-03 4.057551870954917948e-03 5.595672733701938933e-03 7.069558226170801797e-03 8.481990241592348573e-03 9.830001534037445879e-03 1.110801962302670511e-02 1.230871616943323907e-02 1.342384697927855725e-02 1.444486198541735343e-02 1.536341125765229750e-02 1.617180613799912292e-02 1.686344486759541392e-02 1.743317730107827451e-02 1.787757531128975411e-02 1.819508769232301704e-02 1.838607681516712597e-02 1.845274918767101160e-02 1.839900020307177336e-02 1.823019585683346641e-02 1.795291365373760314e-02 1.757466329123727813e-02 1.710360565181347214e-02 1.654828596283152917e-02 1.591739343861165584e-02 1.521955548817847080e-02 1.446317022030959958e-02 1.365627714269107389e-02 1.280646307120956139e-02 1.192079848110396550e-02 1.100579874295969790e-02 1.006740465761244568e-02 9.110977164274574117e-03 8.141301804525168800e-03 7.162599297985447477e-03 6.178539300492789758e-03 5.192254997866494609e-03 4.206356595460940609e-03 3.222941969029404462e-03
6.413338096028854988e-04 2.249805921887619749e-03 3.754400357879716064e-03 5.190004779388293285e-03 6.567309701898236055e-03 7.889050326194834914e-03 9.152645406276645190e-03 1.035308824750432767e-02 1.148370725324247311e-02 1.253692033836137712e-02 1.350478262421240909e-02 1.437944971205202399e-02 1.515360951988698607e-02 1.582088577270712032e-02 1.637618564245850450e-02 1.681596008281847562e-02 1.713835835105561103e-02 1.734327489850449183e-02 1.743229956853108858e-02 1.740858886126956176e-02 1.727667815444618171e-02 1.704225442860233045e-02 1.671190784958875505e-02 1.629287899410727242e-02 1.579281632521759016e-02 1.521955548817847080e-02 1.458092826252698274e-02 1.388460509056469068e-02 1.313797159373109036e-02 1.234803680012084084e-02 1.152136908868951759e-02 1.066405503669573193e-02 9.781676237377604985e-03 8.879299497117571285e-03 7.961476408650140085e-03 7.032248960903295792e-03 6.095158471039988958e-03 5.153255637723655816e-03 4.209109873253850248e-03 3.264816247366578422e-03
5.705773720656769424e-04 2.059000243088960919e-03 3.452452768473050770e-03 4.783383301959072756e-03 6.061811999910187918e-03 7.290404484752633328e-03 8.466941008807292099e-03 9.586959702891703974e-03 1.064443380292239873e-02 1.163244520308561077e-02 1.254367230102708571e-02 1.337081022185890658e-02 1.410697115830024558e-02 1.474606287832551550e-02 1.528311648006876709e-02 1.571453391993448204e-02 1.603823932132249566e-02 1.625373313595864302e-02 1.636205903663281308e-02 1.636569902082123801e-02 1.626841395207378332e-02 1.607504656102709192e-02 1.579130307534156591e-02 1.542352848169296214e-02 1.497848867910969370e-02 1.446317022030959958e-02 1.388460509056469068e-02 1.324972450287518165e-02 1.256524252642803909e-02 1.183756789603363467e-02 1.107274072594073393e-02 1.027639002585639498e-02 9.453707725529144137e-03 8.609435151904572606e-03 7.747858377789387276e-03 6.872809420814587726e-03 5.987670808850538255e-03 5.095381473507271976e-03 4.198442243608727087e-03 3.298919355537087168e-03
5.049560955629030581e-04 1.872431004789770065e-03 3.153704676129915306e-03 4.378774503938065964e-03 5.556972422225201283e-03 6.690871847289826119e-03 7.778587385133878783e-03 8.816176849053716444e-03 9.798240360363062035e-03 1.071851779856158003e-02 1.157031950652355305e-02 1.234690373835290421e-02 1.304184409323107252e-02 1.364938101335831655e-02 1.416472757084316116e-02 1.458430204234864407e-02 1.490587361476771247e-02 1.512862114138655879e-02 1.525311391094397347e-02 1.528122786933299067e-02 1.521601209296037129e-02 1.506152017803005783e-02 1.482262061666588318e-02 1.450479938938759733e-02 1.411396663635300364e-02 1.365627714269107389e-02 1.313797159373109036e-02 1.256524252642803909e-02 1.194412609701594324e-02 1.128041855132604250e-02 1.057961477376338430e-02 9.846865479196156498e-03 9.086949366529770492e-03 8.304256699993106325e-03 7.502781157078510822e-03 6.686117244745789709e-03 5.857461039639766734e-03 5.019612388177624278e-03 4.174976965813101751e-03 3.325566710827235466e-03
4.443614613923788895e-04 1.690921925619962582e-03 2.859873585288023098e-03 3.978760595310015281e-03 5.056211446413944564e-03 6.094685637794531458e-03 7.092603296848733370e-03 8.046513761319196850e-03 8.951621430145228347e-03 9.802311857438489318e-03 1.059252821984520837e-02 1.131610672057715809e-02 1.196711034442696393e-02 1.254015199326437638e-02 1.303067683686520532e-02 1.343517830727137055e-02 1.375133622861195518e-02 1.397807779760607515e-02 1.411556959003315050e-02 1.416515222069924911e-02 1.412923026009939818e-02 1.401112989495103753e-02 1.381493641576651485e-02 1.354532303172253579e-02 1.320738146833856826e-02 1.280646307120956139e-02 1.234803680012084084e-02 1.183756789603363467e-02 1.128041855132604250e-02 1.068176992402381821e-02 1.004656345450582675e-02 9.379458662081433321e-03 8.684804315751526449e-03 7.966619944548744212e-03 7.228584935043614289e-03 6.474032837443142833e-03 5.705948878485616466e-03 4.926968998046971776e-03 4.139378945776240291e-03 3.345112063311197776e-03
3.886364072747004934e-04 1.515138139634878171e-03 2.572411535692671787e-03 3.585554334933505755e-03 4.562479253306358021e-03 5.505511573071511511e-03 6.413347213216265622e-03 7.282996850470426636e-03 8.110243082603824441e-03 8.890099873236625636e-03 9.617137810708402748e-03 1.028577855345457273e-02 1.089059464080813742e-02 1.142660346051557578e-02 1.188952520612446967e-02 1.227598111255217075e-02 1.258362241791882025e-02 1.281119150168889831e-02 1.295852269979203691e-02 1.302649282284729267e-02 1.301693200844239971e-02 1.293250540214927087e-02 1.277657589018756437e-02 1.255305772569786232e-02 1.226627011868093239e-02 1.192079848110396550e-02 1.152136908868951759e-02 1.107274072594073393e-02 1.057961477376338430e-02 1.004656345450582675e-02 9.477974704064067585e-03 8.878011403490558562e-03 8.250582396376519509e-03 7.599322726829444222e-03 6.927580735912187981e-03 6.238409948553113107e-03 5.534563989190020850e-03 4.818493026706223252e-03 4.092340428245633266e-03 3.357938366874314764e-03
3.375851339625909669e-04 1.345598733150298867e-03 2.292520787581544834e-03 3.201018107552063528e-03 4.078278303016922603e-03 4.926473892010050683e-03 5.744546593470183267e-03 6.529937027326283144e-03 7.278977447942754780e-03 7.987289183685486807e-03 8.650059790921251976e-03 9.262297890583595650e-03 9.819099166696869385e-03 1.031591079762879566e-02 1.074876447985553991e-02 1.111445610554835303e-02 1.141066430307095120e-02 1.163600995571390483e-02 1.179006362002407715e-02 1.187330946073798972e-02 1.188707457249854778e-02 1.183343237377572355e-02 1.171508857304574824e-02 1.153525798078963195e-02 1.129753989750232820e-02 1.100579874295969790e-02 1.066405503669573193e-02 1.027639002585639498e-02 9.846865479196156498e-03 9.379458662081433321e-03 8.878011403490558562e-03 8.346191482548831822e-03 7.787464245351255823e-03 7.205072321508744840e-03 6.602021445128473595e-03 5.981070608809800973e-03 5.344725022356133261e-03 4.695230559416381164e-03 4.034568518257608365e-03 3.364449567966007384e-03
2.909828920625641305e-04 1.182690147686450439e-03 2.021171279696591400e-03 2.826685699938986333e-03 3.605689564178449213e-03 4.360186033155249649e-03 5.089332867045737521e-03 5.790968683056756626e-03 6.461945223613131672e-03 7.098467352054249266e-03 7.696325236665359573e-03 8.251111120146229980e-03 8.758451943082341817e-03 9.214244214163464647e-03 9.614861895372339359e-03 9.957317037962853598e-03 1.023936694392297425e-02 1.045957055658235449e-02 1.061730050120252185e-02 1.071271815689424714e-02 1.074671906673531699e-02 1.072085574034533674e-02 1.063724476799752031e-02 1.049846505382433064e-02 1.030745362166968042e-02 1.006740465761244568e-02 9.781676237377604985e-03 9.453707725529144137e-03 9.086949366529770492e-03 8.684804315751526449e-03 8.250582396376519509e-03 7.787464245351255823e-03 7.298474194585661060e-03 6.786460153871029001e-03 6.254078840337318548e-03 5.703784862216164722e-03 5.137822352258095311e-03 4.558218012876100525e-03 3.966774546793291369e-03 3.365063475790661379e-03
2.485854613321770556e-04 1.026679787681629734e-03 1.759118798407374989e-03 2.463785290419669670e-03 3.146400464131002012e-03 3.808783560370705180e-03 4.450279223428462924e-03 5.069092090973260044e-03 5.662562280817739178e-03 6.227452404483397805e-03 6.760137912182120033e-03 7.256787468816337967e-03 7.713562868321392416e-03 8.126824582507213846e-03 8.493314567243757246e-03 8.810297631573944105e-03 9.075656516402555787e-03 9.287943891781747299e-03 9.446397256682838653e-03 9.550923042152898584e-03 9.602055844115440705e-03 9.600898379393938212e-03 9.549047645336870491e-03 9.448512734286141496e-03 9.301629555127751553e-03 9.110977164274574117e-03 8.879299497117571285e-03 8.609435151904572606e-03 8.304256699993106325e-03 7.966619944548744212e-03 7.599322726829444222e-03 7.205072321508744840e-03 6.786460153871029001e-03 6.345942463789314494e-03 5.885825572913746737e-03 5.408254522532572259e-03 4.915203989157622931e-03 4.408470512939262516e-03 3.889665159429447124e-03 3.360205752052035453e-03
2.101380996152056645e-04 8.777293187645318585e-04 1.506923033785143159e-03 2.113262501696016628e-03 2.701733068728382359e-03 3.273957489001800940e-03 3.829438993106547198e-03 4.366716626604449404e-03 4.883587370412983270e-03 5.377344518475987885e-03 5.844929281396009368e-03 6.283076525176258670e-03 6.688482807609090648e-03 7.057983043626711063e-03 7.388708496377893557e-03 7.678208862373010410e-03 7.924534778964278936e-03 8.126284380883993727e-03 8.282619502657415436e-03 8.393256885434493067e-03 8.458439101795917070e-03 8.478889492802482719e-03 8.455755298643879286e-03 8.390543190710805094e-03 8.285051338891916139e-03 8.141301804525168800e-03 7.961476408650140085e-03 7.747858377789387276e-03 7.502781157078510822e-03 7.228584935043614289e-03 6.927580735912187981e-03 6.602021445128473595e-03 6.254078840337318548e-03 5.885825572913746737e-03 5.499221039064190568e-03 5.096100147161887819e-03 4.678164086889222660e-03 4.246972301216150880e-03 3.803934926441475319e-03 3.350304974860656738e-03
1.753838030615941499e-04 7.359072774421309554e-04 1.264964910973762286e-03 1.775802663231719697e-03 2.272671386537954835e-03 2.756986646353905192e-03 3.228382982652046665e-03 3.685702888417098470e-03 4.127168720527841020e-03 4.550576656827769011e-03 4.953412598296070592e-03 5.332965068689203038e-03 5.686462316991929868e-03 6.011220680291585496e-03 6.304778177186981698e-03 6.564997456640732539e-03 6.790135426303791841e-03 6.978883513560915110e-03 7.130383806754721741e-03 7.244225615068912438e-03 7.320426101502194340e-03 7.359398135335341526e-03 7.361908381410092218e-03 7.329028703625859419e-03 7.262083984827688056e-03 7.162599297985447477e-03 7.032248960903295792e-03 6.872809420814587726e-03 6.686117244745789709e-03 6.474032837443142833e-03 6.238409948553113107e-03 5.981070608809800973e-03 5.703784862216164722e-03 5.408254522532572259e-03 5.096100147161887819e-03 4.768850453694972041e-03 4.427933469578252366e-03 4.074668774141521760e-03 3.710260240264127551e-03 3.335788689359447251e-03
1.440707811109625267e-04 6.012007298134621359e-04 1.033462762488137482e-03 1.451851672353013205e-03 1.859887005451455865e-03 2.258768088312514827e-03 2.648234593737920119e-03 3.027402350474045403e-03 3.394887951775219046e-03 3.748962360644085990e-03 4.087634071561299133e-03 4.408730977577714552e-03 4.710007552453670046e-03 4.989265589509355066e-03 5.244463925833739090e-03 5.473802530289774600e-03 5.675779094517119545e-03 5.849222312957148319e-03 5.993306776963041108e-03 6.107553309268050346e-03 6.191817474073970685e-03 6.246268402494268950e-03 6.271359915518592149e-03 6.267796002300350840e-03 6.236492812254715475e-03 6.178539300492789758e-03 6.095158471039988958e-03 5.987670808850538255e-03 5.857461039639766734e-03 5.705948878485616466e-03 5.534563989190020850e-03 5.344725022356133261e-03 5.137822352258095311e-03 4.915203989157622931e-03 4.678164086889222660e-03 4.427933469578252366e-03 4.165671639410425779e-03 3.892459775161959384e-03 3.609294268064478471e-03 3.317080349659382640e-03
1.159591064184228669e-04 4.735258110266905526e-04 8.124870432612049231e-04 1.141635025504882496e-03 1.463762501808549103e-03 1.779844879278146864e-03 2.089701897721011475e-03 2.392693579479323891e-03 2.687800198739950016e-03 2.973739441074509365e-03 3.249019688497849570e-03 3.511992641134225809e-03 3.760931626613692701e-03 3.994125452971101012e-03 4.209964867713960647e-03 4.407008156911844214e-03 4.584024663839056553e-03 4.740020550346714552e-03 4.874251421068832163e-03 4.986225019242464772e-03 5.075695937382725120e-03 5.142653606838193045e-03 5.187304635146193672e-03 5.210050636380326831e-03 5.211462856262932992e-03 5.192254997866494609e-03 5.153255637723655816e-03 5.095381473507271976e-03 5.019612388177624278e-03 4.926968998046971776e-03 4.818493026706223252e-03 4.695230559416381164e-03 4.558218012876100525e-03 4.408470512939262516e-03 4.246972301216150880e-03 4.074668774141521760e-03 3.892459775161959384e-03 3.701193792947487377e-03 3.501662749103467195e-03 3.294597073262493965e-03
9.082654985992721724e-05 3.527370461875873860e-04 6.019733824434441057e-04 8.451747097762759165e-04 1.084412210278294869e-03 1.320430722969006100e-03 1.553106052677675434e-03 1.782014301262064291e-03 2.006469618570573109e-03 2.225608642847951100e-03 2.438416659248677024e-03 2.643752720573858475e-03 2.840400135963052752e-03 3.027134204226390041e-03 3.202786057959550355e-03 3.366290215860098974e-03 3.516715094243613466e-03 3.653280841052950444e-03 3.775368816418174251e-03 3.882525393786193709e-03 3.974461348017876115e-03 4.051047339700823355e-03 4.112305765777272450e-03 4.158399311132385603e-03 4.189616730667747833e-03 4.206356595460940609e-03 4.209109873253850248e-03 4.198442243608727087e-03 4.174976965813101751e-03 4.139378945776240291e-03 4.092340428245633266e-03 4.034568518257608365e-03 3.966774546793291369e-03 3.889665159429447124e-03 3.803934926441475319e-03 3.710260240264127551e-03 3.609294268064478471e-03 3.501662749103467195e-03 3.387960455624085959e-03 3.268748161416986688e-03
6.847365393747438143e-05 2.386353964147637074e-04 4.017338128459415269e-04 5.623036985766328467e-04 7.217000059999686750e-04 8.804310067778126732e-04 1.038405539128799387e-03 1.195388707613888627e-03 1.350999592098769183e-03 1.504766498078938383e-03 1.656128610175649357e-03 1.804435294320023281e-03 1.948969797802633250e-03 2.088991631747791344e-03 2.223778472089845120e-03 2.352656155488345134e-03 2.475016329801878103e-03 2.590326064341788841e-03 2.698133449078465081e-03 2.798071393799731604e-03 2.889860320778574014e-03 2.973309616653241425e-03 3.048317421525896694e-03 3.114868375787446103e-03 3.173029162827905193e-03 3.222941969029404462e-03 3.264816247366578422e-03 3.298919355537087168e-03 3.325566710827235466e-03 3.345112063311197776e-03 3.357938366874314764e-03 3.364449567966007384e-03 3.365063475790661379e-03 3.360205752052035453e-03 3.350304974860656738e-03 3.335788689359447251e-03 3.317080349659382640e-03 3.294597073262493965e-03 3.268748161416986688e-03 3.239934380034200593e-03
