3.195130388350923061e+08 1.179184013704896905e+07 6.056013258329611272e+06 4.106968679311980028e+06 3.131043326976224780e+06 2.548231637348077726e+06 2.162580297501501627e+06 1.889284355061600916e+06 1.685544150263783988e+06 1.527322475981322117e+06 1.400003809525869787e+06 1.294155625916893827e+06 1.203388546249232721e+06 1.123213105995571939e+06 1.050397099342531292e+06 9.826079531335594365e+05 9.181663394678146578e+05 8.559191303967826534e+05 7.951413176141369622e+05 7.354696958937566960e+05 6.768398260442547034e+05 6.194301496604916174e+05 5.635498547834506026e+05 5.095868033185073291e+05 4.579202377062467276e+05 4.088845653919371543e+05 3.627137159338621423e+05 3.195262236350959283e+05 2.793503029620578745e+05 2.421213510645535425e+05 2.077260058084095654e+05 1.759922029828092491e+05 1.467475042670710245e+05 1.198282661196919507e+05 9.506562402356647362e+04 7.232800751797818521e+04 5.151387280624920822e+04 3.254899164175080296e+04 1.538534809969724301e+04 0.000000000000000000e+00
1.179184013704896905e+07 4.357772340638916357e+05 2.240774101997736434e+05 1.521227775019231194e+05 1.160775775157245371e+05 9.453720678562676767e+04 8.027024826946957910e+04 7.014718198954734544e+04 6.258864656308484700e+04 5.670779124582288205e+04 5.196566436688954855e+04 4.801483181039448391e+04 4.462038973103152966e+04 4.161774385615684150e+04 3.888882507992937462e+04 3.634880770138020307e+04 3.393687583655519120e+04 3.161140993728571266e+04 2.934625600528229916e+04 2.712821563821158270e+04 2.495469316517254629e+04 2.283167647045505510e+04 2.076968149834951328e+04 1.878197513601824176e+04 1.688145078857247063e+04 1.507941314104824778e+04 1.338358617168025921e+04 1.179760445137643728e+04 1.032195355832569476e+04 8.953858499469501112e+03 7.688894358025925612e+03 6.520590350624092935e+03 5.442556142393918890e+03 4.448823113305579682e+03 3.533235149743765305e+03 2.691080277485502847e+03 1.918765351993217337e+03 1.213727915084896949e+03 5.743654194253138030e+02 0.000000000000000000e+00
6.056013258329611272e+06 2.240774101997736434e+05 1.154211073624080454e+05 7.848648009329015622e+04 5.997966718085895991e+04 4.891471153191121266e+04 4.157992926201935188e+04 3.636888167642728513e+04 3.247071505583871476e+04 2.943007106726072016e+04 2.697031579217239414e+04 2.491337433512887583e+04 2.313919077063295481e+04 2.156405842072413361e+04 2.012838005324708138e+04 1.878980773567920551e+04 1.751834414773714525e+04 1.629376303426681625e+04 1.510356472477304851e+04 1.394161359006999373e+04 1.280688566723760960e+04 1.170245543306924992e+04 1.063342364452950824e+04 9.606137981897003556e+03 8.626638200441289882e+03 7.700129117460784983e+03 6.830001035764185872e+03 6.017607155647134277e+03 5.262773543242275082e+03 4.563731319150791933e+03 3.917950770781639221e+03 3.321902387335857838e+03 2.772171259095657206e+03 2.265643027780650755e+03 1.799068640895544377e+03 1.370017076886352015e+03 9.766354433386788969e+02 6.176291207706681234e+02 2.921907235150608813e+02 0.000000000000000000e+00
4.106968679311980028e+06 1.521227775019231194e+05 7.848648009329015622e+04 5.345483777726862900e+04 4.091004547896722943e+04 3.340679014774045208e+04 2.842951180060814295e+04 2.488935368062775888e+04 2.223660935713083745e+04 2.016252834712043841e+04 1.847958794614470389e+04 1.706723721477692015e+04 1.584442415484110461e+04 1.475491224550572224e+04 1.375896649986582088e+04 1.282867856121931618e+04 1.194453869462136026e+04 1.109361561027954122e+04 1.026808252830580750e+04 9.464242732386777789e+03 8.681649277655036713e+03 7.922432091540227702e+03 7.189894712915369382e+03 6.488073789585793747e+03 5.820714796585121803e+03 5.190977877648315371e+03 4.600801315749919013e+03 4.050776422409788665e+03 3.540512217740045344e+03 3.068583166635930411e+03 2.633100966057083497e+03 2.231528366962131713e+03 1.861453237987988359e+03 1.520722497865151354e+03 1.207062879685107191e+03 9.188075242823543931e+02 6.546834781704953912e+02 4.138162067367537702e+02 1.956578500095191657e+02 0.000000000000000000e+00
3.131043326976224780e+06 1.160775775157245371e+05 5.997966718085895991e+04 4.091004547896722943e+04 3.135225132650971500e+04 2.563402448573089714e+04 2.183874498765699900e+04 1.913670629175859358e+04 1.710896321152153178e+04 1.552016866322730311e+04 1.422740258760910729e+04 1.313889584402376022e+04 1.219310344226099369e+04 1.134752216367876099e+04 1.057234532946295622e+04 9.846885119096796188e+03 9.156880956962808341e+03 8.493060909310092029e+03 7.849952891329923659e+03 7.225103891977130843e+03 6.618384994500620451e+03 6.031487445844887588e+03 5.466850432537227789e+03 4.927388616972537420e+03 4.415730953303909700e+03 3.934041360337011156e+03 3.483552751946080662e+03 3.064490551606850659e+03 2.676365047865698671e+03 2.317927553615476882e+03 1.987611901575330876e+03 1.683374684076992935e+03 1.403301274418709227e+03 1.145714208013190500e+03 9.088208984545636895e+02 6.913292589525433414e+02 4.922484524704826754e+02 3.109062179094702287e+02 1.468766611651143421e+02 0.000000000000000000e+00
2.548231637348077726e+06 9.453720678562676767e+04 4.891471153191121266e+04 3.340679014774045208e+04 2.563402448573089714e+04 2.098307506736308642e+04 1.789497128763688670e+04 1.569472867373231747e+04 1.404148165079721912e+04 1.274371536216815548e+04 1.168513381026490606e+04 1.079113644614239274e+04 1.001180363518493868e+04 9.312808127572712692e+03 8.670248516851534077e+03 8.067729759604578248e+03 7.494112771987966880e+03 6.942305708564769702e+03 6.408246111143072085e+03 5.890235846375030633e+03 5.388356340188925969e+03 4.904064147231622883e+03 4.439313235607436582e+03 3.996380341201007923e+03 3.577258460787669719e+03 3.183543865693608495e+03 2.816070624561487875e+03 2.474862696695773138e+03 2.159383175403290352e+03 1.868496089402760163e+03 1.600830851952815692e+03 1.354638594726475276e+03 1.128299497810976163e+03 9.204162430328560731e+02 7.294779778920952822e+02 5.544104933626044840e+02 3.943851354283825685e+02 2.488440488458761024e+02 1.174278919479906307e+02 0.000000000000000000e+00
2.162580297501501627e+06 8.027024826946957910e+04 4.157992926201935188e+04 2.842951180060814295e+04 2.183874498765699900e+04 1.789497128763688670e+04 1.527585200353885921e+04 1.340875179176493111e+04 1.200444609074611981e+04 1.090041192589269849e+04 9.997958079852285664e+03 9.233824442023757001e+03 8.565757776200292938e+03 7.964811377489404549e+03 7.410961262394143887e+03 6.890624991620875335e+03 6.394705871415239017e+03 5.917538945214032537e+03 5.455987968614153942e+03 5.008857599980931809e+03 4.576381587245570699e+03 4.159882785634525135e+03 3.761021537131539844e+03 3.381682398116552122e+03 3.023467602790000456e+03 2.687625283432443666e+03 2.374748971421996430e+03 2.084747886673805624e+03 1.817067434163000826e+03 1.570655334634239352e+03 1.344275610900205265e+03 1.136376180427999088e+03 9.455319540123603019e+02 7.705285965140540156e+02 6.100385037549348226e+02 4.631272527487331558e+02 3.290687972775744470e+02 2.073759181778235074e+02 9.772837010561680415e+01 0.000000000000000000e+00
1.889284355061600916e+06 7.014718198954734544e+04 3.636888167642728513e+04 2.488935368062775888e+04 1.913670629175859358e+04 1.569472867373231747e+04 1.340875179176493111e+04 1.177865432339513609e+04 1.055177830586516029e+04 9.586126753375912813e+03 8.795468354915266900e+03 8.124557153048834152e+03 7.536544039767501090e+03 7.006261818936573945e+03 6.516398334130488365e+03 6.055328349978220103e+03 5.615370265383898186e+03 5.191844879780273914e+03 4.782256447763852520e+03 4.385760905618501965e+03 4.002706236432201422e+03 3.634336792894613609e+03 3.282128959904934163e+03 2.947717262631203994e+03 2.632456345821674404e+03 2.337375271686611995e+03 2.062921409417728228e+03 1.808942659030302821e+03 1.574887080385934041e+03 1.359772667831513900e+03 1.162465870568515356e+03 9.815580432298413598e+02 8.157635510935076582e+02 6.639967029896353097e+02 5.250585596321169533e+02 3.981107854501427141e+02 2.824967845321504569e+02 1.777755271319930159e+02 8.365075261388192018e+01 0.000000000000000000e+00
1.685544150263783988e+06 6.258864656308484700e+04 3.247071505583871476e+04 2.223660935713083745e+04 1.710896321152153178e+04 1.404148165079721912e+04 1.200444609074611981e+04 1.055177830586516029e+04 9.458065863003075719e+03 8.596597566887241555e+03 7.890411710641205900e+03 7.290212096124210802e+03 6.763147673963975649e+03 6.286832381440543031e+03 5.845934967448577481e+03 5.430246327404279327e+03 5.033099368269896331e+03 4.650515470909798751e+03 4.280451865472295140e+03 3.922313502808193334e+03 3.576533240066662984e+03 3.244307877185143298e+03 2.926997349666111859e+03 2.626075417558895424e+03 2.342740461628822231e+03 2.077885716372709339e+03 1.831874480413576748e+03 1.604530046548530436e+03 1.395319025845390343e+03 1.203324385087782503e+03 1.027497609962473916e+03 8.665428833161276998e+02 7.192816495438171387e+02 5.847243531425694982e+02 4.617686346873296088e+02 3.496461464288124148e+02 2.477501678482903458e+02 1.556713710933769619e+02 7.312881157346204475e+01 0.000000000000000000e+00
1.527322475981322117e+06 5.670779124582288205e+04 2.943007106726072016e+04 2.016252834712043841e+04 1.552016866322730311e+04 1.274371536216815548e+04 1.090041192589269849e+04 9.586126753375912813e+03 8.596597566887241555e+03 7.816972087056178680e+03 7.177469856931671529e+03 6.633391599524906269e+03 6.154960701513339700e+03 5.721913118782406855e+03 5.320411933405955097e+03 4.941299358730306267e+03 4.578648944869264596e+03 4.228984188975729012e+03 3.890581890581054267e+03 3.563020321339780821e+03 3.246791670703235923e+03 2.943061484463552461e+03 2.653116203788908479e+03 2.378327644939821766e+03 2.119799553070153706e+03 1.878346412069109647e+03 1.654291142677678408e+03 1.447459625932276140e+03 1.257350395234287362e+03 1.083110709676289389e+03 9.237681291971471182e+02 7.781220252851348960e+02 6.450816027538420485e+02 5.237333575238633330e+02 4.130523203547469393e+02 3.123241166409762286e+02 2.209801649932401233e+02 1.386341294114592699e+02 6.501551908480635689e+01 0.000000000000000000e+00
1.400003809525869787e+06 5.196566436688954855e+04 2.697031579217239414e+04 1.847958794614470389e+04 1.422740258760910729e+04 1.168513381026490606e+04 9.997958079852285664e+03 8.795468354915266900e+03 7.890411710641205900e+03 7.177469856931671529e+03 6.592628378638452887e+03 6.094867231583467401e+03 5.656855621507378601e+03 5.259999854480286558e+03 4.891620167116678203e+03 4.543352949073527270e+03 4.209815799978375253e+03 3.887888522378614198e+03 3.576066658255405400e+03 3.274041712131991972e+03 2.982341249354426054e+03 2.702106076228548773e+03 2.434576250298032392e+03 2.181061053579257532e+03 1.942612339690195540e+03 1.720006295903131786e+03 1.513557405071676385e+03 1.323115126393354558e+03 1.148221473063781104e+03 9.880899681705918738e+02 8.418203474753349838e+02 7.082974510078073536e+02 5.865069378580019475e+02 4.755989191680420731e+02 3.746146207793304370e+02 2.828839057745606169e+02 1.998695192172724830e+02 1.252030718069415229e+02 5.862213125580377238e+01 0.000000000000000000e+00
1.294155625916893827e+06 4.801483181039448391e+04 2.491337433512887583e+04 1.706723721477692015e+04 1.313889584402376022e+04 1.079113644614239274e+04 9.233824442023757001e+03 8.124557153048834152e+03 7.290212096124210802e+03 6.633391599524906269e+03 6.094867231583467401e+03 5.636662396074578282e+03 5.233455211193445393e+03 4.868006047165304153e+03 4.528553134914376642e+03 4.207341011250340671e+03 3.899386084242616107e+03 3.601813852831573058e+03 3.313259638719542636e+03 3.033478564912250476e+03 2.763010580671500975e+03 2.502971489144780207e+03 2.254571041900450382e+03 2.019081894652592609e+03 1.797533506324169821e+03 1.590692471790248874e+03 1.398888272741499577e+03 1.222010155167526591e+03 1.059653391627729206e+03 9.111009910829076262e+02 7.755239166912718929e+02 6.518876513835581363e+02 5.392480572816748463e+02 4.368113437877013325e+02 3.436788697195130453e+02 2.592191051204701466e+02 1.829225479006855721e+02 1.144361655620470088e+02 5.350486626939539292e+01 0.000000000000000000e+00
1.203388546249232721e+06 4.462038973103152966e+04 2.313919077063295481e+04 1.584442415484110461e+04 1.219310344226099369e+04 1.001180363518493868e+04 8.565757776200292938e+03 7.536544039767501090e+03 6.763147673963975649e+03 6.154960701513339700e+03 5.656855621507378601e+03 5.233455211193445393e+03 4.861140746095147733e+03 4.523803823669320082e+03 4.210429979264614303e+03 3.913736329959761406e+03 3.629029871577322410e+03 3.353597028696015968e+03 3.086150295650709722e+03 2.826466883324265837e+03 2.575077158918224541e+03 2.333066880937766200e+03 2.101623391024180819e+03 1.881998497226806876e+03 1.675218620405795036e+03 1.482060330561413139e+03 1.302884678363497414e+03 1.137632694202395669e+03 9.859606937266675004e+02 8.472246070445820578e+02 7.206672080414235779e+02 6.053327491936696561e+02 5.003442401008256866e+02 4.049597211934294023e+02 3.183379644137483524e+02 2.398831908497399183e+02 1.691122748464013341e+02 1.056866656661959780e+02 4.935907349772053720e+01 0.000000000000000000e+00
1.123213105995571939e+06 4.161774385615684150e+04 2.156405842072413361e+04 1.475491224550572224e+04 1.134752216367876099e+04 9.312808127572712692e+03 7.964811377489404549e+03 7.006261818936573945e+03 6.286832381440543031e+03 5.721913118782406855e+03 5.259999854480286558e+03 4.868006047165304153e+03 4.523803823669320082e+03 4.212260752737475741e+03 3.922989546312384391e+03 3.649082669956007976e+03 3.386058428367380202e+03 3.131300294184392442e+03 2.883549069958934069e+03 2.642569801395615286e+03 2.408862873094418774e+03 2.183475746119885116e+03 1.967574952476436465e+03 1.762399183043233052e+03 1.568982838275279846e+03 1.388124330574602027e+03 1.220226773945070363e+03 1.065290888061307896e+03 9.230394621288494363e+02 7.929041436942433165e+02 6.742005719152803067e+02 5.660514642070766058e+02 4.676458276981101108e+02 3.782914011750762597e+02 2.972037510166087486e+02 2.238218755935480431e+02 1.576891332995157029e+02 9.848179410601983363e+01 4.596165825483093670e+01 0.000000000000000000e+00
1.050397099342531292e+06 3.888882507992937462e+04 2.012838005324708138e+04 1.375896649986582088e+04 1.057234532946295622e+04 8.670248516851534077e+03 7.410961262394143887e+03 6.516398334130488365e+03 5.845934967448577481e+03 5.320411933405955097e+03 4.891620167116678203e+03 4.528553134914376642e+03 4.210429979264614303e+03 3.922989546312384391e+03 3.656390577816032874e+03 3.404034427262083227e+03 3.161595596559823207e+03 2.926508983869447547e+03 2.697507467090284990e+03 2.474316967908095648e+03 2.257389855599838029e+03 2.047725201143597360e+03 1.846465470332323775e+03 1.654837393929723703e+03 1.473887230068390636e+03 1.304440304224550800e+03 1.146946644288109155e+03 1.001470434891454943e+03 8.678036583413030485e+02 7.454551480451320913e+02 6.338141164784715329e+02 5.320819698356323215e+02 4.395135141986277176e+02 3.554653873664745447e+02 2.792105053130518968e+02 2.102228988373202583e+02 1.480734660665435740e+02 9.245447275011365207e+01 4.313864067665194568e+01 0.000000000000000000e+00
9.826079531335594365e+05 3.634880770138020307e+04 1.878980773567920551e+04 1.282867856121931618e+04 9.846885119096796188e+03 8.067729759604578248e+03 6.890624991620875335e+03 6.055328349978220103e+03 5.430246327404279327e+03 4.941299358730306267e+03 4.543352949073527270e+03 4.207341011250340671e+03 3.913736329959761406e+03 3.649082669956007976e+03 3.404034427262083227e+03 3.172260974964985053e+03 2.949558990353615172e+03 2.733385962323516651e+03 2.522442895171050623e+03 2.316397370390383912e+03 2.115639047484073672e+03 1.921108001467640406e+03 1.733915805463451534e+03 1.555273063866124403e+03 1.386235614565256583e+03 1.227654689715164977e+03 1.080026768960120080e+03 9.434791069545532309e+02 8.178725914135164885e+02 7.027928284483228936e+02 5.977023107440933245e+02 5.018810514413949591e+02 4.146496461319281366e+02 3.354135337807361452e+02 2.635039502996787633e+02 1.984309096743580767e+02 1.397944017490708859e+02 8.730437291374202857e+01 4.074658127119130313e+01 0.000000000000000000e+00
9.181663394678146578e+05 3.393687583655519120e+04 1.751834414773714525e+04 1.194453869462136026e+04 9.156880956962808341e+03 7.494112771987966880e+03 6.394705871415239017e+03 5.615370265383898186e+03 5.033099368269896331e+03 4.578648944869264596e+03 4.209815799978375253e+03 3.899386084242616107e+03 3.629029871577322410e+03 3.386058428367380202e+03 3.161595596559823207e+03 2.949558990353615172e+03 2.745851551741043750e+03 2.547939565087787287e+03 2.354479697028833925e+03 2.165069670970894094e+03 1.980025614780175829e+03 1.800218464393812155e+03 1.626719627203142409e+03 1.460715282915556145e+03 1.303263479272033464e+03 1.155235152601841037e+03 1.017168042328341699e+03 8.892481816718986920e+02 7.714021036933296500e+02 6.632896931488104428e+02 5.644451043312925549e+02 4.742260860212591638e+02 3.920187266884339010e+02 3.172774385815098981e+02 2.493926630513723808e+02 1.879116609959968116e+02 1.324652367418439098e+02 8.278296026690611598e+01 3.866582361204200424e+01 0.000000000000000000e+00
8.559191303967826534e+05 3.161140993728571266e+04 1.629376303426681625e+04 1.109361561027954122e+04 8.493060909310092029e+03 6.942305708564769702e+03 5.917538945214032537e+03 5.191844879780273914e+03 4.650515470909798751e+03 4.228984188975729012e+03 3.887888522378614198e+03 3.601813852831573058e+03 3.353597028696015968e+03 3.131300294184392442e+03 2.926508983869447547e+03 2.733385962323516651e+03 2.547939565087787287e+03 2.367644100402898403e+03 2.191109800012292908e+03 2.017860370606490505e+03 1.848131778171861924e+03 1.682716989915438262e+03 1.522636660034900387e+03 1.369041387785208144e+03 1.222980197326721054e+03 1.085333412189340606e+03 9.566709270538844976e+02 8.372298887864535573e+02 7.269965147331782873e+02 6.257004235953151010e+02 5.329443626078971192e+02 4.481618675508007641e+02 3.708036111826833121e+02 3.003730843881421606e+02 2.363203597818797732e+02 1.782311996380091159e+02 1.257688372165494002e+02 7.868443215055422968e+01 3.679630043248511129e+01 0.000000000000000000e+00
7.951413176141369622e+05 2.934625600528229916e+04 1.510356472477304851e+04 1.026808252830580750e+04 7.849952891329923659e+03 6.408246111143072085e+03 5.455987968614153942e+03 4.782256447763852520e+03 4.280451865472295140e+03 3.890581890581054267e+03 3.576066658255405400e+03 3.313259638719542636e+03 3.086150295650709722e+03 2.883549069958934069e+03 2.697507467090284990e+03 2.522442895171050623e+03 2.354479697028833925e+03 2.191109800012292908e+03 2.030903500716957296e+03 1.873312779000081946e+03 1.718490893106818021e+03 1.567145904155396011e+03 1.420236877348894268e+03 1.278866147325639304e+03 1.144060020787750091e+03 1.016695091433207040e+03 8.973614896483823031e+02 7.863372591908228060e+02 6.836601955001423221e+02 5.891233605409864822e+02 5.023936901764455456e+02 4.229774302094143081e+02 3.503881750336693131e+02 2.841783075642975405e+02 2.238572844417094814e+02 1.690503733491106289e+02 1.194545341949465183e+02 7.484430617890984649e+01 3.505715355489036256e+01 0.000000000000000000e+00
7.354696958937566960e+05 2.712821563821158270e+04 1.394161359006999373e+04 9.464242732386777789e+03 7.225103891977130843e+03 5.890235846375030633e+03 5.008857599980931809e+03 4.385760905618501965e+03 3.922313502808193334e+03 3.563020321339780821e+03 3.274041712131991972e+03 3.033478564912250476e+03 2.826466883324265837e+03 2.642569801395615286e+03 2.474316967908095648e+03 2.316397370390383912e+03 2.165069670970894094e+03 2.017860370606490505e+03 1.873312779000081946e+03 1.730814628813010586e+03 1.590437626871489101e+03 1.452800269517959350e+03 1.318789940989422121e+03 1.189447825820865319e+03 1.065762834572685506e+03 9.485933403542761653e+02 8.385362190516235614e+02 7.358986284094656867e+02 6.407604079972986710e+02 5.529704909884031849e+02 4.722545186908553205e+02 3.981873345405643363e+02 3.303430085385991219e+02 2.683221823135642694e+02 2.116926640612479673e+02 1.601197917724842910e+02 1.133350701265003266e+02 7.113785643549924487e+01 3.338618522016179213e+01 0.000000000000000000e+00
6.768398260442547034e+05 2.495469316517254629e+04 1.280688566723760960e+04 8.681649277655036713e+03 6.618384994500620451e+03 5.388356340188925969e+03 4.576381587245570699e+03 4.002706236432201422e+03 3.576533240066662984e+03 3.246791670703235923e+03 2.982341249354426054e+03 2.763010580671500975e+03 2.575077158918224541e+03 2.408862873094418774e+03 2.257389855599838029e+03 2.115639047484073672e+03 1.980025614780175829e+03 1.848131778171861924e+03 1.718490893106818021e+03 1.590437626871489101e+03 1.463966402857786761e+03 1.339603982234523528e+03 1.218157602875659450e+03 1.100595472557462017e+03 9.878549039298911794e+02 8.807616319826395284e+02 7.799055184444495126e+02 6.856105543716404327e+02 5.979884725322693839e+02 5.169357925475766251e+02 4.422306561016780506e+02 3.735115586715462541e+02 3.104098780948633589e+02 2.525733441552122258e+02 1.996262734214521402e+02 1.512740640659317251e+02 1.072829880399171003e+02 6.747816372680644292e+01 3.173910648832575276e+01 0.000000000000000000e+00
6.194301496604916174e+05 2.283167647045505510e+04 1.170245543306924992e+04 7.922432091540227702e+03 6.031487445844887588e+03 4.904064147231622883e+03 4.159882785634525135e+03 3.634336792894613609e+03 3.244307877185143298e+03 2.943061484463552461e+03 2.702106076228548773e+03 2.502971489144780207e+03 2.333066880937766200e+03 2.183475746119885116e+03 2.047725201143597360e+03 1.921108001467640406e+03 1.800218464393812155e+03 1.682716989915438262e+03 1.567145904155396011e+03 1.452800269517959350e+03 1.339603982234523528e+03 1.227992483719576967e+03 1.118686747316419542e+03 1.012572309974467544e+03 9.105224365551530354e+02 8.133171575855084257e+02 7.215264571076246511e+02 6.354793524628991008e+02 5.553094513166298611e+02 4.809524028027231566e+02 4.122322749415797034e+02 3.488456565381948167e+02 2.904774329494719041e+02 2.368206583775507568e+02 1.875535149554267207e+02 1.424207760231060718e+02 1.012230232208246292e+02 6.381146774895692886e+01 3.008741923240364358e+01 0.000000000000000000e+00
5.635498547834506026e+05 2.076968149834951328e+04 1.063342364452950824e+04 7.189894712915369382e+03 5.466850432537227789e+03 4.439313235607436582e+03 3.761021537131539844e+03 3.282128959904934163e+03 2.926997349666111859e+03 2.653116203788908479e+03 2.434576250298032392e+03 2.254571041900450382e+03 2.101623391024180819e+03 1.967574952476436465e+03 1.846465470332323775e+03 1.733915805463451534e+03 1.626719627203142409e+03 1.522636660034900387e+03 1.420236877348894268e+03 1.318789940989422121e+03 1.218157602875659450e+03 1.118686747316419542e+03 1.021008670753399883e+03 9.259193817446739558e+02 8.342183439647362775e+02 7.466291724739950268e+02 6.636909788869159001e+02 5.857273353269554264e+02 5.128845471648554621e+02 4.451293272818847981e+02 3.823251424840199775e+02 3.242208320080852673e+02 2.705505591321887664e+02 2.210504004925831225e+02 1.754491059494569640e+02 1.335294765587835570e+02 9.512528570632488822e+01 6.011353249824347955e+01 2.841703214142172129e+01 0.000000000000000000e+00
5.095868033185073291e+05 1.878197513601824176e+04 9.606137981897003556e+03 6.488073789585793747e+03 4.927388616972537420e+03 3.996380341201007923e+03 3.381682398116552122e+03 2.947717262631203994e+03 2.626075417558895424e+03 2.378327644939821766e+03 2.181061053579257532e+03 2.019081894652592609e+03 1.881998497226806876e+03 1.762399183043233052e+03 1.654837393929723703e+03 1.555273063866124403e+03 1.460715282915556145e+03 1.369041387785208144e+03 1.278866147325639304e+03 1.189447825820865319e+03 1.100595472557462017e+03 1.012572309974467544e+03 9.259193817446739558e+02 8.413394827303877719e+02 7.595517016035664710e+02 6.812154111804375134e+02 6.068302478292420119e+02 5.367056729586668098e+02 4.709927463296046994e+02 4.096818869747457939e+02 3.526697180980470421e+02 2.997513965596178309e+02 2.507058295601279383e+02 2.053093164065876408e+02 1.633373172231867727e+02 1.246086700883078464e+02 8.898858563323180704e+01 5.637890671795274500e+01 2.672307252879469885e+01 0.000000000000000000e+00
4.579202377062467276e+05 1.688145078857247063e+04 8.626638200441289882e+03 5.820714796585121803e+03 4.415730953303909700e+03 3.577258460787669719e+03 3.023467602790000456e+03 2.632456345821674404e+03 2.342740461628822231e+03 2.119799553070153706e+03 1.942612339690195540e+03 1.797533506324169821e+03 1.675218620405795036e+03 1.568982838275279846e+03 1.473887230068390636e+03 1.386235614565256583e+03 1.303263479272033464e+03 1.222980197326721054e+03 1.144060020787750091e+03 1.065762834572685506e+03 9.878549039298911794e+02 9.105224365551530354e+02 8.342183439647362775e+02 7.595517016035664710e+02 6.871579712623921523e+02 6.176275541770834252e+02 5.514146616723236320e+02 4.888080610508668542e+02 4.299571199896789153e+02 3.748695629762653994e+02 3.234694294157258128e+02 2.755923856700475199e+02 2.310574117883279541e+02 1.896778358976872880e+02 1.512715706614623912e+02 1.156909473977671610e+02 8.283031193204912768e+01 5.261482822032201057e+01 2.500714854892464700e+01 0.000000000000000000e+00
4.088845653919371543e+05 1.507941314104824778e+04 7.700129117460784983e+03 5.190977877648315371e+03 3.934041360337011156e+03 3.183543865693608495e+03 2.687625283432443666e+03 2.337375271686611995e+03 2.077885716372709339e+03 1.878346412069109647e+03 1.720006295903131786e+03 1.590692471790248874e+03 1.482060330561413139e+03 1.388124330574602027e+03 1.304440304224550800e+03 1.227654689715164977e+03 1.155235152601841037e+03 1.085333412189340606e+03 1.016695091433207040e+03 9.485933403542761653e+02 8.807616319826395284e+02 8.133171575855084257e+02 7.466291724739950268e+02 6.812154111804375134e+02 6.176275541770834252e+02 5.563852418560537672e+02 4.978938790733138262e+02 4.424170178942715665e+02 3.900974124280448336e+02 3.409547197144100892e+02 2.949352517816676595e+02 2.519096292531643826e+02 2.117322206727986327e+02 1.742499040184543730e+02 1.393185285675110947e+02 1.068209361699329065e+02 7.667787027531448985e+01 4.883581198496548836e+01 2.327478015011154611e+01 0.000000000000000000e+00
3.627137159338621423e+05 1.338358617168025921e+04 6.830001035764185872e+03 4.600801315749919013e+03 3.483552751946080662e+03 2.816070624561487875e+03 2.374748971421996430e+03 2.062921409417728228e+03 1.831874480413576748e+03 1.654291142677678408e+03 1.513557405071676385e+03 1.398888272741499577e+03 1.302884678363497414e+03 1.220226773945070363e+03 1.146946644288109155e+03 1.080026768960120080e+03 1.017168042328341699e+03 9.566709270538844976e+02 8.973614896483823031e+02 8.385362190516235614e+02 7.799055184444495126e+02 7.215264571076246511e+02 6.636909788869159001e+02 6.068302478292420119e+02 5.514146616723236320e+02 4.978938790733138262e+02 4.466234133785045515e+02 3.978389736639472289e+02 3.516732230237576573e+02 3.081534059814563307e+02 2.672436148892010124e+02 2.288442359982078926e+02 1.928404557334800700e+02 1.591090680915871758e+02 1.275392432974134209e+02 9.804105279193913702e+01 7.055859937397505632e+01 4.505731739437372596e+01 2.153242212917617593e+01 0.000000000000000000e+00
3.195262236350959283e+05 1.179760445137643728e+04 6.017607155647134277e+03 4.050776422409788665e+03 3.064490551606850659e+03 2.474862696695773138e+03 2.084747886673805624e+03 1.808942659030302821e+03 1.604530046548530436e+03 1.447459625932276140e+03 1.323115126393354558e+03 1.222010155167526591e+03 1.137632694202395669e+03 1.065290888061307896e+03 1.001470434891454943e+03 9.434791069545532309e+02 8.892481816718986920e+02 8.372298887864535573e+02 7.863372591908228060e+02 7.358986284094656867e+02 6.856105543716404327e+02 6.354793524628991008e+02 5.857273353269554264e+02 5.367056729586668098e+02 4.888080610508668542e+02 4.424170178942715665e+02 3.978389736639472289e+02 3.552807753061955509e+02 3.148627850102326420e+02 2.766164423855974519e+02 2.405197787969883336e+02 2.064981954601661300e+02 1.744633419743089746e+02 1.443182662465685837e+02 1.159808869743405353e+02 8.938506993190134153e+01 6.449507602564000308e+01 4.129269966086814492e+01 1.978597754361438987e+01 0.000000000000000000e+00
2.793503029620578745e+05 1.032195355832569476e+04 5.262773543242275082e+03 3.540512217740045344e+03 2.676365047865698671e+03 2.159383175403290352e+03 1.817067434163000826e+03 1.574887080385934041e+03 1.395319025845390343e+03 1.257350395234287362e+03 1.148221473063781104e+03 1.059653391627729206e+03 9.859606937266675004e+02 9.230394621288494363e+02 8.678036583413030485e+02 8.178725914135164885e+02 7.714021036933296500e+02 7.269965147331782873e+02 6.836601955001423221e+02 6.407604079972986710e+02 5.979884725322693839e+02 5.553094513166298611e+02 5.128845471648554621e+02 4.709927463296046994e+02 4.299571199896789153e+02 3.900974124280448336e+02 3.516732230237576573e+02 3.148627850102326420e+02 2.797729829686696803e+02 2.464368760117404236e+02 2.148431876921688684e+02 1.849380336567760423e+02 1.566554412334027973e+02 1.299211138974473840e+02 1.046772862101477131e+02 8.087814373999368911e+01 5.850485248950659667e+01 3.755285659385102548e+01 1.804053589487507381e+01 0.000000000000000000e+00
2.421213510645535425e+05 8.953858499469501112e+03 4.563731319150791933e+03 3.068583166635930411e+03 2.317927553615476882e+03 1.868496089402760163e+03 1.570655334634239352e+03 1.359772667831513900e+03 1.203324385087782503e+03 1.083110709676289389e+03 9.880899681705918738e+02 9.111009910829076262e+02 8.472246070445820578e+02 7.929041436942433165e+02 7.454551480451320913e+02 7.027928284483228936e+02 6.632896931488104428e+02 6.257004235953151010e+02 5.891233605409864822e+02 5.529704909884031849e+02 5.169357925475766251e+02 4.809524028027231566e+02 4.451293272818847981e+02 4.096818869747457939e+02 3.748695629762653994e+02 3.409547197144100892e+02 3.081534059814563307e+02 2.766164423855974519e+02 2.464368760117404236e+02 2.176475038760164011e+02 1.902450401895361267e+02 1.641924805751324925e+02 1.394424679401465710e+02 1.159399164270574545e+02 9.364717827455353927e+01 7.253535539583970149e+01 5.259932068037851138e+01 3.384544702841973418e+01 1.629997197645253237e+01 0.000000000000000000e+00
2.077260058084095654e+05 7.688894358025925612e+03 3.917950770781639221e+03 2.633100966057083497e+03 1.987611901575330876e+03 1.600830851952815692e+03 1.344275610900205265e+03 1.162465870568515356e+03 1.027497609962473916e+03 9.237681291971471182e+02 8.418203474753349838e+02 7.755239166912718929e+02 7.206672080414235779e+02 6.742005719152803067e+02 6.338141164784715329e+02 5.977023107440933245e+02 5.644451043312925549e+02 5.329443626078971192e+02 5.023936901764455456e+02 4.722545186908553205e+02 4.422306561016780506e+02 4.122322749415797034e+02 3.823251424840199775e+02 3.526697180980470421e+02 3.234694294157258128e+02 2.949352517816676595e+02 2.672436148892010124e+02 2.405197787969883336e+02 2.148431876921688684e+02 1.902450401895361267e+02 1.667278003491021252e+02 1.442679413247545597e+02 1.228332885461430379e+02 1.023847218626783473e+02 8.290078920523119166e+01 6.436624566012493176e+01 4.678659624051795873e+01 3.017648640742566002e+01 1.456758726667124115e+01 0.000000000000000000e+00
1.759922029828092491e+05 6.520590350624092935e+03 3.321902387335857838e+03 2.231528366962131713e+03 1.683374684076992935e+03 1.354638594726475276e+03 1.136376180427999088e+03 9.815580432298413598e+02 8.665428833161276998e+02 7.781220252851348960e+02 7.082974510078073536e+02 6.518876513835581363e+02 6.053327491936696561e+02 5.660514642070766058e+02 5.320819698356323215e+02 5.018810514413949591e+02 4.742260860212591638e+02 4.481618675508007641e+02 4.229774302094143081e+02 3.981873345405643363e+02 3.735115586715462541e+02 3.488456565381948167e+02 3.242208320080852673e+02 2.997513965596178309e+02 2.755923856700475199e+02 2.519096292531643826e+02 2.288442359982078926e+02 2.064981954601661300e+02 1.849380336567760423e+02 1.641924805751324925e+02 1.442679413247545597e+02 1.251514156115306378e+02 1.068228505634652095e+02 8.925611318411647233e+01 7.244237640679764922e+01 5.637700876157526153e+01 4.107327805747372196e+01 2.655159219265355119e+01 1.284676802722574607e+01 0.000000000000000000e+00
1.467475042670710245e+05 5.442556142393918890e+03 2.772171259095657206e+03 1.861453237987988359e+03 1.403301274418709227e+03 1.128299497810976163e+03 9.455319540123603019e+02 8.157635510935076582e+02 7.192816495438171387e+02 6.450816027538420485e+02 5.865069378580019475e+02 5.392480572816748463e+02 5.003442401008256866e+02 4.676458276981101108e+02 4.395135141986277176e+02 4.146496461319281366e+02 3.920187266884339010e+02 3.708036111826833121e+02 3.503881750336693131e+02 3.303430085385991219e+02 3.104098780948633589e+02 2.904774329494719041e+02 2.705505591321887664e+02 2.507058295601279383e+02 2.310574117883279541e+02 2.117322206727986327e+02 1.928404557334800700e+02 1.744633419743089746e+02 1.566554412334027973e+02 1.394424679401465710e+02 1.228332885461430379e+02 1.068228505634652095e+02 9.140048935836921373e+01 7.655033959778107544e+01 6.227295674178608209e+01 4.857151761192952222e+01 3.546440234462175312e+01 2.297544279824183988e+01 1.114047318897885042e+01 0.000000000000000000e+00
1.198282661196919507e+05 4.448823113305579682e+03 2.265643027780650755e+03 1.520722497865151354e+03 1.145714208013190500e+03 9.204162430328560731e+02 7.705285965140540156e+02 6.639967029896353097e+02 5.847243531425694982e+02 5.237333575238633330e+02 4.755989191680420731e+02 4.368113437877013325e+02 4.049597211934294023e+02 3.782914011750762597e+02 3.554653873664745447e+02 3.354135337807361452e+02 3.172774385815098981e+02 3.003730843881421606e+02 2.841783075642975405e+02 2.683221823135642694e+02 2.525733441552122258e+02 2.368206583775507568e+02 2.210504004925831225e+02 2.053093164065876408e+02 1.896778358976872880e+02 1.742499040184543730e+02 1.591090680915871758e+02 1.443182662465685837e+02 1.299211138974473840e+02 1.159399164270574545e+02 1.023847218626783473e+02 8.925611318411647233e+01 7.655033959778107544e+01 6.425932139061116288e+01 5.239003746685388307e+01 4.095090140195772221e+01 2.996297647586899870e+01 1.945137089227758054e+01 9.450984131055594872e+00 0.000000000000000000e+00
9.506562402356647362e+04 3.533235149743765305e+03 1.799068640895544377e+03 1.207062879685107191e+03 9.088208984545636895e+02 7.294779778920952822e+02 6.100385037549348226e+02 5.250585596321169533e+02 4.617686346873296088e+02 4.130523203547469393e+02 3.746146207793304370e+02 3.436788697195130453e+02 3.183379644137483524e+02 2.972037510166087486e+02 2.792105053130518968e+02 2.635039502996787633e+02 2.493926630513723808e+02 2.363203597818797732e+02 2.238572844417094814e+02 2.116926640612479673e+02 1.996262734214521402e+02 1.875535149554267207e+02 1.754491059494569640e+02 1.633373172231867727e+02 1.512715706614623912e+02 1.393185285675110947e+02 1.275392432974134209e+02 1.159808869743405353e+02 1.046772862101477131e+02 9.364717827455353927e+01 8.290078920523119166e+01 7.244237640679764922e+01 6.227295674178608209e+01 5.239003746685388307e+01 4.280442069576544384e+01 3.352746558166693092e+01 2.458075888563345046e+01 1.598876492552918371e+01 7.783710912271992299e+00 0.000000000000000000e+00
7.232800751797818521e+04 2.691080277485502847e+03 1.370017076886352015e+03 9.188075242823543931e+02 6.913292589525433414e+02 5.544104933626044840e+02 4.631272527487331558e+02 3.981107854501427141e+02 3.496461464288124148e+02 3.123241166409762286e+02 2.828839057745606169e+02 2.592191051204701466e+02 2.398831908497399183e+02 2.238218755935480431e+02 2.102228988373202583e+02 1.984309096743580767e+02 1.879116609959968116e+02 1.782311996380091159e+02 1.690503733491106289e+02 1.601197917724842910e+02 1.512740640659317251e+02 1.424207760231060718e+02 1.335294765587835570e+02 1.246086700883078464e+02 1.156909473977671610e+02 1.068209361699329065e+02 9.804105279193913702e+01 8.938506993190134153e+01 8.087814373999368911e+01 7.253535539583970149e+01 6.436624566012493176e+01 5.637700876157526153e+01 4.857151761192952222e+01 4.095090140195772221e+01 3.352746558166693092e+01 2.631347245063388485e+01 1.932911527042639577e+01 1.259651423807618187e+01 6.143694149535250837e+00 0.000000000000000000e+00
5.151387280624920822e+04 1.918765351993217337e+03 9.766354433386788969e+02 6.546834781704953912e+02 4.922484524704826754e+02 3.943851354283825685e+02 3.290687972775744470e+02 2.824967845321504569e+02 2.477501678482903458e+02 2.209801649932401233e+02 1.998695192172724830e+02 1.829225479006855721e+02 1.691122748464013341e+02 1.576891332995157029e+02 1.480734660665435740e+02 1.397944017490708859e+02 1.324652367418439098e+02 1.257688372165494002e+02 1.194545341949465183e+02 1.133350701265003266e+02 1.072829880399171003e+02 1.012230232208246292e+02 9.512528570632488822e+01 8.898858563323180704e+01 8.283031193204912768e+01 7.667787027531448985e+01 7.055859937397505632e+01 6.449507602564000308e+01 5.850485248950659667e+01 5.259932068037851138e+01 4.678659624051795873e+01 4.107327805747372196e+01 3.546440234462175312e+01 2.996297647586899870e+01 2.458075888563345046e+01 1.932911527042639577e+01 1.422516896106911410e+01 9.287216738411759209e+00 4.537761848606873372e+00 0.000000000000000000e+00
3.254899164175080296e+04 1.213727915084896949e+03 6.176291207706681234e+02 4.138162067367537702e+02 3.109062179094702287e+02 2.488440488458761024e+02 2.073759181778235074e+02 1.777755271319930159e+02 1.556713710933769619e+02 1.386341294114592699e+02 1.252030718069415229e+02 1.144361655620470088e+02 1.056866656661959780e+02 9.848179410601983363e+01 9.245447275011365207e+01 8.730437291374202857e+01 8.278296026690611598e+01 7.868443215055422968e+01 7.484430617890984649e+01 7.113785643549924487e+01 6.747816372680644292e+01 6.381146774895692886e+01 6.011353249824347955e+01 5.637890671795274500e+01 5.261482822032201057e+01 4.883581198496548836e+01 4.505731739437372596e+01 4.129269966086814492e+01 3.755285659385102548e+01 3.384544702841973418e+01 3.017648640742566002e+01 2.655159219265355119e+01 2.297544279824183988e+01 1.945137089227758054e+01 1.598876492552918371e+01 1.259651423807618187e+01 9.287216738411759209e+00 6.074076740111937767e+00 2.972958483127613238e+00 0.000000000000000000e+00
1.538534809969724301e+04 5.743654194253138030e+02 2.921907235150608813e+02 1.956578500095191657e+02 1.468766611651143421e+02 1.174278919479906307e+02 9.772837010561680415e+01 8.365075261388192018e+01 7.312881157346204475e+01 6.501551908480635689e+01 5.862213125580377238e+01 5.350486626939539292e+01 4.935907349772053720e+01 4.596165825483093670e+01 4.313864067665194568e+01 4.074658127119130313e+01 3.866582361204200424e+01 3.679630043248511129e+01 3.505715355489036256e+01 3.338618522016179213e+01 3.173910648832575276e+01 3.008741923240364358e+01 2.841703214142172129e+01 2.672307252879469885e+01 2.500714854892464700e+01 2.327478015011154611e+01 2.153242212917617593e+01 1.978597754361438987e+01 1.804053589487507381e+01 1.629997197645253237e+01 1.456758726667124115e+01 1.284676802722574607e+01 1.114047318897885042e+01 9.450984131055594872e+00 7.783710912271992299e+00 6.143694149535250837e+00 4.537761848606873372e+00 2.972958483127613238e+00 1.457587633315803988e+00 0.000000000000000000e+00
0.000000000000000000e+00 0.000000000000000000e+00 0.000000000000000000e+00 0.000000000000000000e+00 0.000000000000000000e+00 0.000000000000000000e+00 0.000000000000000000e+00 0.000000000000000000e+00 0.000000000000000000e+00 0.000000000000000000e+00 0.000000000000000000e+00 0.000000000000000000e+00 0.000000000000000000e+00 0.000000000000000000e+00 0.000000000000000000e+00 0.000000000000000000e+00 0.000000000000000000e+00 0.000000000000000000e+00 0.000000000000000000e+00 0.000000000000000000e+00 0.000000000000000000e+00 0.000000000000000000e+00 0.000000000000000000e+00 0.000000000000000000e+00 0.000000000000000000e+00 0.000000000000000000e+00 0.000000000000000000e+00 0.000000000000000000e+00 0.000000000000000000e+00 0.000000000000000000e+00 0.000000000000000000e+00 0.000000000000000000e+00 0.000000000000000000e+00 0.000000000000000000e+00 0.000000000000000000e+00 0.000000000000000000e+00 0.000000000000000000e+00 0.000000000000000000e+00 0.000000000000000000e+00 0.000000000000000000e+00
