8.942760327856727129e-03 8.309407529225145903e-03 8.970876170719311107e-03 -1.895242142954138489e-04 -2.911672105137473295e-04 7.025055169215623820e-04 -8.399386658357615879e-05 1.065393203004671568e-04 3.695855180834524932e-03 6.898565603594502237e-04 -2.326895702405775844e-04 -9.345864553134257749e-03 -3.727445114857284945e-04 2.071591844341071466e-05 -8.472624862127991823e-04 3.711430896686538326e-03 4.290490155585945098e-02 -8.223830128083845295e-03 -4.038301466345768642e-03 2.665743622262186849e-02 -2.835419552165662632e-03 -1.219088929400468594e-03 -4.117493721632332730e-03 8.894427478078029039e-05 -1.690827802926713180e-03 -1.542640210411171412e-03 1.151481172794079815e-03 -4.190742011338406139e-04 1.323468936597663962e-04 -4.416823366262406531e-04 -7.363426369220824226e-04 6.220982183084137649e-05 -4.867130126227387919e-04 -1.516789927278171940e-03 -1.458484478062788310e-02 -7.334490128418216966e-03 -5.282131365059364488e-03 2.906847637499434915e-03 -5.833612066487834508e-03 -1.091199838362869740e-03
8.309407529225145903e-03 1.626137389061133864e-01 -3.123790267835371056e-03 -2.742020296015603917e-03 1.563487406374486051e-03 2.421981611140618280e-03 -6.817458017841527282e-04 1.413145737715965555e-03 2.755169329390586713e-05 2.008851018021307402e-03 -3.444420952751188285e-04 -2.964822787435522633e-02 -2.872967989290127824e-02 -2.016744127744961312e-02 -1.290339202584578349e-02 -2.776048274648701755e-02 -6.928699078584787951e-02 -8.411317040189573643e-03 1.412210665684800366e-02 -6.388447317270770642e-02 1.308812779923194947e-03 -1.205180169803327442e-02 -2.713170630592538421e-02 1.038011848613358892e-02 -4.778592980641515817e-03 -7.522189972285557276e-04 -4.541692078846770210e-03 2.376047918089881084e-03 -3.342484852749008726e-03 -3.028005180151726282e-03 -2.636804486440184545e-03 1.019599435778648566e-03 -1.798611839626588181e-03 -1.950468191736765477e-03 -2.270538436504452792e-02 -1.140049482767034779e-02 -3.687134424051721152e-03 -9.170447545874491633e-04 5.688848431119244292e-03 -1.071522863497491318e-02
8.970876170719311107e-03 -3.123790267835371056e-03 4.299511733947734449e+00 2.536397446115398226e-03 1.400954286139394038e-02 1.648911573372883327e-02 5.957471796144985648e-03 1.082739873438653098e-02 1.858065701325322880e-02 2.660255772960630483e-02 -6.690067025553460278e-02 -5.198451175714115940e-02 -4.280797457988802512e-02 -3.131369493736432114e-02 -3.985685903167240918e-02 -3.354501215003811987e-02 -1.512051995738024901e-01 -2.348909420261115211e-01 3.326993531697891582e-01 -1.168032666411805837e-01 3.870680665478831717e-02 1.529562392825355339e-02 2.585955821689260928e-02 1.897246281933099785e-02 1.551363044544139952e-02 1.785288521246597079e-02 1.323907556269746794e-02 7.203076733259760299e-03 1.793954313192479624e-02 1.843095862620214992e-02 1.917082109725653030e-02 2.737916523865739638e-02 2.290011932039275749e-02 2.880147408630910968e-02 7.453831399295991755e-02 5.977187153495119865e-02 3.765846354965432519e-02 5.065437492469180430e-02 7.223253629080403360e-02 6.307999335277396369e-02
-1.895242142954138489e-04 -2.742020296015603917e-03 2.536397446115398226e-03 7.448604554434304914e-01 3.123171830100134050e-02 1.246169222464685311e-02 2.903855527815089269e-04 3.648983996620201471e-03 -7.732540283930076919e-03 -2.732899867691898979e-02 5.852194931286934521e-03 5.208047853318827913e-01 7.174116827053890998e-03 1.126783545032347504e-03 1.769686179839701501e-01 -1.689673951598416601e-01 -1.019427293475396595e-01 -2.705651955918781174e-02 -6.194097158686002746e-01 -6.164065792290855939e-01 1.399189722714633266e-02 -7.246152731513819632e-03 5.784030369313638599e-03 1.111045122885829725e-02 -6.014198728552764238e-03 1.865096218220885921e-03 -3.746521109465523504e-03 -5.588224582255065485e-03 -8.191632087141760728e-04 -2.057720028460227960e-03 -3.665166085310929845e-03 4.618514605221790865e-03 -6.135721457686143555e-03 -2.284761748552002238e-03 7.019618648095336810e-02 3.528939272464274440e-02 -1.111961045180910948e-02 -4.476898306300357462e-03 1.072770589304404033e-02 -2.344539139986879725e-02
-2.911672105137473295e-04 1.563487406374486051e-03 1.400954286139394038e-02 3.123171830100134050e-02 2.370546966076641837e+00 -8.986164407098243614e-03 -2.534057777401920938e-02 -1.328355777336412066e-02 -2.308149906823272340e-02 -5.382810583044688596e-02 7.873819506317249195e-03 1.513538351078314720e-02 -1.861411586040422755e-02 -7.234831172598313320e-02 2.456197347200897441e-02 8.351576991441587994e-02 -4.138316769545264534e-02 9.751549576022869315e-02 -2.494308888095715659e-01 3.365726466531646643e-01 -1.040409400293833136e-01 -6.812110943585092393e-02 -5.519399793167936025e-02 -7.338762389804150132e-02 -3.306776348080264077e-02 -2.962357409887018261e-02 -3.536877695499882068e-02 -3.181731731875019065e-02 -2.487875915122140721e-02 -2.346062968223276701e-02 -2.153323272702430818e-02 -8.193386796061255528e-03 -1.647287599774799674e-02 -1.594233093716733440e-02 -8.100665921937390268e-02 -4.249282968654018861e-02 -1.167935829972690034e-02 -2.990117273488434625e-03 2.230990499292657275e-02 -3.959524519220417038e-02
7.025055169215623820e-04 2.421981611140618280e-03 1.648911573372883327e-02 1.246169222464685311e-02 -8.986164407098243614e-03 6.667878553698202149e-01 -3.810247185140808179e-02 -1.003883940507025764e-02 -1.219397376122553561e-03 -1.191518507654819176e-01 1.756768167117123483e-02 -3.984764336748732871e-01 -8.880885926372590611e-02 -6.539110150937939292e-02 -5.354735785790561836e-02 -4.744510675256703724e-02 -1.207956920526265104e-01 7.821456941363087723e-02 2.285276871803972477e-03 3.163389800171397814e-01 -2.347409616054854306e-02 -5.470374294740765198e-02 -2.908546970304154780e-02 -1.501111871793060250e-02 -4.048746124940819785e-02 -2.422847455962042276e-02 -3.058344473279961048e-02 -2.773691379530421330e-02 -2.395609981999703014e-02 -2.479144336129742235e-02 -2.482983372088552049e-02 -1.271796231245424756e-02 -2.405895408079270978e-02 -2.320837604881686653e-02 -4.842827361293711858e-02 -3.091362753142815750e-02 -2.331641411779392797e-02 -1.501842539512640226e-02 1.043570182019207433e-02 -5.310227375569666342e-02
-8.399386658357615879e-05 -6.817458017841527282e-04 5.957471796144985648e-03 2.903855527815089269e-04 -2.534057777401920938e-02 -3.810247185140808179e-02 1.094217651404447711e+00 -3.322570074356146624e-03 -1.041132763648068976e-01 1.121251178664163684e+00 4.355329298653940612e-02 -3.614654252371357623e-02 -1.273584879276142522e-02 -2.199443665791325081e-02 -2.993476594056814627e-02 2.480791821013526854e-01 -7.478955617652321974e-02 -3.529220584647552728e-01 -1.258003648511021736e-03 2.195824029149112122e-01 2.417186767213622915e-03 2.172590186521659167e-02 2.150153868204980612e-02 7.721142284664958555e-02 -2.727669240116573079e-01 -1.862050551952348920e-02 -3.232848328082925382e-02 -2.518942669221567454e-02 -2.073773645042951280e-02 -2.100092123624593132e-02 -2.119068262059403684e-02 -1.098891387021687545e-02 -2.387103522865114541e-02 -1.767922848368618655e-02 9.971552187991702954e-02 4.512914740188907203e-02 -2.556966506951180093e-02 -1.817758869179255873e-02 1.322721770881495583e-03 -4.855628463856904303e-02
1.065393203004671568e-04 1.413145737715965555e-03 1.082739873438653098e-02 3.648983996620201471e-03 -1.328355777336412066e-02 -1.003883940507025764e-02 -3.322570074356146624e-03 4.648064427517195063e-01 -9.751924760570155337e-01 5.586274115302197925e-03 3.873502566766550553e-02 5.412860596074526784e-03 4.766776473071924342e-02 -9.538018167817909065e-02 -4.473475670270166127e-02 -3.989593827518576885e-02 -3.093115938935475651e-01 -8.879196406831363353e-02 2.099993292791964977e-02 1.171583744847081443e-01 -1.693434951175326608e-02 -1.540782957491268305e-02 -8.349871871204324336e-02 -1.260475148336794415e+00 2.466678757953308376e-01 2.926212949933543542e-02 5.341332968608492743e-03 4.536454238887751254e-03 1.837807940648999560e-03 -2.397121156811150323e-03 -3.623471926915659749e-03 1.826751527021921919e-03 -8.230802962783894880e-03 -1.426926583340117766e-03 1.312351106143639368e-01 7.152584389644559004e-02 -4.932825684643758410e-03 3.864205045106923735e-03 2.408691187874053424e-02 -2.096175217621761358e-02
3.695855180834524932e-03 2.755169329390586713e-05 1.858065701325322880e-02 -7.732540283930076919e-03 -2.308149906823272340e-02 -1.219397376122553561e-03 -1.041132763648068976e-01 -9.751924760570155337e-01 2.793135825095228597e+01 -1.584805928512749151e-01 -4.320914222158680346e-02 -2.457390272015739230e-01 1.415623736364146068e-01 3.297356598238216918e-01 1.227737260068200026e-01 1.235535379134224399e-01 1.318519426713490317e-01 1.552184168018608257e-01 8.817708491366913481e-01 -3.781076743775835247e-02 -3.114421494797893208e-01 -6.846381862760390902e-02 -1.791069169514065626e-02 -7.640336728258495524e-02 -7.095606546542455352e-03 -1.722346364180855557e-02 -1.795366356511002293e-02 -1.591716609203078572e-02 -2.498192424039410303e-02 -3.594529799122249403e-02 -4.241368280615044617e-02 -5.112463439760108613e-02 -6.574841510423908020e-02 -6.201313253076001786e-02 2.198743225143907076e-01 6.682153487676666115e-02 -1.118984513814464121e-01 -1.242471984579703453e-01 -1.411887899099172339e-01 -2.043217143647384493e-01
6.898565603594502237e-04 2.008851018021307402e-03 2.660255772960630483e-02 -2.732899867691898979e-02 -5.382810583044688596e-02 -1.191518507654819176e-01 1.121251178664163684e+00 5.586274115302197925e-03 -1.584805928512749151e-01 5.361933990183164411e+00 1.249932163241658095e-01 8.182111744267421549e-02 5.186399948105602231e-02 7.272577054248725859e-02 1.201602605619863512e-01 5.998533050444946474e-02 1.036022950598163017e-01 1.210772087424865501e-02 3.705471887968896094e-02 7.893922258849810081e-02 5.870858290508913085e-02 4.020300546769749878e-02 3.655224358233032100e-02 -5.378968570668753169e-03 5.239501552975246723e-02 3.250536729547762876e-02 3.836602554189869063e-02 5.142617478710330425e-02 3.932998442156064589e-02 2.108614193423384228e-02 2.554310130240234136e-02 1.406428546179467297e-02 1.387283675253917110e-02 3.317835456985648163e-02 4.800515049050257943e-01 2.621059686208013217e-01 1.637623877592615795e-02 2.326971208174761011e-02 2.187091817092595702e-02 2.241395303636311773e-02
-2.326895702405775844e-04 -3.444420952751188285e-04 -6.690067025553460278e-02 5.852194931286934521e-03 7.873819506317249195e-03 1.756768167117123483e-02 4.355329298653940612e-02 3.873502566766550553e-02 -4.320914222158680346e-02 1.249932163241658095e-01 2.186156444594981263e+00 -1.624426564366745346e-02 -8.233323121993788019e-02 5.371530615766172828e-02 9.236291653328179696e-02 -2.506855531055313807e-02 7.170759611876884043e-02 -4.645487551557618555e-02 -2.816074566858763062e-02 -1.478610600647308100e-02 -2.246382236145441288e-02 -2.934212287737386973e-02 -3.722862964136107455e-02 -7.716071811915448109e-02 -2.876586094817345368e-02 -6.597894552436758819e-02 -3.302682855834761233e-02 -7.267007806106756673e-01 6.773664580443929106e-02 4.485560682719221676e-02 1.689333277610355344e-02 -1.512205765670831398e-02 -9.125454960749797284e-03 -3.052059927919157940e-03 2.281789081035438538e-01 1.152071474452705524e-01 -1.583953792043620717e-02 -1.268100005711047217e-02 -1.723343965689305354e-02 -4.175709694662008836e-02
-9.345864553134257749e-03 -2.964822787435522633e-02 -5.198451175714115940e-02 5.208047853318827913e-01 1.513538351078314720e-02 -3.984764336748732871e-01 -3.614654252371357623e-02 5.412860596074526784e-03 -2.457390272015739230e-01 8.182111744267421549e-02 -1.624426564366745346e-02 8.284147320981562146e+00 -1.153253493666501345e-01 1.783778863800214165e-01 8.869024557250718144e-02 1.034370416625548378e-01 2.869651509790377975e-01 4.789618715537165977e-02 4.695437219840941506e-02 -5.255344191397590704e-06 1.932747749076173943e-02 3.719332150718931973e-02 2.617163397074967826e-02 4.130016748430929453e-03 3.440104708836928815e-02 5.695987940322193820e-03 2.324458888909618215e-02 -6.785678354355551001e-02 1.898470393097772754e-02 2.078748263054032430e-02 6.899790334415277851e-03 -3.201771858213886546e-02 -1.754287259135784566e-02 4.272631798797779483e-03 5.629449604763897552e-01 2.854429575753124615e-01 -1.983404957564496862e-02 -1.453810462297882959e-02 -3.869379782408801510e-02 -6.993268771148619320e-03
-3.727445114857284945e-04 -2.872967989290127824e-02 -4.280797457988802512e-02 7.174116827053890998e-03 -1.861411586040422755e-02 -8.880885926372590611e-02 -1.273584879276142522e-02 4.766776473071924342e-02 1.415623736364146068e-01 5.186399948105602231e-02 -8.233323121993788019e-02 -1.153253493666501345e-01 1.875906816775905650e+00 4.349225320921389082e-02 2.326439971295825304e-02 6.112010014893148185e-02 3.652010934380371943e-01 1.614444206583702524e-02 1.072024870744987639e-02 -6.512960754999276569e-02 -1.577679347679734542e-02 1.638829827567135286e-02 7.475647268080367995e-03 -2.920123379967391915e-03 1.990161184222956348e-02 -1.478216532969890305e-03 3.065970314728791793e-02 -1.420821371802435430e-02 5.156352937765922018e-02 3.140435146537758765e-02 -2.299504849172571974e-02 -7.979212613427358325e-02 -4.829388945796767724e-02 -3.088636133219201454e-02 3.498403502659280240e-01 1.600296092264765491e-01 -4.958335684508675262e-02 -4.943048190676037346e-02 -8.769249082439541099e-02 -7.809588994245514337e-02
2.071591844341071466e-05 -2.016744127744961312e-02 -3.131369493736432114e-02 1.126783545032347504e-03 -7.234831172598313320e-02 -6.539110150937939292e-02 -2.199443665791325081e-02 -9.538018167817909065e-02 3.297356598238216918e-01 7.272577054248725859e-02 5.371530615766172828e-02 1.783778863800214165e-01 4.349225320921389082e-02 1.893511739822804429e+01 -2.129812218845994753e-01 1.970288439770428307e-02 5.369287656608434656e-01 -1.857121139378370075e-02 -3.082540192632855433e-02 -1.567854414996313617e-01 -7.528931833161098264e-02 -2.356890589388867599e-02 -3.719217737696553505e-02 -4.204057312301785754e-02 -3.833038223052942506e-02 -8.056200665795527904e-02 -1.914048209784178223e-01 1.021446662481927392e-01 -1.704329862615181629e-02 -2.429891119211344958e-02 -2.236750483032650880e-02 -8.633285495941077359e-02 -5.109234022012161536e-02 -3.769300928422202740e-02 2.872564706134655976e-01 1.221054517761835378e-01 -5.703625017124817204e-02 -5.679266548823362626e-02 -1.096407369928697334e-01 -9.172998510210325640e-02
-8.472624862127991823e-04 -1.290339202584578349e-02 -3.985685903167240918e-02 1.769686179839701501e-01 2.456197347200897441e-02 -5.354735785790561836e-02 -2.993476594056814627e-02 -4.473475670270166127e-02 1.227737260068200026e-01 1.201602605619863512e-01 9.236291653328179696e-02 8.869024557250718144e-02 2.326439971295825304e-02 -2.129812218845994753e-01 2.425406505152985837e+00 2.397870693883592252e-01 6.332776231079477292e+00 8.662742909277435649e-03 1.455592497145498029e-02 -1.916536769412745811e-01 -6.413943110190478691e-02 2.919934334684019112e-02 1.381128453255764735e-02 2.629178721564880833e-02 1.954380564498427522e-02 -8.957375005164591036e-03 5.183379072870953307e-03 2.043382796092123657e-02 6.879846248025635845e-03 1.139971659299031555e-02 1.598251662573803300e-02 -6.082350700333882115e-02 -1.691033154379875669e-02 1.179126211778894207e-02 5.587281269849350140e-01 2.811432683960334855e-01 -1.549605938982546310e-02 -1.415735647932321768e-02 -9.685900648899831156e-02 -3.461629315551346953e-02
3.711430896686538326e-03 -2.776048274648701755e-02 -3.354501215003811987e-02 -1.689673951598416601e-01 8.351576991441587994e-02 -4.744510675256703724e-02 2.480791821013526854e-01 -3.989593827518576885e-02 1.235535379134224399e-01 5.998533050444946474e-02 -2.506855531055313807e-02 1.034370416625548378e-01 6.112010014893148185e-02 1.970288439770428307e-02 2.397870693883592252e-01 1.874808487946691926e+01 3.078735945201330537e+01 -2.743809780335262904e-01 -1.119361286195368205e-01 -3.797145903903052511e-01 -1.823703521577380582e-01 -3.939384000950675591e-02 -5.346505106015031483e-02 -2.416426572568627223e-02 -4.486589844231825275e-02 -6.832741930812881448e-02 -4.107566794928601411e-02 -3.247571055280278757e-02 -4.008750581840889865e-02 -3.073710982718954460e-02 -1.884192628797454888e-02 -1.085699036343324708e-01 -4.887244552839632716e-02 -9.133989880501769063e-03 4.102975992599384725e-01 2.083684133720468123e-01 -2.300331176265269385e-03 1.207351404770059221e-02 -7.451093739040109964e-02 3.560474876831285634e-02
4.290490155585945098e-02 -6.928699078584787951e-02 -1.512051995738024901e-01 -1.019427293475396595e-01 -4.138316769545264534e-02 -1.207956920526265104e-01 -7.478955617652321974e-02 -3.093115938935475651e-01 1.318519426713490317e-01 1.036022950598163017e-01 7.170759611876884043e-02 2.869651509790377975e-01 3.652010934380371943e-01 5.369287656608434656e-01 6.332776231079477292e+00 3.078735945201330537e+01 1.122586403694206410e+03 -8.151010800171818005e+00 -2.655784625264502097e+00 -1.604475971397678391e+00 -1.164052323113579090e+00 -9.099803273815815219e-01 -8.226914346816303070e-01 -6.408064125832294566e-01 -8.191266186141622496e-01 -7.067494605961914811e-01 -6.526714060538102435e-01 -6.011370063273019371e-01 -5.663448659925170992e-01 -5.246720576016293824e-01 -4.657177450242425132e-01 -5.527289491886935302e-01 -4.350675110648887234e-01 -4.566745532958177423e-01 -2.579741317798301736e+00 -1.481997322011854745e+00 -2.993185796734460502e-01 -2.964953706732825767e-01 -3.411663211449080246e-01 -6.151632847773398360e-01
-8.223830128083845295e-03 -8.411317040189573643e-03 -2.348909420261115211e-01 -2.705651955918781174e-02 9.751549576022869315e-02 7.821456941363087723e-02 -3.529220584647552728e-01 -8.879196406831363353e-02 1.552184168018608257e-01 1.210772087424865501e-02 -4.645487551557618555e-02 4.789618715537165977e-02 1.614444206583702524e-02 -1.857121139378370075e-02 8.662742909277435649e-03 -2.743809780335262904e-01 -8.151010800171818005e+00 2.462431681007656081e+01 6.151053718308138185e-01 -8.431388063171304514e-01 -3.847282171156725661e-01 -2.548148882304462209e-02 -4.551911708931776629e-02 4.482393079036869205e-02 -5.726481493067406975e-02 -7.063650711655210246e-02 -1.655551895913268123e-02 -1.624226453220627836e-02 -2.986658034847294863e-02 -2.166922366903071759e-02 -2.807917011129089889e-03 -2.351032774274690318e-01 2.901675025081547621e-01 3.511134811509966647e-02 7.166033964408524692e-01 3.647269047359129601e-01 -7.159839247381366296e-05 7.568791584115684701e-03 -1.731608357518806540e-01 -3.736374194123311121e-02
-4.038301466345768642e-03 1.412210665684800366e-02 3.326993531697891582e-01 -6.194097158686002746e-01 -2.494308888095715659e-01 2.285276871803972477e-03 -1.258003648511021736e-03 2.099993292791964977e-02 8.817708491366913481e-01 3.705471887968896094e-02 -2.816074566858763062e-02 4.695437219840941506e-02 1.072024870744987639e-02 -3.082540192632855433e-02 1.455592497145498029e-02 -1.119361286195368205e-01 -2.655784625264502097e+00 6.151053718308138185e-01 1.186566437201721556e+02 4.566568637012729681e+01 4.188651520806183193e+00 -2.342803694943323967e-01 -4.356137439311731641e-02 5.400329211112986361e-02 -1.267943200442858513e-02 -6.392188701618264912e-02 -8.999613952696272623e-03 -2.826731084739674688e-02 -7.145356237523650678e-02 -2.033404584294919715e-01 -1.281138021741389910e+00 9.894397127931201297e+00 -9.365283504177693841e-01 2.259823357138476263e-01 1.118680618572624574e+00 5.642879489520066238e-01 4.222509001543309909e-02 2.314580183257390275e-02 -2.314488673294249621e-01 -5.633226543564507499e-02
2.665743622262186849e-02 -6.388447317270770642e-02 -1.168032666411805837e-01 -6.164065792290855939e-01 3.365726466531646643e-01 3.163389800171397814e-01 2.195824029149112122e-01 1.171583744847081443e-01 -3.781076743775835247e-02 7.893922258849810081e-02 -1.478610600647308100e-02 -5.255344191397590704e-06 -6.512960754999276569e-02 -1.567854414996313617e-01 -1.916536769412745811e-01 -3.797145903903052511e-01 -1.604475971397678391e+00 -8.431388063171304514e-01 4.566568637012729681e+01 1.080153704268036563e+03 -1.892310534247851308e+02 1.185009469006895344e+01 1.700838355779523026e+00 7.807130071018567596e-01 5.534613936422877467e-01 4.444653997949649105e-01 5.180915376160351027e-01 4.788954583958945910e-01 4.152081084193823268e-01 2.310598811518286833e-01 -1.312529688904971570e+00 1.477396139782179674e+01 -8.697252223339682065e-01 8.597781064540728213e-01 3.537241835179489868e+00 2.074519069185619458e+00 5.727158614056597763e-01 7.453545185075531876e-01 3.052427281356631661e-01 7.812886218239771807e-01
-2.835419552165662632e-03 1.308812779923194947e-03 3.870680665478831717e-02 1.399189722714633266e-02 -1.040409400293833136e-01 -2.347409616054854306e-02 2.417186767213622915e-03 -1.693434951175326608e-02 -3.114421494797893208e-01 5.870858290508913085e-02 -2.246382236145441288e-02 1.932747749076173943e-02 -1.577679347679734542e-02 -7.528931833161098264e-02 -6.413943110190478691e-02 -1.823703521577380582e-01 -1.164052323113579090e+00 -3.847282171156725661e-01 4.188651520806183193e+00 -1.892310534247851308e+02 3.187798369178253211e+02 -1.568416421317130727e+01 -8.740358939591585941e-01 7.419490634895163916e-01 3.731966363968490241e-01 2.828476036488831169e-01 3.561020172473786105e-01 2.997548839707260826e-01 2.253048588754802406e-01 1.961837664947861382e-01 9.829028457620228587e-02 5.470599432341699542e-01 5.830905885970745495e-02 2.858926079539321208e-01 2.729021970265165908e+00 1.382705947806703861e+00 1.153747411627582126e-01 -2.984578394202198545e-02 -3.679457531111904323e-01 9.370327498531180743e-02
-1.219088929400468594e-03 -1.205180169803327442e-02 1.529562392825355339e-02 -7.246152731513819632e-03 -6.812110943585092393e-02 -5.470374294740765198e-02 2.172590186521659167e-02 -1.540782957491268305e-02 -6.846381862760390902e-02 4.020300546769749878e-02 -2.934212287737386973e-02 3.719332150718931973e-02 1.638829827567135286e-02 -2.356890589388867599e-02 2.919934334684019112e-02 -3.939384000950675591e-02 -9.099803273815815219e-01 -2.548148882304462209e-02 -2.342803694943323967e-01 1.185009469006895344e+01 -1.568416421317130727e+01 8.309089614732966922e+00 1.898561626621955156e-01 1.996898184511716468e-01 1.227874461992248256e-01 2.849330328800264017e-02 1.676172468891301559e-01 1.602092323432656451e-01 1.191769657373535907e-01 1.397420916963837134e-01 1.328704973453259386e-01 2.052948473707843502e-01 1.704926549468290531e-01 3.093440419180519818e-01 2.237117965741158621e+00 1.143392404063962586e-01 -1.417519255266789235e-01 7.798861651727194595e-03 -5.088484460316489155e-01 -3.181354095319185310e-02
-4.117493721632332730e-03 -2.713170630592538421e-02 2.585955821689260928e-02 5.784030369313638599e-03 -5.519399793167936025e-02 -2.908546970304154780e-02 2.150153868204980612e-02 -8.349871871204324336e-02 -1.791069169514065626e-02 3.655224358233032100e-02 -3.722862964136107455e-02 2.617163397074967826e-02 7.475647268080367995e-03 -3.719217737696553505e-02 1.381128453255764735e-02 -5.346505106015031483e-02 -8.226914346816303070e-01 -4.551911708931776629e-02 -4.356137439311731641e-02 1.700838355779523026e+00 -8.740358939591585941e-01 1.898561626621955156e-01 2.682108886641337619e+00 -1.679739007887541158e+00 -9.950621544247133243e-02 -8.113006650629049632e-03 1.846358378602935002e-01 1.626523470029387908e-01 9.793343313675603734e-02 1.117482300794943040e-01 9.042543795640187176e-02 1.311834787455070372e-01 8.259799621081903576e-02 1.749379591302819836e-01 2.014037437014197796e+00 1.036152504721743473e+00 -3.328973374261461754e-02 1.657464518290118205e-01 -2.117016574474534618e+00 1.577025363425891002e-01
8.894427478078029039e-05 1.038011848613358892e-02 1.897246281933099785e-02 1.111045122885829725e-02 -7.338762389804150132e-02 -1.501111871793060250e-02 7.721142284664958555e-02 -1.260475148336794415e+00 -7.640336728258495524e-02 -5.378968570668753169e-03 -7.716071811915448109e-02 4.130016748430929453e-03 -2.920123379967391915e-03 -4.204057312301785754e-02 2.629178721564880833e-02 -2.416426572568627223e-02 -6.408064125832294566e-01 4.482393079036869205e-02 5.400329211112986361e-02 7.807130071018567596e-01 7.419490634895163916e-01 1.996898184511716468e-01 -1.679739007887541158e+00 2.612018245998732269e+01 -1.805997558356784216e+00 -4.317691493156329274e-01 -1.893102863335536026e-02 -1.398737714255946507e-01 6.632111013284198997e-02 3.707434687285764141e-02 3.200635323333320820e-02 6.667617196915252842e-02 4.316131407335116466e-02 1.380143379732406139e-01 1.834951999234796460e+00 7.796466263614150183e-01 -9.442957305235667453e-01 -4.039646298373783750e+00 7.900109691452358973e+00 -4.800669620282646544e-01
-1.690827802926713180e-03 -4.778592980641515817e-03 1.551363044544139952e-02 -6.014198728552764238e-03 -3.306776348080264077e-02 -4.048746124940819785e-02 -2.727669240116573079e-01 2.466678757953308376e-01 -7.095606546542455352e-03 5.239501552975246723e-02 -2.876586094817345368e-02 3.440104708836928815e-02 1.990161184222956348e-02 -3.833038223052942506e-02 1.954380564498427522e-02 -4.486589844231825275e-02 -8.191266186141622496e-01 -5.726481493067406975e-02 -1.267943200442858513e-02 5.534613936422877467e-01 3.731966363968490241e-01 1.227874461992248256e-01 -9.950621544247133243e-02 -1.805997558356784216e+00 4.553031142932144171e+00 -8.626652429877591788e-02 1.119631312697151049e-01 1.598003391242356075e-01 1.723449253887480159e-01 1.749341333995183823e-01 1.529222121132819689e-01 1.706558851304551816e-01 1.541660129026739268e-01 2.864845098972081394e-01 2.504058521062385800e+00 1.405396351760940687e+00 1.850227256275116527e-01 8.214590997069570744e-01 -2.045387623393145393e+00 -4.219197221922246083e-02
-1.542640210411171412e-03 -7.522189972285557276e-04 1.785288521246597079e-02 1.865096218220885921e-03 -2.962357409887018261e-02 -2.422847455962042276e-02 -1.862050551952348920e-02 2.926212949933543542e-02 -1.722346364180855557e-02 3.250536729547762876e-02 -6.597894552436758819e-02 5.695987940322193820e-03 -1.478216532969890305e-03 -8.056200665795527904e-02 -8.957375005164591036e-03 -6.832741930812881448e-02 -7.067494605961914811e-01 -7.063650711655210246e-02 -6.392188701618264912e-02 4.444653997949649105e-01 2.828476036488831169e-01 2.849330328800264017e-02 -8.113006650629049632e-03 -4.317691493156329274e-01 -8.626652429877591788e-02 1.358785567698074814e+01 -1.972516072340761983e+00 1.470014502413218016e-01 2.679823183773623607e-01 2.417066665833869643e-01 1.805280013035760467e-01 1.649705528923504083e-01 1.292017696929970705e-01 2.667466167371126406e-01 2.884396515762526647e+00 1.398358723133526160e+00 -5.982509754109074374e-01 2.284113955021469522e+00 -1.428285589762687025e+01 1.455176166976888952e-01
1.151481172794079815e-03 -4.541692078846770210e-03 1.323907556269746794e-02 -3.746521109465523504e-03 -3.536877695499882068e-02 -3.058344473279961048e-02 -3.232848328082925382e-02 5.341332968608492743e-03 -1.795366356511002293e-02 3.836602554189869063e-02 -3.302682855834761233e-02 2.324458888909618215e-02 3.065970314728791793e-02 -1.914048209784178223e-01 5.183379072870953307e-03 -4.107566794928601411e-02 -6.526714060538102435e-01 -1.655551895913268123e-02 -8.999613952696272623e-03 5.180915376160351027e-01 3.561020172473786105e-01 1.676172468891301559e-01 1.846358378602935002e-01 -1.893102863335536026e-02 1.119631312697151049e-01 -1.972516072340761983e+00 2.740692519614397860e+00 -9.812890643568808469e-02 4.452301149218098469e-02 1.144818817293165175e-01 9.091621287228718318e-02 1.093779684031289529e-01 1.289776211837043440e-01 2.840739101691790447e-01 2.773073423335010279e+00 1.611823510008851379e+00 -3.802549956760262889e-02 -1.634808269019417892e+00 7.694600313792042456e+00 -1.595796748349775918e+00
-4.190742011338406139e-04 2.376047918089881084e-03 7.203076733259760299e-03 -5.588224582255065485e-03 -3.181731731875019065e-02 -2.773691379530421330e-02 -2.518942669221567454e-02 4.536454238887751254e-03 -1.591716609203078572e-02 5.142617478710330425e-02 -7.267007806106756673e-01 -6.785678354355551001e-02 -1.420821371802435430e-02 1.021446662481927392e-01 2.043382796092123657e-02 -3.247571055280278757e-02 -6.011370063273019371e-01 -1.624226453220627836e-02 -2.826731084739674688e-02 4.788954583958945910e-01 2.997548839707260826e-01 1.602092323432656451e-01 1.626523470029387908e-01 -1.398737714255946507e-01 1.598003391242356075e-01 1.470014502413218016e-01 -9.812890643568808469e-02 1.986108800085421899e+00 -8.180289389604306072e-02 1.464617113568647266e-01 9.837524761566286691e-02 1.047368414964522793e-01 8.953061482264881854e-02 9.142039389838387820e-01 2.751977477766498481e+00 1.376465771980045938e+00 2.115759292496378619e-01 7.849222620530856842e-01 1.626745673270326931e+00 1.978135903678953200e+00
1.323468936597663962e-04 -3.342484852749008726e-03 1.793954313192479624e-02 -8.191632087141760728e-04 -2.487875915122140721e-02 -2.395609981999703014e-02 -2.073773645042951280e-02 1.837807940648999560e-03 -2.498192424039410303e-02 3.932998442156064589e-02 6.773664580443929106e-02 1.898470393097772754e-02 5.156352937765922018e-02 -1.704329862615181629e-02 6.879846248025635845e-03 -4.008750581840889865e-02 -5.663448659925170992e-01 -2.986658034847294863e-02 -7.145356237523650678e-02 4.152081084193823268e-01 2.253048588754802406e-01 1.191769657373535907e-01 9.793343313675603734e-02 6.632111013284198997e-02 1.723449253887480159e-01 2.679823183773623607e-01 4.452301149218098469e-02 -8.180289389604306072e-02 1.430972303276562219e+00 1.541067336129958720e-01 1.188984287980913712e-01 1.330026803896954546e-01 1.890806880084360819e-01 2.178625299366349077e-01 3.298959643372628037e+00 1.731625852841920832e+00 3.277397409877577661e-02 2.805577629980335885e-01 9.818313765023936046e-01 7.609713043988342029e-01
-4.416823366262406531e-04 -3.028005180151726282e-03 1.843095862620214992e-02 -2.057720028460227960e-03 -2.346062968223276701e-02 -2.479144336129742235e-02 -2.100092123624593132e-02 -2.397121156811150323e-03 -3.594529799122249403e-02 2.108614193423384228e-02 4.485560682719221676e-02 2.078748263054032430e-02 3.140435146537758765e-02 -2.429891119211344958e-02 1.139971659299031555e-02 -3.073710982718954460e-02 -5.246720576016293824e-01 -2.166922366903071759e-02 -2.033404584294919715e-01 2.310598811518286833e-01 1.961837664947861382e-01 1.397420916963837134e-01 1.117482300794943040e-01 3.707434687285764141e-02 1.749341333995183823e-01 2.417066665833869643e-01 1.144818817293165175e-01 1.464617113568647266e-01 1.541067336129958720e-01 1.104627788443531600e+00 -1.413534891747146194e+00 -5.395635545151909740e-02 1.397658065497999758e-01 3.889457662030161300e-01 9.278144536057634895e+00 4.762265934242690513e+00 2.906446433474434987e-01 1.491622873357700552e-01 7.476567787758809924e-01 6.464290897127888957e-01
-7.363426369220824226e-04 -2.636804486440184545e-03 1.917082109725653030e-02 -3.665166085310929845e-03 -2.153323272702430818e-02 -2.482983372088552049e-02 -2.119068262059403684e-02 -3.623471926915659749e-03 -4.241368280615044617e-02 2.554310130240234136e-02 1.689333277610355344e-02 6.899790334415277851e-03 -2.299504849172571974e-02 -2.236750483032650880e-02 1.598251662573803300e-02 -1.884192628797454888e-02 -4.657177450242425132e-01 -2.807917011129089889e-03 -1.281138021741389910e+00 -1.312529688904971570e+00 9.829028457620228587e-02 1.328704973453259386e-01 9.042543795640187176e-02 3.200635323333320820e-02 1.529222121132819689e-01 1.805280013035760467e-01 9.091621287228718318e-02 9.837524761566286691e-02 1.188984287980913712e-01 -1.413534891747146194e+00 9.052383147710811429e+00 -1.527150845901082965e+00 -4.976862255736121954e-01 1.733329635124938539e+00 7.072334859040309141e+01 3.576546052232567519e+01 3.846124253572854368e+00 -1.067687259872022176e+00 1.066366840965374596e+00 7.921582426423705581e-01
6.220982183084137649e-05 1.019599435778648566e-03 2.737916523865739638e-02 4.618514605221790865e-03 -8.193386796061255528e-03 -1.271796231245424756e-02 -1.098891387021687545e-02 1.826751527021921919e-03 -5.112463439760108613e-02 1.406428546179467297e-02 -1.512205765670831398e-02 -3.201771858213886546e-02 -7.979212613427358325e-02 -8.633285495941077359e-02 -6.082350700333882115e-02 -1.085699036343324708e-01 -5.527289491886935302e-01 -2.351032774274690318e-01 9.894397127931201297e+00 1.477396139782179674e+01 5.470599432341699542e-01 2.052948473707843502e-01 1.311834787455070372e-01 6.667617196915252842e-02 1.706558851304551816e-01 1.649705528923504083e-01 1.093779684031289529e-01 1.047368414964522793e-01 1.330026803896954546e-01 -5.395635545151909740e-02 -1.527150845901082965e+00 1.555916265325632608e+01 -1.260197852499711155e-02 -1.223451322823426279e+00 -1.006324396479862600e+02 -5.064176796730357211e+01 -6.176642563126938157e+00 3.004167497793111430e+00 -1.723117370121909075e-01 1.081351803191534122e+00
-4.867130126227387919e-04 -1.798611839626588181e-03 2.290011932039275749e-02 -6.135721457686143555e-03 -1.647287599774799674e-02 -2.405895408079270978e-02 -2.387103522865114541e-02 -8.230802962783894880e-03 -6.574841510423908020e-02 1.387283675253917110e-02 -9.125454960749797284e-03 -1.754287259135784566e-02 -4.829388945796767724e-02 -5.109234022012161536e-02 -1.691033154379875669e-02 -4.887244552839632716e-02 -4.350675110648887234e-01 2.901675025081547621e-01 -9.365283504177693841e-01 -8.697252223339682065e-01 5.830905885970745495e-02 1.704926549468290531e-01 8.259799621081903576e-02 4.316131407335116466e-02 1.541660129026739268e-01 1.292017696929970705e-01 1.289776211837043440e-01 8.953061482264881854e-02 1.890806880084360819e-01 1.397658065497999758e-01 -4.976862255736121954e-01 -1.260197852499711155e-02 8.928943234199780932e+01 -8.657033822452370941e+01 -4.712782432022261673e+03 -2.375508204780845517e+03 -2.707679245624586883e+02 1.132377810261568527e+02 -2.355344042627043777e+01 1.315429282640542930e+00
-1.516789927278171940e-03 -1.950468191736765477e-03 2.880147408630910968e-02 -2.284761748552002238e-03 -1.594233093716733440e-02 -2.320837604881686653e-02 -1.767922848368618655e-02 -1.426926583340117766e-03 -6.201313253076001786e-02 3.317835456985648163e-02 -3.052059927919157940e-03 4.272631798797779483e-03 -3.088636133219201454e-02 -3.769300928422202740e-02 1.179126211778894207e-02 -9.133989880501769063e-03 -4.566745532958177423e-01 3.511134811509966647e-02 2.259823357138476263e-01 8.597781064540728213e-01 2.858926079539321208e-01 3.093440419180519818e-01 1.749379591302819836e-01 1.380143379732406139e-01 2.864845098972081394e-01 2.667466167371126406e-01 2.840739101691790447e-01 9.142039389838387820e-01 2.178625299366349077e-01 3.889457662030161300e-01 1.733329635124938539e+00 -1.223451322823426279e+00 -8.657033822452370941e+01 9.506976051583731646e+01 4.926064550451276773e+03 2.483298464692926700e+03 2.814251652499866054e+02 -1.164957841615391914e+02 2.483482172495569884e+01 9.968578388913141852e-01
-1.458484478062788310e-02 -2.270538436504452792e-02 7.453831399295991755e-02 7.019618648095336810e-02 -8.100665921937390268e-02 -4.842827361293711858e-02 9.971552187991702954e-02 1.312351106143639368e-01 2.198743225143907076e-01 4.800515049050257943e-01 2.281789081035438538e-01 5.629449604763897552e-01 3.498403502659280240e-01 2.872564706134655976e-01 5.587281269849350140e-01 4.102975992599384725e-01 -2.579741317798301736e+00 7.166033964408524692e-01 1.118680618572624574e+00 3.537241835179489868e+00 2.729021970265165908e+00 2.237117965741158621e+00 2.014037437014197796e+00 1.834951999234796460e+00 2.504058521062385800e+00 2.884396515762526647e+00 2.773073423335010279e+00 2.751977477766498481e+00 3.298959643372628037e+00 9.278144536057634895e+00 7.072334859040309141e+01 -1.006324396479862600e+02 -4.712782432022261673e+03 4.926064550451276773e+03 2.675261261757182074e+05 1.348198819163854059e+05 1.534134913254848652e+04 -6.346486753067612881e+03 1.339596051567696122e+03 -1.536543159118652113e+01
-7.334490128418216966e-03 -1.140049482767034779e-02 5.977187153495119865e-02 3.528939272464274440e-02 -4.249282968654018861e-02 -3.091362753142815750e-02 4.512914740188907203e-02 7.152584389644559004e-02 6.682153487676666115e-02 2.621059686208013217e-01 1.152071474452705524e-01 2.854429575753124615e-01 1.600296092264765491e-01 1.221054517761835378e-01 2.811432683960334855e-01 2.083684133720468123e-01 -1.481997322011854745e+00 3.647269047359129601e-01 5.642879489520066238e-01 2.074519069185619458e+00 1.382705947806703861e+00 1.143392404063962586e-01 1.036152504721743473e+00 7.796466263614150183e-01 1.405396351760940687e+00 1.398358723133526160e+00 1.611823510008851379e+00 1.376465771980045938e+00 1.731625852841920832e+00 4.762265934242690513e+00 3.576546052232567519e+01 -5.064176796730357211e+01 -2.375508204780845517e+03 2.483298464692926700e+03 1.348198819163854059e+05 6.796969582411163719e+04 7.547536248196965971e+03 -3.171402254838341378e+03 6.706780390639302141e+02 -6.260944175488565300e+00
-5.282131365059364488e-03 -3.687134424051721152e-03 3.765846354965432519e-02 -1.111961045180910948e-02 -1.167935829972690034e-02 -2.331641411779392797e-02 -2.556966506951180093e-02 -4.932825684643758410e-03 -1.118984513814464121e-01 1.637623877592615795e-02 -1.583953792043620717e-02 -1.983404957564496862e-02 -4.958335684508675262e-02 -5.703625017124817204e-02 -1.549605938982546310e-02 -2.300331176265269385e-03 -2.993185796734460502e-01 -7.159839247381366296e-05 4.222509001543309909e-02 5.727158614056597763e-01 1.153747411627582126e-01 -1.417519255266789235e-01 -3.328973374261461754e-02 -9.442957305235667453e-01 1.850227256275116527e-01 -5.982509754109074374e-01 -3.802549956760262889e-02 2.115759292496378619e-01 3.277397409877577661e-02 2.906446433474434987e-01 3.846124253572854368e+00 -6.176642563126938157e+00 -2.707679245624586883e+02 2.814251652499866054e+02 1.534134913254848652e+04 7.547536248196965971e+03 2.288247387831904689e+03 -5.612122974337599999e+02 1.279004179996499175e+02 4.236528681586942291e+00
2.906847637499434915e-03 -9.170447545874491633e-04 5.065437492469180430e-02 -4.476898306300357462e-03 -2.990117273488434625e-03 -1.501842539512640226e-02 -1.817758869179255873e-02 3.864205045106923735e-03 -1.242471984579703453e-01 2.326971208174761011e-02 -1.268100005711047217e-02 -1.453810462297882959e-02 -4.943048190676037346e-02 -5.679266548823362626e-02 -1.415735647932321768e-02 1.207351404770059221e-02 -2.964953706732825767e-01 7.568791584115684701e-03 2.314580183257390275e-02 7.453545185075531876e-01 -2.984578394202198545e-02 7.798861651727194595e-03 1.657464518290118205e-01 -4.039646298373783750e+00 8.214590997069570744e-01 2.284113955021469522e+00 -1.634808269019417892e+00 7.849222620530856842e-01 2.805577629980335885e-01 1.491622873357700552e-01 -1.067687259872022176e+00 3.004167497793111430e+00 1.132377810261568527e+02 -1.164957841615391914e+02 -6.346486753067612881e+03 -3.171402254838341378e+03 -5.612122974337599999e+02 2.001379881870933559e+02 -1.245628151279699551e+02 2.623875561720567262e+01
-5.833612066487834508e-03 5.688848431119244292e-03 7.223253629080403360e-02 1.072770589304404033e-02 2.230990499292657275e-02 1.043570182019207433e-02 1.322721770881495583e-03 2.408691187874053424e-02 -1.411887899099172339e-01 2.187091817092595702e-02 -1.723343965689305354e-02 -3.869379782408801510e-02 -8.769249082439541099e-02 -1.096407369928697334e-01 -9.685900648899831156e-02 -7.451093739040109964e-02 -3.411663211449080246e-01 -1.731608357518806540e-01 -2.314488673294249621e-01 3.052427281356631661e-01 -3.679457531111904323e-01 -5.088484460316489155e-01 -2.117016574474534618e+00 7.900109691452358973e+00 -2.045387623393145393e+00 -1.428285589762687025e+01 7.694600313792042456e+00 1.626745673270326931e+00 9.818313765023936046e-01 7.476567787758809924e-01 1.066366840965374596e+00 -1.723117370121909075e-01 -2.355344042627043777e+01 2.483482172495569884e+01 1.339596051567696122e+03 6.706780390639302141e+02 1.279004179996499175e+02 -1.245628151279699551e+02 7.199965360613194889e+02 -5.176372823740248208e+01
