6.968841233925544831e-02 6.612414659623923330e-02 6.390180147419252665e-02 6.208231294419043478e-02 6.026176696314295561e-02 5.846173410961495731e-02 5.666894076540270053e-02 5.491417927501086177e-02 5.310348653782755168e-02 5.113838429556335358e-02 4.908390599474949517e-02 4.691006893222026547e-02 4.464929045864778762e-02 4.225373615977270902e-02 3.979461073852566533e-02 3.727127281781771051e-02 3.469173407243163892e-02 3.213738653701833647e-02 2.960675517347472266e-02 2.713529142143375830e-02 2.473474939784576013e-02 2.243835050282013202e-02 2.026814991913370237e-02 1.822960169449814802e-02 1.628580160449562969e-02 1.454047434953785987e-02 1.288512509069811643e-02 1.139286143501888095e-02 9.962238845226137340e-03 8.684072258611095357e-03 7.568764850371973753e-03 6.632066467053027159e-03 5.678485894631709469e-03 4.809007368794778262e-03 4.073410904041531271e-03 3.482159822973020756e-03 2.836147338608612303e-03 2.436873351221302466e-03 1.835557672794394229e-03 1.606431117610677669e-03
6.612414659623923330e-02 6.339228660578313801e-02 6.178964952692053009e-02 6.046304246331667825e-02 5.910673203630920081e-02 5.773114501637308799e-02 5.632688212770606273e-02 5.492079100656030444e-02 5.343293055354083471e-02 5.176812835369305754e-02 4.998586373915957920e-02 4.805821602807330839e-02 4.601752482458333626e-02 4.381550593900325474e-02 4.152052425250023909e-02 3.913245113014584414e-02 3.666534175867334350e-02 3.418682720151464821e-02 3.171469986533295704e-02 2.927426450366982236e-02 2.688457537827282015e-02 2.457654874356387381e-02 2.237616621693672841e-02 2.029035853017833665e-02 1.828551569806673854e-02 1.646263363384220871e-02 1.472333790914625955e-02 1.312308279493564801e-02 1.159964423629836032e-02 1.020927436282875050e-02 8.979532772872488369e-03 7.908527243968172318e-03 6.831278273898849437e-03 5.835812873282396167e-03 4.970843522878568531e-03 4.244032349774935590e-03 3.468680905588691736e-03 2.932288019573103897e-03 2.211786872028986221e-03 1.850841114431344379e-03
6.390180147419252665e-02 6.178964952692053009e-02 6.097439870199632128e-02 5.981969108687901215e-02 5.888730775916155985e-02 5.790421073676209340e-02 5.686351010143902290e-02 5.578461533539742084e-02 5.460030790213915575e-02 5.321439545545482430e-02 5.168159092345150224e-02 4.997686994234333546e-02 4.812892924107393944e-02 4.609019562316278573e-02 4.392662363106131229e-02 4.163895090585749414e-02 3.924394048605376467e-02 3.680856200808953205e-02 3.435279084285203233e-02 3.190128009840458023e-02 2.948137320881242043e-02 2.712146028963845559e-02 2.485196383561010663e-02 2.268193122958663335e-02 2.058030820611484943e-02 1.864728544849601766e-02 1.678985452244300194e-02 1.506229726807566116e-02 1.341879028525826134e-02 1.189121790145111074e-02 1.052379773246850218e-02 9.302216794641830072e-03 8.084102626940070299e-03 6.947234464208136388e-03 5.942794201173656234e-03 5.070698102095439960e-03 4.157566471007266735e-03 3.480404745103276697e-03 2.634270320390028064e-03 2.143849473755945687e-03
6.208231294419043478e-02 6.046304246331667825e-02 5.981969108687901215e-02 5.936972954309890915e-02 5.880818534282031967e-02 5.819030044787228129e-02 5.749446326588968093e-02 5.672793761079493458e-02 5.583810742331176552e-02 5.472480383875333310e-02 5.343726061060810606e-02 5.195262534791660752e-02 5.029559006154254996e-02 4.841872867117315987e-02 4.638482527434951985e-02 4.419605924534449753e-02 4.187093797862913302e-02 3.947575205552265182e-02 3.703294698009704233e-02 3.456645518460209343e-02 3.211199172488977266e-02 2.969580614217524894e-02 2.735281171468617947e-02 2.509440637306773261e-02 2.289240597486903381e-02 2.084612183507050798e-02 1.886847469358853696e-02 1.701084319107718651e-02 1.524598137423117429e-02 1.358144350631269696e-02 1.207604385759057306e-02 1.070475513957642837e-02 9.346442046633809606e-03 8.068830457626770605e-03 6.925216814449731279e-03 5.907630349965719251e-03 4.855936151809008873e-03 4.036235035265998451e-03 3.061108745886820942e-03 2.436848366747096373e-03
6.026176696314295561e-02 5.910673203630920081e-02 5.888730775916155985e-02 5.880818534282031967e-02 5.863604584699592948e-02 5.838266967399614177e-02 5.803706583343972575e-02 5.758846425619175424e-02 5.700471654598723847e-02 5.617697341613235584e-02 5.514856465404235908e-02 5.389818340395301222e-02 5.244636537411605931e-02 5.074516343726007822e-02 4.885342473529673268e-02 4.677518581357266447e-02 4.452979988698448771e-02 4.218276162919509797e-02 3.975926489560022148e-02 3.728258471670122670e-02 3.479676352990179050e-02 3.232641541737525659e-02 2.991098329521394913e-02 2.756438992992445158e-02 2.526177982961683166e-02 2.310123197099864939e-02 2.100213323908890414e-02 1.901312257484672266e-02 1.712396384114278983e-02 1.532078641662489374e-02 1.367469909980186839e-02 1.215142070477326711e-02 1.065018290982113099e-02 9.228950614619381085e-03 7.942822650588573022e-03 6.776203291202790788e-03 5.582093552568124714e-03 4.615643478010690928e-03 3.505645264490679733e-03 2.741327742127870008e-03
5.846173410961495731e-02 5.773114501637308799e-02 5.790421073676209340e-02 5.819030044787228129e-02 5.838266967399614177e-02 5.849803309815514857e-02 5.849855646436646905e-02 5.836703016146310707e-02 5.810261586165286346e-02 5.757494515408376201e-02 5.682126834645983421e-02 5.582130362898469339e-02 5.459123164713899218e-02 5.308179766626489743e-02 5.134699869022982949e-02 4.939292348594927912e-02 4.723885256333757582e-02 4.494922707567054060e-02 4.255223190947206302e-02 4.007054857470595394e-02 3.755652864665113416e-02 3.503368696879370636e-02 3.254605871744419010e-02 3.010992028265343720e-02 2.770666236329792642e-02 2.542930783015327420e-02 2.320655938862416917e-02 2.108394274296242210e-02 1.906674511603322769e-02 1.712260600365149779e-02 1.533340142217071329e-02 1.365500074109509028e-02 1.200782657243619142e-02 1.043979985911440769e-02 9.007429986270319711e-03 7.687688668406186115e-03 6.346720134041429137e-03 5.228748230780100835e-03 3.976490637058260370e-03 3.063893529266125109e-03
5.666894076540270053e-02 5.632688212770606273e-02 5.686351010143902290e-02 5.749446326588968093e-02 5.803706583343972575e-02 5.849855646436646905e-02 5.894353905126870075e-02 5.901423376038275603e-02 5.909746440861742001e-02 5.888934808419791361e-02 5.842913282049806006e-02 5.769860009866744494e-02 5.670970186689655579e-02 5.541109864386650763e-02 5.385091574728772396e-02 5.203733547204064669e-02 4.998857431303153909e-02 4.776769079647046057e-02 4.540606083127729509e-02 4.292599152897756676e-02 4.038832451633572046e-02 3.781623402795002142e-02 3.525859541072454834e-02 3.273542130354636231e-02 3.022598226343836680e-02 2.782960377051412262e-02 2.548020615386662260e-02 2.321700679519895366e-02 2.106219506801446095e-02 1.896934238495731270e-02 1.702505291061579343e-02 1.519241814022097813e-02 1.339886528505489748e-02 1.168420493925366628e-02 1.010509107201797499e-02 8.630864216094892225e-03 7.140766815881193115e-03 5.867152119937390359e-03 4.468084867707643355e-03 3.398754085423557475e-03
5.491417927501086177e-02 5.492079100656030444e-02 5.578461533539742084e-02 5.672793761079493458e-02 5.758846425619175424e-02 5.836703016146310707e-02 5.901423376038275603e-02 5.966543715087855443e-02 6.002820871444105449e-02 6.013616109824670986e-02 5.997546617656461521e-02 5.952551395826882058e-02 5.879198167047852697e-02 5.771972215759037239e-02 5.634939394474899194e-02 5.469102490204841988e-02 5.276052800706838852e-02 5.061905405993930712e-02 4.830110024498693311e-02 4.582842643096281948e-02 4.326988766891394500e-02 4.064823296148742382e-02 3.801723166531129072e-02 3.540106368650391272e-02 3.278549719059881129e-02 3.027166255292621649e-02 2.778337167051954382e-02 2.539017982933429451e-02 2.310675924577495002e-02 2.087478017113624656e-02 1.878450609823978032e-02 1.678955330877177424e-02 1.483939023931146045e-02 1.296590934216347926e-02 1.122777742737484166e-02 9.587680832496036851e-03 7.938468188737347539e-03 6.500967324737465941e-03 4.942165611762900854e-03 3.703657812390777435e-03
5.310348653782755168e-02 5.343293055354083471e-02 5.460030790213915575e-02 5.583810742331176552e-02 5.700471654598723847e-02 5.810261586165286346e-02 5.909746440861742001e-02 6.002820871444105449e-02 6.082354556316586780e-02 6.121177579651218559e-02 6.137475548004003162e-02 6.123329268143018478e-02 6.078543458446818842e-02 5.997060562402908163e-02 5.882049823289691587e-02 5.734684379273739807e-02 5.556160113765100383e-02 5.352335221959429040e-02 5.126950520572661624e-02 4.882147012495778593e-02 4.625615474066815946e-02 4.359640359558970141e-02 4.090063986308959537e-02 3.819652946235173319e-02 3.547469693403337149e-02 3.283447907370343199e-02 3.021874768487205209e-02 2.767960659660688091e-02 2.525347098039131682e-02 2.287104766616693263e-02 2.062471246399004768e-02 1.846535155413703971e-02 1.635870494736307509e-02 1.432765503167966747e-02 1.243095343534867357e-02 1.062416361518318288e-02 8.813524752396103418e-03 7.207664612064202184e-03 5.481502168648199648e-03 4.062007041081790171e-03
5.113838429556335358e-02 5.176812835369305754e-02 5.321439545545482430e-02 5.472480383875333310e-02 5.617697341613235584e-02 5.757494515408376201e-02 5.888934808419791361e-02 6.013616109824670986e-02 6.121177579651218559e-02 6.199722682165180465e-02 6.250232883354675528e-02 6.269397427604583850e-02 6.255992770902432665e-02 6.203142379632358566e-02 6.112946279798752575e-02 5.986757167944480040e-02 5.825140600103013988e-02 5.633623411486042565e-02 5.416222770506665118e-02 5.175110235309529627e-02 4.918837038652441179e-02 4.649836082932525677e-02 4.374528519060456866e-02 4.096141687335379949e-02 3.814300859080429346e-02 3.538810454720514587e-02 3.265059133032193611e-02 2.997740439077178909e-02 2.741643343152455614e-02 2.489098512685890621e-02 2.249272513508073987e-02 2.017230787986818916e-02 1.791052863767226069e-02 1.572210967295915168e-02 1.366576460521582749e-02 1.169064839853546471e-02 9.716549560753901318e-03 7.939760533265992695e-03 6.041735169714979384e-03 4.435231423038543848e-03
4.908390599474949517e-02 4.998586373915957920e-02 5.168159092345150224e-02 5.343726061060810606e-02 5.514856465404235908e-02 5.682126834645983421e-02 5.842913282049806006e-02 5.997546617656461521e-02 6.137475548004003162e-02 6.250232883354675528e-02 6.342149798577219333e-02 6.390563085927347675e-02 6.411291702079235932e-02 6.390074776666529455e-02 6.327809222638577924e-02 6.226127336298103998e-02 6.084592652000590102e-02 5.908275326810723260e-02 5.701397943264575885e-02 5.466145359980281032e-02 5.211886403345973584e-02 4.941205460716559250e-02 4.661087552787819555e-02 4.375238476505150659e-02 4.083931365579886175e-02 3.796622155468290516e-02 3.510609739732782619e-02 3.229558599029584698e-02 2.959486146049201613e-02 2.692496102756293530e-02 2.437016660080095626e-02 2.188575980293711379e-02 1.946567702760512372e-02 1.711672701630255478e-02 1.489694233448162451e-02 1.274943986423464522e-02 1.060738880745271985e-02 8.654184082630101207e-03 6.576543372490564233e-03 4.773037353524833479e-03
4.691006893222026547e-02 4.805821602807330839e-02 4.997686994234333546e-02 5.195262534791660752e-02 5.389818340395301222e-02 5.582130362898469339e-02 5.769860009866744494e-02 5.952551395826882058e-02 6.123329268143018478e-02 6.269397427604583850e-02 6.390563085927347675e-02 6.485911355595183614e-02 6.538706072921396384e-02 6.551504411278008533e-02 6.519919741639475241e-02 6.446100012987290850e-02 6.327914487970112689e-02 6.169822075694369329e-02 5.976160537577230453e-02 5.749104958228878903e-02 5.498807931867499138e-02 5.228028649051415927e-02 4.944327478300308137e-02 4.651901795896105224e-02 4.351614125692217921e-02 4.055907272961135901e-02 3.756051827275602023e-02 3.461559469497158675e-02 3.177935364389022910e-02 2.896002002257835189e-02 2.625502952078085164e-02 2.361062332854044904e-02 2.103545060278225534e-02 1.852911789432190592e-02 1.614834544450131915e-02 1.383118800935505613e-02 1.152373831233910288e-02 9.396200998930697226e-03 7.139640168484732291e-03 5.138262343595535048e-03
4.464929045864778762e-02 4.601752482458333626e-02 4.812892924107393944e-02 5.029559006154254996e-02 5.244636537411605931e-02 5.459123164713899218e-02 5.670970186689655579e-02 5.879198167047852697e-02 6.078543458446818842e-02 6.255992770902432665e-02 6.411291702079235932e-02 6.538706072921396384e-02 6.630155999169383418e-02 6.679832458096658654e-02 6.681074381824583797e-02 6.638706124135919373e-02 6.547408964467073267e-02 6.410950837204811015e-02 6.233682635710115910e-02 6.017699840384554966e-02 5.773880520284058182e-02 5.505151053092643271e-02 5.219658648040643306e-02 4.922144220832756767e-02 4.614342192431189482e-02 4.307192096746776527e-02 3.997044696139154252e-02 3.689969076240393747e-02 3.392908445056093403e-02 3.097339563454082692e-02 2.811939103841261389e-02 2.531896414882342863e-02 2.259201705126777371e-02 1.993132518108481355e-02 1.739096972495006097e-02 1.490613596054796673e-02 1.243426003023414411e-02 1.013207099426282135e-02 7.694415239535142177e-03 5.490634995823416228e-03
4.225373615977270902e-02 4.381550593900325474e-02 4.609019562316278573e-02 4.841872867117315987e-02 5.074516343726007822e-02 5.308179766626489743e-02 5.541109864386650763e-02 5.771972215759037239e-02 5.997060562402908163e-02 6.203142379632358566e-02 6.390074776666529455e-02 6.551504411278008533e-02 6.679832458096658654e-02 6.768256101007245895e-02 6.799045795125457925e-02 6.792739043659035136e-02 6.731999699944893334e-02 6.620801560463215885e-02 6.463463449395003002e-02 6.261877909434757083e-02 6.027531925255829454e-02 5.763457012743741781e-02 5.478367714851732628e-02 5.177517397309715913e-02 4.863541915042172981e-02 4.547451194572990629e-02 4.227108765922692885e-02 3.908280592777288454e-02 3.598378208895544605e-02 3.289783286734140888e-02 2.990184353382755594e-02 2.695245541954337243e-02 2.407997565426318182e-02 2.127135121024880185e-02 1.857256262820126264e-02 1.592791384734528262e-02 1.329673608536682990e-02 1.082409594151836733e-02 8.208658423105748975e-03 5.805004541163601671e-03
3.979461073852566533e-02 4.152052425250023909e-02 4.392662363106131229e-02 4.638482527434951985e-02 4.885342473529673268e-02 5.134699869022982949e-02 5.385091574728772396e-02 5.634939394474899194e-02 5.882049823289691587e-02 6.112946279798752575e-02 6.327809222638577924e-02 6.519919741639475241e-02 6.681074381824583797e-02 6.799045795125457925e-02 6.896104248215079169e-02 6.908931032065124267e-02 6.879472457237857663e-02 6.795868381708028427e-02 6.661510536982911956e-02 6.477596529659920832e-02 6.255932885347023631e-02 5.999446367687014114e-02 5.717466199951722755e-02 5.415483873764440070e-02 5.097215027362458212e-02 4.773906266240718343e-02 4.444724084461098429e-02 4.115418978252588511e-02 3.793755602720799702e-02 3.473167042626820050e-02 3.160379189883028017e-02 2.851562318887393421e-02 2.550598773630665533e-02 2.255366661623172536e-02 1.974720314733556872e-02 1.692452350193566699e-02 1.413897241607749676e-02 1.150113847740850091e-02 8.712632582181568247e-03 6.109368132543417651e-03
3.727127281781771051e-02 3.913245113014584414e-02 4.163895090585749414e-02 4.419605924534449753e-02 4.677518581357266447e-02 4.939292348594927912e-02 5.203733547204064669e-02 5.469102490204841988e-02 5.734684379273739807e-02 5.986757167944480040e-02 6.226127336298103998e-02 6.446100012987290850e-02 6.638706124135919373e-02 6.792739043659035136e-02 6.908931032065124267e-02 6.970386171313072698e-02 6.974046696371918874e-02 6.921260996430274315e-02 6.813669116431940453e-02 6.651401850626983969e-02 6.446351366009187012e-02 6.201241146028559775e-02 5.925189756032454153e-02 5.624885554046447911e-02 5.304635314995447687e-02 4.976086949885664967e-02 4.639723016469901595e-02 4.301410751124921245e-02 3.969243945288569025e-02 3.637862821340240999e-02 3.313072139654608256e-02 2.991665904687810032e-02 2.678299898584942870e-02 2.370520522858696535e-02 2.074710332199612012e-02 1.779297977045938076e-02 1.486811696348605896e-02 1.207759935830053470e-02 9.127770262835410015e-03 6.337454459741102136e-03
3.469173407243163892e-02 3.666534175867334350e-02 3.924394048605376467e-02 4.187093797862913302e-02 4.452979988698448771e-02 4.723885256333757582e-02 4.998857431303153909e-02 5.276052800706838852e-02 5.556160113765100383e-02 5.825140600103013988e-02 6.084592652000590102e-02 6.327914487970112689e-02 6.547408964467073267e-02 6.731999699944893334e-02 6.879472457237857663e-02 6.974046696371918874e-02 7.012957828323609921e-02 6.992990678063677745e-02 6.915647591378093484e-02 6.779132854987535151e-02 6.595105653789347377e-02 6.365576262739876257e-02 6.099838114607302603e-02 5.804711194721373646e-02 5.485592585087716022e-02 5.154537669924157822e-02 4.813366260512113443e-02 4.468136131747225959e-02 4.127261619844737467e-02 3.786722721460466373e-02 3.451438271114889295e-02 3.118938775267608363e-02 2.794476051905154732e-02 2.475215551450329898e-02 2.167330326671785407e-02 1.858793767951848891e-02 1.553374703356581212e-02 1.260011534617854964e-02 9.498386400121695480e-03 6.528144905314742924e-03
3.213738653701833647e-02 3.418682720151464821e-02 3.680856200808953205e-02 3.947575205552265182e-02 4.218276162919509797e-02 4.494922707567054060e-02 4.776769079647046057e-02 5.061905405993930712e-02 5.352335221959429040e-02 5.633623411486042565e-02 5.908275326810723260e-02 6.169822075694369329e-02 6.410950837204811015e-02 6.620801560463215885e-02 6.795868381708028427e-02 6.921260996430274315e-02 6.992990678063677745e-02 7.007746517464104319e-02 6.962002638121853049e-02 6.854400801678985078e-02 6.695486488655809365e-02 6.485868884143806967e-02 6.234581710688578277e-02 5.948517078097601690e-02 5.634022153953920087e-02 5.303578455761134153e-02 4.960359743930172621e-02 4.610654266518841166e-02 4.263196738036995059e-02 3.915433720265893563e-02 3.571446288571619720e-02 3.229628930097934447e-02 2.895629075359800256e-02 2.566369394275582957e-02 2.248463138150394447e-02 1.927894286083320710e-02 1.610918838446241327e-02 1.304546101018790732e-02 9.804952263780260246e-03 6.665854379089721990e-03
2.960675517347472266e-02 3.171469986533295704e-02 3.435279084285203233e-02 3.703294698009704233e-02 3.975926489560022148e-02 4.255223190947206302e-02 4.540606083127729509e-02 4.830110024498693311e-02 5.126950520572661624e-02 5.416222770506665118e-02 5.701397943264575885e-02 5.976160537577230453e-02 6.233682635710115910e-02 6.463463449395003002e-02 6.661510536982911956e-02 6.813669116431940453e-02 6.915647591378093484e-02 6.962002638121853049e-02 6.950169062689517951e-02 6.872880348925634875e-02 6.743057333264017295e-02 6.557706496114314165e-02 6.325372050322305983e-02 6.052745944559827923e-02 5.746970549953617918e-02 5.420895006981546471e-02 5.079011951078438863e-02 4.727835921426600668e-02 4.376412202650224736e-02 4.023789577036083337e-02 3.673145745587879513e-02 3.324057700576660973e-02 2.982289659315558172e-02 2.644361074996606081e-02 2.320168392903421140e-02 1.988464809783859616e-02 1.661371957189517259e-02 1.343475150188174969e-02 1.007108131799645812e-02 6.776687156442494364e-03
2.713529142143375830e-02 2.927426450366982236e-02 3.190128009840458023e-02 3.456645518460209343e-02 3.728258471670122670e-02 4.007054857470595394e-02 4.292599152897756676e-02 4.582842643096281948e-02 4.882147012495778593e-02 5.175110235309529627e-02 5.466145359980281032e-02 5.749104958228878903e-02 6.017699840384554966e-02 6.261877909434757083e-02 6.477596529659920832e-02 6.651401850626983969e-02 6.779132854987535151e-02 6.854400801678985078e-02 6.872880348925634875e-02 6.832923438118107540e-02 6.731819080244112741e-02 6.574023200218398477e-02 6.364876640760380733e-02 6.110298204840911712e-02 5.817899978388107324e-02 5.500695162426297996e-02 5.164367699777269727e-02 4.815578235571896931e-02 4.463635276530494855e-02 4.109330574502030597e-02 3.754895179298495256e-02 3.401449833543240125e-02 3.054884541854362145e-02 2.712879202490347738e-02 2.372367472913532865e-02 2.037653093998132228e-02 1.703307089150859002e-02 1.376115112551683749e-02 1.029556680343567988e-02 6.864747165549401481e-03
2.473474939784576013e-02 2.688457537827282015e-02 2.948137320881242043e-02 3.211199172488977266e-02 3.479676352990179050e-02 3.755652864665113416e-02 4.038832451633572046e-02 4.326988766891394500e-02 4.625615474066815946e-02 4.918837038652441179e-02 5.211886403345973584e-02 5.498807931867499138e-02 5.773880520284058182e-02 6.027531925255829454e-02 6.255932885347023631e-02 6.446351366009187012e-02 6.595105653789347377e-02 6.695486488655809365e-02 6.743057333264017295e-02 6.731819080244112741e-02 6.664096098009698876e-02 6.536019229966327782e-02 6.353772211130802317e-02 6.121694075339079166e-02 5.847467908908351997e-02 5.543924480829286877e-02 5.217706676156928791e-02 4.875450721388297631e-02 4.526613439567629682e-02 4.173827234622603383e-02 3.818325849658323751e-02 3.462916372178902191e-02 3.113257425768065079e-02 2.766840412295789794e-02 2.424919813929428056e-02 2.082493704134764576e-02 1.741784291333491747e-02 1.406693279947685005e-02 1.051689786750915900e-02 6.968177820303088355e-03
2.243835050282013202e-02 2.457654874356387381e-02 2.712146028963845559e-02 2.969580614217524894e-02 3.232641541737525659e-02 3.503368696879370636e-02 3.781623402795002142e-02 4.064823296148742382e-02 4.359640359558970141e-02 4.649836082932525677e-02 4.941205460716559250e-02 5.228028649051415927e-02 5.505151053092643271e-02 5.763457012743741781e-02 5.999446367687014114e-02 6.201241146028559775e-02 6.365576262739876257e-02 6.485868884143806967e-02 6.557706496114314165e-02 6.574023200218398477e-02 6.536019229966327782e-02 6.439190586169790675e-02 6.286158052486651160e-02 6.080583921232069616e-02 5.829447453614452351e-02 5.544855644562361047e-02 5.234014217973390753e-02 4.903263760525788245e-02 4.562013377656240487e-02 4.214841014173519723e-02 3.861909614169289212e-02 3.507897426753806697e-02 3.158198172833157069e-02 2.810522442153336187e-02 2.466774132199123920e-02 2.120413172780278438e-02 1.775698224965815628e-02 1.434850722989435869e-02 1.073696224322015849e-02 7.093261415144558497e-03
2.026814991913370237e-02 2.237616621693672841e-02 2.485196383561010663e-02 2.735281171468617947e-02 2.991098329521394913e-02 3.254605871744419010e-02 3.525859541072454834e-02 3.801723166531129072e-02 4.090063986308959537e-02 4.374528519060456866e-02 4.661087552787819555e-02 4.944327478300308137e-02 5.219658648040643306e-02 5.478367714851732628e-02 5.717466199951722755e-02 5.925189756032454153e-02 6.099838114607302603e-02 6.234581710688578277e-02 6.325372050322305983e-02 6.364876640760380733e-02 6.353772211130802317e-02 6.286158052486651160e-02 6.163597652959285772e-02 5.987834328446280802e-02 5.764506881066926852e-02 5.504216177325692294e-02 5.214298872153105835e-02 4.900426166741531087e-02 4.571665431735948137e-02 4.234651732161901633e-02 3.888328872604127767e-02 3.539351845374984901e-02 3.192816436569664851e-02 2.846785136713563327e-02 2.503371391234768609e-02 2.155680056032769840e-02 1.809186125045241303e-02 1.464665315622958909e-02 1.099687987353132647e-02 7.282120223625848307e-03
1.822960169449814802e-02 2.029035853017833665e-02 2.268193122958663335e-02 2.509440637306773261e-02 2.756438992992445158e-02 3.010992028265343720e-02 3.273542130354636231e-02 3.540106368650391272e-02 3.819652946235173319e-02 4.096141687335379949e-02 4.375238476505150659e-02 4.651901795896105224e-02 4.922144220832756767e-02 5.177517397309715913e-02 5.415483873764440070e-02 5.624885554046447911e-02 5.804711194721373646e-02 5.948517078097601690e-02 6.052745944559827923e-02 6.110298204840911712e-02 6.121694075339079166e-02 6.080583921232069616e-02 5.987834328446280802e-02 5.843772364823250631e-02 5.651772686629375625e-02 5.420499718157062441e-02 5.156858769364009581e-02 4.865329475296203271e-02 4.554200132817026736e-02 4.232307614651872885e-02 3.897091448443517486e-02 3.557186518086150051e-02 3.217397786906469465e-02 2.876199024309991290e-02 2.535819525098111787e-02 2.189508472301088596e-02 1.843636062210739918e-02 1.497660500547015605e-02 1.131422423926307409e-02 7.555188378718158404e-03
1.628580160449562969e-02 1.828551569806673854e-02 2.058030820611484943e-02 2.289240597486903381e-02 2.526177982961683166e-02 2.770666236329792642e-02 3.022598226343836680e-02 3.278549719059881129e-02 3.547469693403337149e-02 3.814300859080429346e-02 4.083931365579886175e-02 4.351614125692217921e-02 4.614342192431189482e-02 4.863541915042172981e-02 5.097215027362458212e-02 5.304635314995447687e-02 5.485592585087716022e-02 5.634022153953920087e-02 5.746970549953617918e-02 5.817899978388107324e-02 5.847467908908351997e-02 5.829447453614452351e-02 5.764506881066926852e-02 5.651772686629375625e-02 5.495267553712789715e-02 5.294152425427300912e-02 5.061520124468354281e-02 4.797577015112815951e-02 4.509238704732514841e-02 4.207824980069008874e-02 3.888696530790252542e-02 3.562384594947511085e-02 3.233405585979277908e-02 2.900649656822310712e-02 2.566451502487087852e-02 2.224513169181400324e-02 1.881906447181238076e-02 1.536831319604978034e-02 1.172102339064585996e-02 7.944371576195499718e-03
1.454047434953785987e-02 1.646263363384220871e-02 1.864728544849601766e-02 2.084612183507050798e-02 2.310123197099864939e-02 2.542930783015327420e-02 2.782960377051412262e-02 3.027166255292621649e-02 3.283447907370343199e-02 3.538810454720514587e-02 3.796622155468290516e-02 4.055907272961135901e-02 4.307192096746776527e-02 4.547451194572990629e-02 4.773906266240718343e-02 4.976086949885664967e-02 5.154537669924157822e-02 5.303578455761134153e-02 5.420895006981546471e-02 5.500695162426297996e-02 5.543924480829286877e-02 5.544855644562361047e-02 5.504216177325692294e-02 5.420499718157062441e-02 5.294152425427300912e-02 5.131856891220705486e-02 4.930676132275838702e-02 4.698114823838833720e-02 4.436622018704162312e-02 4.160730757635631299e-02 3.862492757961236145e-02 3.554237024039193921e-02 3.240128636211164759e-02 2.919423996476578492e-02 2.594567969638224281e-02 2.259924213615011404e-02 1.923128052437607718e-02 1.581078614006590707e-02 1.220559564998146586e-02 8.434897050461498055e-03
1.288512509069811643e-02 1.472333790914625955e-02 1.678985452244300194e-02 1.886847469358853696e-02 2.100213323908890414e-02 2.320655938862416917e-02 2.548020615386662260e-02 2.778337167051954382e-02 3.021874768487205209e-02 3.265059133032193611e-02 3.510609739732782619e-02 3.756051827275602023e-02 3.997044696139154252e-02 4.227108765922692885e-02 4.444724084461098429e-02 4.639723016469901595e-02 4.813366260512113443e-02 4.960359743930172621e-02 5.079011951078438863e-02 5.164367699777269727e-02 5.217706676156928791e-02 5.234014217973390753e-02 5.214298872153105835e-02 5.156858769364009581e-02 5.061520124468354281e-02 4.930676132275838702e-02 4.766862560503322410e-02 4.568601265635655745e-02 4.337082171594133090e-02 4.092433842287589163e-02 3.820420971442206604e-02 3.535381929120384042e-02 3.240922341871741580e-02 2.936593120175802485e-02 2.624945125001439464e-02 2.301171069908417369e-02 1.973335473639936319e-02 1.636905543732036089e-02 1.284042226650122798e-02 9.105167420603473005e-03
1.139286143501888095e-02 1.312308279493564801e-02 1.506229726807566116e-02 1.701084319107718651e-02 1.901312257484672266e-02 2.108394274296242210e-02 2.321700679519895366e-02 2.539017982933429451e-02 2.767960659660688091e-02 2.997740439077178909e-02 3.229558599029584698e-02 3.461559469497158675e-02 3.689969076240393747e-02 3.908280592777288454e-02 4.115418978252588511e-02 4.301410751124921245e-02 4.468136131747225959e-02 4.610654266518841166e-02 4.727835921426600668e-02 4.815578235571896931e-02 4.875450721388297631e-02 4.903263760525788245e-02 4.900426166741531087e-02 4.865329475296203271e-02 4.797577015112815951e-02 4.698114823838833720e-02 4.568601265635655745e-02 4.408708448637967126e-02 4.202736976971787469e-02 3.996882786953134814e-02 3.756024656703518816e-02 3.499121117429482980e-02 3.228891232598469357e-02 2.945134028457273637e-02 2.650485442327398314e-02 2.341087365037133883e-02 2.025296478010455564e-02 1.696902920655995670e-02 1.355180133103897795e-02 9.879824992113032944e-03
9.962238845226137340e-03 1.159964423629836032e-02 1.341879028525826134e-02 1.524598137423117429e-02 1.712396384114278983e-02 1.906674511603322769e-02 2.106219506801446095e-02 2.310675924577495002e-02 2.525347098039131682e-02 2.741643343152455614e-02 2.959486146049201613e-02 3.177935364389022910e-02 3.392908445056093403e-02 3.598378208895544605e-02 3.793755602720799702e-02 3.969243945288569025e-02 4.127261619844737467e-02 4.263196738036995059e-02 4.376412202650224736e-02 4.463635276530494855e-02 4.526613439567629682e-02 4.562013377656240487e-02 4.571665431735948137e-02 4.554200132817026736e-02 4.509238704732514841e-02 4.436622018704162312e-02 4.337082171594133090e-02 4.202736976971787469e-02 4.080029210510394827e-02 3.888211150946960237e-02 3.677708972657787317e-02 3.451658706847526153e-02 3.209006350548750802e-02 2.949323601026824712e-02 2.675074420022608562e-02 2.383324623098592027e-02 2.082508443450440880e-02 1.764453363962938462e-02 1.437075419851888310e-02 1.078750529601955888e-02
8.684072258611095357e-03 1.020927436282875050e-02 1.189121790145111074e-02 1.358144350631269696e-02 1.532078641662489374e-02 1.712260600365149779e-02 1.896934238495731270e-02 2.087478017113624656e-02 2.287104766616693263e-02 2.489098512685890621e-02 2.692496102756293530e-02 2.896002002257835189e-02 3.097339563454082692e-02 3.289783286734140888e-02 3.473167042626820050e-02 3.637862821340240999e-02 3.786722721460466373e-02 3.915433720265893563e-02 4.023789577036083337e-02 4.109330574502030597e-02 4.173827234622603383e-02 4.214841014173519723e-02 4.234651732161901633e-02 4.232307614651872885e-02 4.207824980069008874e-02 4.160730757635631299e-02 4.092433842287589163e-02 3.996882786953134814e-02 3.888211150946960237e-02 3.757156896029139465e-02 3.572318062605350092e-02 3.384368012135725162e-02 3.175003237146081791e-02 2.944759738121724771e-02 2.695985957915016107e-02 2.426784470125295176e-02 2.145490501734605843e-02 1.842007820659279094e-02 1.533278841585327193e-02 1.188303233499328482e-02
7.568764850371973753e-03 8.979532772872488369e-03 1.052379773246850218e-02 1.207604385759057306e-02 1.367469909980186839e-02 1.533340142217071329e-02 1.702505291061579343e-02 1.878450609823978032e-02 2.062471246399004768e-02 2.249272513508073987e-02 2.437016660080095626e-02 2.625502952078085164e-02 2.811939103841261389e-02 2.990184353382755594e-02 3.160379189883028017e-02 3.313072139654608256e-02 3.451438271114889295e-02 3.571446288571619720e-02 3.673145745587879513e-02 3.754895179298495256e-02 3.818325849658323751e-02 3.861909614169289212e-02 3.888328872604127767e-02 3.897091448443517486e-02 3.888696530790252542e-02 3.862492757961236145e-02 3.820420971442206604e-02 3.756024656703518816e-02 3.677708972657787317e-02 3.572318062605350092e-02 3.476164173533430324e-02 3.294790773133140366e-02 3.120140155193911954e-02 2.922429078260037685e-02 2.702904891312828822e-02 2.460455230503347246e-02 2.202936921681268936e-02 1.918623080760879090e-02 1.631903471651777876e-02 1.304776053734508709e-02
6.632066467053027159e-03 7.908527243968172318e-03 9.302216794641830072e-03 1.070475513957642837e-02 1.215142070477326711e-02 1.365500074109509028e-02 1.519241814022097813e-02 1.678955330877177424e-02 1.846535155413703971e-02 2.017230787986818916e-02 2.188575980293711379e-02 2.361062332854044904e-02 2.531896414882342863e-02 2.695245541954337243e-02 2.851562318887393421e-02 2.991665904687810032e-02 3.118938775267608363e-02 3.229628930097934447e-02 3.324057700576660973e-02 3.401449833543240125e-02 3.462916372178902191e-02 3.507897426753806697e-02 3.539351845374984901e-02 3.557186518086150051e-02 3.562384594947511085e-02 3.554237024039193921e-02 3.535381929120384042e-02 3.499121117429482980e-02 3.451658706847526153e-02 3.384368012135725162e-02 3.294790773133140366e-02 3.181160405040818484e-02 3.043952684819078991e-02 2.883147604595710789e-02 2.697604842644203346e-02 2.487114640957939493e-02 2.258605673608458583e-02 1.999223820399583310e-02 1.738166546069067411e-02 1.434143480759138799e-02
5.678485894631709469e-03 6.831278273898849437e-03 8.084102626940070299e-03 9.346442046633809606e-03 1.065018290982113099e-02 1.200782657243619142e-02 1.339886528505489748e-02 1.483939023931146045e-02 1.635870494736307509e-02 1.791052863767226069e-02 1.946567702760512372e-02 2.103545060278225534e-02 2.259201705126777371e-02 2.407997565426318182e-02 2.550598773630665533e-02 2.678299898584942870e-02 2.794476051905154732e-02 2.895629075359800256e-02 2.982289659315558172e-02 3.054884541854362145e-02 3.113257425768065079e-02 3.158198172833157069e-02 3.192816436569664851e-02 3.217397786906469465e-02 3.233405585979277908e-02 3.240128636211164759e-02 3.240922341871741580e-02 3.228891232598469357e-02 3.209006350548750802e-02 3.175003237146081791e-02 3.120140155193911954e-02 3.043952684819078991e-02 2.947570087985671577e-02 2.826469196727675326e-02 2.678532154792190312e-02 2.504997272562389798e-02 2.310867549348552541e-02 2.082554582471839513e-02 1.851723856059856246e-02 1.577398537199463033e-02
4.809007368794778262e-03 5.835812873282396167e-03 6.947234464208136388e-03 8.068830457626770605e-03 9.228950614619381085e-03 1.043979985911440769e-02 1.168420493925366628e-02 1.296590934216347926e-02 1.432765503167966747e-02 1.572210967295915168e-02 1.711672701630255478e-02 1.852911789432190592e-02 1.993132518108481355e-02 2.127135121024880185e-02 2.255366661623172536e-02 2.370520522858696535e-02 2.475215551450329898e-02 2.566369394275582957e-02 2.644361074996606081e-02 2.712879202490347738e-02 2.766840412295789794e-02 2.810522442153336187e-02 2.846785136713563327e-02 2.876199024309991290e-02 2.900649656822310712e-02 2.919423996476578492e-02 2.936593120175802485e-02 2.945134028457273637e-02 2.949323601026824712e-02 2.944759738121724771e-02 2.922429078260037685e-02 2.883147604595710789e-02 2.826469196727675326e-02 2.753737523452196717e-02 2.637798224356353513e-02 2.506770161869690400e-02 2.352742098988425817e-02 2.161949530465949107e-02 1.967273584643879775e-02 1.730300855633426504e-02
4.073410904041531271e-03 4.970843522878568531e-03 5.942794201173656234e-03 6.925216814449731279e-03 7.942822650588573022e-03 9.007429986270319711e-03 1.010509107201797499e-02 1.122777742737484166e-02 1.243095343534867357e-02 1.366576460521582749e-02 1.489694233448162451e-02 1.614834544450131915e-02 1.739096972495006097e-02 1.857256262820126264e-02 1.974720314733556872e-02 2.074710332199612012e-02 2.167330326671785407e-02 2.248463138150394447e-02 2.320168392903421140e-02 2.372367472913532865e-02 2.424919813929428056e-02 2.466774132199123920e-02 2.503371391234768609e-02 2.535819525098111787e-02 2.566451502487087852e-02 2.594567969638224281e-02 2.624945125001439464e-02 2.650485442327398314e-02 2.675074420022608562e-02 2.695985957915016107e-02 2.702904891312828822e-02 2.697604842644203346e-02 2.678532154792190312e-02 2.637798224356353513e-02 2.593642941971080126e-02 2.493254920659054852e-02 2.383792943756875282e-02 2.236664843525206295e-02 2.085018655341971602e-02 1.895324083365922119e-02
3.482159822973020756e-03 4.244032349774935590e-03 5.070698102095439960e-03 5.907630349965719251e-03 6.776203291202790788e-03 7.687688668406186115e-03 8.630864216094892225e-03 9.587680832496036851e-03 1.062416361518318288e-02 1.169064839853546471e-02 1.274943986423464522e-02 1.383118800935505613e-02 1.490613596054796673e-02 1.592791384734528262e-02 1.692452350193566699e-02 1.779297977045938076e-02 1.858793767951848891e-02 1.927894286083320710e-02 1.988464809783859616e-02 2.037653093998132228e-02 2.082493704134764576e-02 2.120413172780278438e-02 2.155680056032769840e-02 2.189508472301088596e-02 2.224513169181400324e-02 2.259924213615011404e-02 2.301171069908417369e-02 2.341087365037133883e-02 2.383324623098592027e-02 2.426784470125295176e-02 2.460455230503347246e-02 2.487114640957939493e-02 2.504997272562389798e-02 2.506770161869690400e-02 2.493254920659054852e-02 2.461013093273361693e-02 2.395058322850383489e-02 2.298594860254080802e-02 2.198707279480933974e-02 2.068463192635028661e-02
2.836147338608612303e-03 3.468680905588691736e-03 4.157566471007266735e-03 4.855936151809008873e-03 5.582093552568124714e-03 6.346720134041429137e-03 7.140766815881193115e-03 7.938468188737347539e-03 8.813524752396103418e-03 9.716549560753901318e-03 1.060738880745271985e-02 1.152373831233910288e-02 1.243426003023414411e-02 1.329673608536682990e-02 1.413897241607749676e-02 1.486811696348605896e-02 1.553374703356581212e-02 1.610918838446241327e-02 1.661371957189517259e-02 1.703307089150859002e-02 1.741784291333491747e-02 1.775698224965815628e-02 1.809186125045241303e-02 1.843636062210739918e-02 1.881906447181238076e-02 1.923128052437607718e-02 1.973335473639936319e-02 2.025296478010455564e-02 2.082508443450440880e-02 2.145490501734605843e-02 2.202936921681268936e-02 2.258605673608458583e-02 2.310867549348552541e-02 2.352742098988425817e-02 2.383792943756875282e-02 2.395058322850383489e-02 2.387964742914822427e-02 2.350369436402447582e-02 2.312254631992209306e-02 2.258029866849552841e-02
2.436873351221302466e-03 2.932288019573103897e-03 3.480404745103276697e-03 4.036235035265998451e-03 4.615643478010690928e-03 5.228748230780100835e-03 5.867152119937390359e-03 6.500967324737465941e-03 7.207664612064202184e-03 7.939760533265992695e-03 8.654184082630101207e-03 9.396200998930697226e-03 1.013207099426282135e-02 1.082409594151836733e-02 1.150113847740850091e-02 1.207759935830053470e-02 1.260011534617854964e-02 1.304546101018790732e-02 1.343475150188174969e-02 1.376115112551683749e-02 1.406693279947685005e-02 1.434850722989435869e-02 1.464665315622958909e-02 1.497660500547015605e-02 1.536831319604978034e-02 1.581078614006590707e-02 1.636905543732036089e-02 1.696902920655995670e-02 1.764453363962938462e-02 1.842007820659279094e-02 1.918623080760879090e-02 1.999223820399583310e-02 2.082554582471839513e-02 2.161949530465949107e-02 2.236664843525206295e-02 2.298594860254080802e-02 2.350369436402447582e-02 2.424305821502616490e-02 2.412830218291571460e-02 2.459894662464462423e-02
1.835557672794394229e-03 2.211786872028986221e-03 2.634270320390028064e-03 3.061108745886820942e-03 3.505645264490679733e-03 3.976490637058260370e-03 4.468084867707643355e-03 4.942165611762900854e-03 5.481502168648199648e-03 6.041735169714979384e-03 6.576543372490564233e-03 7.139640168484732291e-03 7.694415239535142177e-03 8.208658423105748975e-03 8.712632582181568247e-03 9.127770262835410015e-03 9.498386400121695480e-03 9.804952263780260246e-03 1.007108131799645812e-02 1.029556680343567988e-02 1.051689786750915900e-02 1.073696224322015849e-02 1.099687987353132647e-02 1.131422423926307409e-02 1.172102339064585996e-02 1.220559564998146586e-02 1.284042226650122798e-02 1.355180133103897795e-02 1.437075419851888310e-02 1.533278841585327193e-02 1.631903471651777876e-02 1.738166546069067411e-02 1.851723856059856246e-02 1.967273584643879775e-02 2.085018655341971602e-02 2.198707279480933974e-02 2.312254631992209306e-02 2.412830218291571460e-02 2.566834508381911698e-02 2.735522948018693362e-02
1.606431117610677669e-03 1.850841114431344379e-03 2.143849473755945687e-03 2.436848366747096373e-03 2.741327742127870008e-03 3.063893529266125109e-03 3.398754085423557475e-03 3.703657812390777435e-03 4.062007041081790171e-03 4.435231423038543848e-03 4.773037353524833479e-03 5.138262343595535048e-03 5.490634995823416228e-03 5.805004541163601671e-03 6.109368132543417651e-03 6.337454459741102136e-03 6.528144905314742924e-03 6.665854379089721990e-03 6.776687156442494364e-03 6.864747165549401481e-03 6.968177820303088355e-03 7.093261415144558497e-03 7.282120223625848307e-03 7.555188378718158404e-03 7.944371576195499718e-03 8.434897050461498055e-03 9.105167420603473005e-03 9.879824992113032944e-03 1.078750529601955888e-02 1.188303233499328482e-02 1.304776053734508709e-02 1.434143480759138799e-02 1.577398537199463033e-02 1.730300855633426504e-02 1.895324083365922119e-02 2.068463192635028661e-02 2.258029866849552841e-02 2.459894662464462423e-02 2.735522948018693362e-02 3.146992129602577126e-02
