8.194431401894458622e-02 7.786932202367698175e-02 7.627652169835386076e-02 7.530923617057881658e-02 7.408295510906445780e-02 7.274047881116420255e-02 7.126046048137182898e-02 6.986653648826622598e-02 6.821245873926549963e-02 6.621072548295758864e-02 6.398179437867394792e-02 6.140936804408351352e-02 5.861205294478476907e-02 5.549618443646516658e-02 5.220170008888981583e-02 4.867859297441163441e-02 4.503704399499437738e-02 4.140252344433855564e-02 3.774546881079979960e-02 3.415289467672829454e-02 3.074150864915802667e-02 2.741448813598059905e-02 2.429914388769727207e-02 2.138102486505194522e-02 1.870690032993321122e-02 1.627001118107676558e-02 1.400512117211830283e-02 1.194828840354239356e-02 1.007710691472770738e-02 8.460124242522791202e-03 7.042586513189974876e-03 5.823179202338966270e-03 4.707839496949005505e-03 3.687058917477376192e-03 2.814027878914001236e-03 2.231720260701070945e-03 1.466217752327489063e-03 9.630812119936409208e-04 1.887243857230278227e-04 -2.599990107763858757e-04
7.786932202367698175e-02 7.473336382119617760e-02 7.375363560584766165e-02 7.319903269020580638e-02 7.242512963939176651e-02 7.150946565973768931e-02 7.042602052167526439e-02 6.938075462207990429e-02 6.806962355565208955e-02 6.639867280790176518e-02 6.447827843459628949e-02 6.218897865921443197e-02 5.965537793529834126e-02 5.677723946386480092e-02 5.369078825542600297e-02 5.034573147082239963e-02 4.686348241095241590e-02 4.332512564415631068e-02 3.976590300923728977e-02 3.623786431723025059e-02 3.286061707199305904e-02 2.954643760540355893e-02 2.642225035810278830e-02 2.347534083526287355e-02 2.075738214412731902e-02 1.826017786329018830e-02 1.592539499315053300e-02 1.378624583838724063e-02 1.178557785559969893e-02 1.007718072401517055e-02 8.550430365618540141e-03 7.188894239608557314e-03 5.939552742060461542e-03 4.773174485452343074e-03 3.750658895631680395e-03 2.994042500480828366e-03 2.067352489172172552e-03 1.391592988388302499e-03 4.513387407629899776e-04 -1.835890074310466704e-04
7.627652169835386076e-02 7.375363560584766165e-02 7.451702803601886749e-02 7.324023669961281235e-02 7.295066822898263470e-02 7.249498936552217776e-02 7.184161595194357708e-02 7.117508456680424200e-02 7.022724491211948528e-02 6.888936196075458318e-02 6.726417519347495377e-02 6.523239281651123378e-02 6.291275570752051516e-02 6.020495844717025508e-02 5.724340087745025119e-02 5.397876268464054522e-02 5.053551577802812417e-02 4.699752188939795156e-02 4.340285645341355331e-02 3.981120735398109567e-02 3.633935285574012297e-02 3.291075964832841649e-02 2.965630599663935524e-02 2.656552588652888805e-02 2.369502353744618039e-02 2.103232534352401581e-02 1.852661065147544542e-02 1.620884583399879314e-02 1.403872402240338366e-02 1.213844042519933962e-02 1.042701224818234906e-02 8.866952884443632041e-03 7.431222484941744227e-03 6.073709310538097893e-03 4.860738025667027395e-03 3.904299004589323243e-03 2.788747546011216549e-03 1.924205391946922413e-03 7.970060936778002774e-04 -3.150173018946691040e-05
7.530923617057881658e-02 7.319903269020580638e-02 7.324023669961281235e-02 7.370208999792095261e-02 7.381192739057680641e-02 7.380770523839674802e-02 7.358675867245580149e-02 7.329957272091025544e-02 7.272440471449762023e-02 7.172975049898573652e-02 7.040890437890144626e-02 6.864154354558278659e-02 6.653887146629772209e-02 6.400013590312662870e-02 6.115694373165320163e-02 5.796189855219743836e-02 5.454173365448568983e-02 5.098349406766412156e-02 4.732961226551548467e-02 4.364823827987561466e-02 4.005340429960071308e-02 3.648196795424369504e-02 3.306939160911764181e-02 2.980844393775103351e-02 2.676154461798531045e-02 2.391138301063873775e-02 2.121680254696424114e-02 1.870376538695034049e-02 1.634995561685887583e-02 1.424800596270452829e-02 1.234414797054259917e-02 1.058012798817186371e-02 8.953735871169710148e-03 7.402120672675665917e-03 5.994910687796484693e-03 4.835215239707318577e-03 3.525954286954630177e-03 2.465291069000406614e-03 1.143093672551589047e-03 1.074590285764189977e-04
7.408295510906445780e-02 7.242512963939176651e-02 7.295066822898263470e-02 7.381192739057680641e-02 7.445715988981425892e-02 7.494600606111832819e-02 7.520496836213341751e-02 7.533666317904608167e-02 7.518848794001956048e-02 7.459070009193141670e-02 7.362582396681921493e-02 7.217075766313089946e-02 7.032852204270952090e-02 6.799674702069223586e-02 6.530321345356226992e-02 6.220293552185386654e-02 5.882413196367622388e-02 5.525724954582369314e-02 5.155044216831394105e-02 4.778110892713247071e-02 4.406126842048919967e-02 4.034254968834494193e-02 3.676554814120484155e-02 3.332650187206889769e-02 3.009605835975946025e-02 2.704862567491546008e-02 2.415668207697260761e-02 2.143761815876597115e-02 1.888768620547353824e-02 1.657249574364656058e-02 1.446483193145798631e-02 1.248421123325445768e-02 1.065449186077483019e-02 8.896149178060431748e-03 7.280946639106843782e-03 5.904113111675336409e-03 4.385811015599253536e-03 3.112006839429215868e-03 1.577392756204291186e-03 3.138122435287160833e-04
7.274047881116420255e-02 7.150946565973768931e-02 7.249498936552217776e-02 7.380770523839674802e-02 7.494600606111832819e-02 7.603540521770757454e-02 7.672140003098296135e-02 7.728985687391683179e-02 7.762943386468854068e-02 7.748677823463606673e-02 7.693450878895599643e-02 7.584507572996697367e-02 7.431290091700694378e-02 7.223221522374846659e-02 6.972541148605312933e-02 6.674986256337932244e-02 6.343407484653035278e-02 5.987175004629141650e-02 5.611800003367240636e-02 5.226025370749334820e-02 4.840948440385239165e-02 4.453348936048491524e-02 4.077844038714709130e-02 3.714008121967270204e-02 3.372598820447638562e-02 3.046037536131768891e-02 2.735829831364157763e-02 2.441660384566234770e-02 2.165446401683597880e-02 1.911168791608727768e-02 1.679261428197062131e-02 1.457931520130405570e-02 1.253409159874438461e-02 1.055732993443289809e-02 8.721359229025657522e-03 7.114003156703662886e-03 5.371803188225988263e-03 3.867747941090220447e-03 2.102418094357989299e-03 5.872921460593808450e-04
7.126046048137182898e-02 7.042602052167526439e-02 7.184161595194357708e-02 7.358675867245580149e-02 7.520496836213341751e-02 7.672140003098296135e-02 7.853296083126588834e-02 7.896616965672474675e-02 7.990716235676771639e-02 8.029136132612048338e-02 8.021633023157363762e-02 7.955327394949732178e-02 7.838882327531761229e-02 7.661149040046404124e-02 7.433628231435185363e-02 7.152242988225569753e-02 6.829729394780707785e-02 6.475770055623948640e-02 6.096722207238712554e-02 5.702483785300698632e-02 5.304252513600637986e-02 4.900650351090621998e-02 4.507063375160055146e-02 4.124566516058557342e-02 3.758461689757375962e-02 3.408956134617700112e-02 3.077612251399224064e-02 2.757239183674554256e-02 2.455383570043183361e-02 2.174148641502915771e-02 1.914231280082040812e-02 1.670913958755751438e-02 1.445303003291665937e-02 1.226867243957014200e-02 1.022227806049607994e-02 8.391692224120084545e-03 6.428765386620681997e-03 4.692239294636399438e-03 2.689167390699626851e-03 9.056128738332999651e-04
6.986653648826622598e-02 6.938075462207990429e-02 7.117508456680424200e-02 7.329957272091025544e-02 7.533666317904608167e-02 7.728985687391683179e-02 7.896616965672474675e-02 8.101486219593352633e-02 8.232763396143062684e-02 8.322761958913779679e-02 8.365154855372329556e-02 8.344837549212183458e-02 8.269060079346031433e-02 8.125515104699840285e-02 7.924553638490806906e-02 7.662105385540968205e-02 7.350521209785328136e-02 6.999692418288233631e-02 6.616894198803559279e-02 6.213226846917447449e-02 5.800016935563232640e-02 5.377878309052691597e-02 4.963152218420287948e-02 4.557919323543566797e-02 4.169819922793113059e-02 3.801662201737542740e-02 3.431740961249186289e-02 3.094996046282090865e-02 2.774485298537108721e-02 2.473009605023039625e-02 2.193183214474476311e-02 1.924572638598036692e-02 1.673456513597692749e-02 1.428255876323728142e-02 1.196189885622828651e-02 9.846556340863258858e-03 7.606763839617038114e-03 5.583504811845206930e-03 3.290366022963818644e-03 1.180934083065263672e-03
6.821245873926549963e-02 6.806962355565208955e-02 7.022724491211948528e-02 7.272440471449762023e-02 7.518848794001956048e-02 7.762943386468854068e-02 7.990716235676771639e-02 8.232763396143062684e-02 8.443405738607180633e-02 8.584817433316754842e-02 8.686418623669836525e-02 8.721129946547992451e-02 8.695173912579523545e-02 8.594627023244640063e-02 8.428431245374591596e-02 8.192309767796769615e-02 7.897901515926679383e-02 7.555152619905498856e-02 7.172313410627427499e-02 6.761825718442747435e-02 6.335353252626428622e-02 5.895622685313146177e-02 5.459881342437167967e-02 5.031012696853792016e-02 4.617521213200260349e-02 4.220453578496114605e-02 3.832302913521135751e-02 3.466135965962943016e-02 3.119373380738696758e-02 2.791257428419054165e-02 2.486110507253113527e-02 2.191411321066477971e-02 1.915582295267002563e-02 1.645463982807854678e-02 1.387910736158644992e-02 1.149403727403209945e-02 8.987747110514152440e-03 6.679901721970304095e-03 4.091403950700790194e-03 1.636682135616165197e-03
6.621072548295758864e-02 6.639867280790176518e-02 6.888936196075458318e-02 7.172975049898573652e-02 7.459070009193141670e-02 7.748677823463606673e-02 8.029136132612048338e-02 8.322761958913779679e-02 8.584817433316754842e-02 8.799901259827380695e-02 8.967499101686567109e-02 9.064052821585880104e-02 9.096040348083157812e-02 9.046503123707835825e-02 8.922641808182546486e-02 8.719626586894667353e-02 8.447892431516515477e-02 8.117187327747475700e-02 7.736790763275418203e-02 7.320713551637764160e-02 6.881330710804126061e-02 6.423861900197955221e-02 5.966866926641819363e-02 5.514424535959112222e-02 5.076148446207073145e-02 4.653305208968354367e-02 4.240361163134345052e-02 3.848086297139798745e-02 3.476110994413081356e-02 3.121998595585319045e-02 2.791509747763381427e-02 2.470560115102153967e-02 2.169392354689184121e-02 1.873516440582574313e-02 1.589443277057685233e-02 1.322664209514684899e-02 1.044117025524039441e-02 7.833087233084994744e-03 4.931919272165303202e-03 2.108294055943657399e-03
6.398179437867394792e-02 6.447827843459628949e-02 6.726417519347495377e-02 7.040890437890144626e-02 7.362582396681921493e-02 7.693450878895599643e-02 8.021633023157363762e-02 8.365154855372329556e-02 8.686418623669836525e-02 8.967499101686567109e-02 9.207637664908925601e-02 9.366105948850103613e-02 9.465759591913289195e-02 9.476651096647613348e-02 9.404556850833374615e-02 9.243764260523446019e-02 9.002794240052774954e-02 8.690754440229835065e-02 8.317868510930219450e-02 7.899771838120997480e-02 7.449712956017123799e-02 6.975537147856521181e-02 6.497262333000886070e-02 6.020351218994829390e-02 5.555738258117324385e-02 5.106104427340973223e-02 4.665395858008639096e-02 4.245432244088376966e-02 3.846597907984081188e-02 3.465304775720102343e-02 3.108334165024478554e-02 2.760336362565922810e-02 2.433069986893888689e-02 2.110774183697512740e-02 1.799511994144568569e-02 1.503523441085717789e-02 1.196164218440878488e-02 9.039770904994672007e-03 5.808793188273125851e-03 2.589726392737279857e-03
6.140936804408351352e-02 6.218897865921443197e-02 6.523239281651123378e-02 6.864154354558278659e-02 7.217075766313089946e-02 7.584507572996697367e-02 7.955327394949732178e-02 8.344837549212183458e-02 8.721129946547992451e-02 9.064052821585880104e-02 9.366105948850103613e-02 9.625082593704807621e-02 9.783661465551551917e-02 9.862404895204257560e-02 9.851194117900273495e-02 9.742373513145551056e-02 9.541252965362213845e-02 9.255571168563267448e-02 8.896274967522999066e-02 8.480611798825568592e-02 8.022899250570239560e-02 7.533758574214012571e-02 7.034915840346529781e-02 6.533514518546104655e-02 6.042443743911464493e-02 5.558808466226935335e-02 5.093707074490885084e-02 4.645588691781899621e-02 4.219281588722140902e-02 3.810255327323464059e-02 3.426483297840590692e-02 3.051358598755822896e-02 2.697964207342259946e-02 2.349359042375587583e-02 2.011162747342033416e-02 1.686005335236137256e-02 1.350093885009133812e-02 1.026544041550542068e-02 6.703761526515980909e-03 3.083531516307553167e-03
5.861205294478476907e-02 5.965537793529834126e-02 6.291275570752051516e-02 6.653887146629772209e-02 7.032852204270952090e-02 7.431290091700694378e-02 7.838882327531761229e-02 8.269060079346031433e-02 8.695173912579523545e-02 9.096040348083157812e-02 9.465759591913289195e-02 9.783661465551551917e-02 1.002627595350212841e-01 1.018277703075609886e-01 1.024148147621325444e-01 1.019531669359440285e-01 1.004449727202284676e-01 9.794546229704213791e-02 9.456816520087671374e-02 9.049990651488194759e-02 8.589516026543750349e-02 8.088851633926333329e-02 7.571573674835457846e-02 7.046647254240401281e-02 6.528802316318037258e-02 6.020157777516521591e-02 5.524226831308101660e-02 5.047484915570688013e-02 4.593008113297668282e-02 4.156620418819330365e-02 3.746131664418071022e-02 3.344269756340881306e-02 2.965143549430746678e-02 2.590703936409263081e-02 2.226253363114793701e-02 1.872055876292337551e-02 1.507882576463076031e-02 1.152807137508352932e-02 7.630423989578698392e-03 3.595010633834553031e-03
5.549618443646516658e-02 5.677723946386480092e-02 6.020495844717025508e-02 6.400013590312662870e-02 6.799674702069223586e-02 7.223221522374846659e-02 7.661149040046404124e-02 8.125515104699840285e-02 8.594627023244640063e-02 9.046503123707835825e-02 9.476651096647613348e-02 9.862404895204257560e-02 1.018277703075609886e-01 1.042134493370785175e-01 1.054976385338752404e-01 1.057685576380138631e-01 1.048700092561117569e-01 1.028305988323336417e-01 9.976326091669660001e-02 9.586434238186318513e-02 9.129836130125870697e-02 8.622676680602314736e-02 8.090469659657661960e-02 7.544172626912445945e-02 7.000890330831724406e-02 6.464767926397076148e-02 5.940162155946961120e-02 5.434975118404561378e-02 4.952124234950268378e-02 4.488652911139959234e-02 4.051712836863675948e-02 3.623709375009106365e-02 3.219521412520919001e-02 2.820036874215042441e-02 2.431475360016183487e-02 2.048622614904321501e-02 1.657375360314942633e-02 1.271837923064312627e-02 8.494997599341797337e-03 4.052323947646422307e-03
5.220170008888981583e-02 5.369078825542600297e-02 5.724340087745025119e-02 6.115694373165320163e-02 6.530321345356226992e-02 6.972541148605312933e-02 7.433628231435185363e-02 7.924553638490806906e-02 8.428431245374591596e-02 8.922641808182546486e-02 9.404556850833374615e-02 9.851194117900273495e-02 1.024148147621325444e-01 1.054976385338752404e-01 1.079483417905478249e-01 1.087651790022902271e-01 1.085493765238695202e-01 1.070617466258499267e-01 1.044031738228290845e-01 1.007676978847713706e-01 9.632436276115149965e-02 9.125633306565163194e-02 8.583765049651805035e-02 8.019642705632619439e-02 7.453187936171354333e-02 6.890718295802165938e-02 6.338349913265071967e-02 5.805196369146878310e-02 5.294213902297878471e-02 4.804139685158248518e-02 4.341251121185904505e-02 3.888024217999201670e-02 3.459968975059769108e-02 3.037782769130313240e-02 2.616205510795671998e-02 2.212405064299462210e-02 1.796150970579564812e-02 1.381670116458799148e-02 9.280995356985672143e-03 4.439582852137780554e-03
4.867859297441163441e-02 5.034573147082239963e-02 5.397876268464054522e-02 5.796189855219743836e-02 6.220293552185386654e-02 6.674986256337932244e-02 7.152242988225569753e-02 7.662105385540968205e-02 8.192309767796769615e-02 8.719626586894667353e-02 9.243764260523446019e-02 9.742373513145551056e-02 1.019531669359440285e-01 1.057685576380138631e-01 1.087651790022902271e-01 1.106156457224942852e-01 1.110998037869204841e-01 1.102487575734093089e-01 1.081065428312421167e-01 1.048458933633072687e-01 1.006314890378162130e-01 9.566039893103052416e-02 9.021655055771797549e-02 8.445284153515640602e-02 7.859565637488451217e-02 7.273392681185662789e-02 6.695146286601068308e-02 6.135338389397328174e-02 5.597171590733495544e-02 5.081505624308802621e-02 4.593627277671686465e-02 4.116422917467609660e-02 3.665647776493981269e-02 3.220988480131654202e-02 2.782271973440472723e-02 2.351428227207265700e-02 1.912064080772529068e-02 1.471201520470237674e-02 9.892542384298784464e-03 4.684562332502665780e-03
4.503704399499437738e-02 4.686348241095241590e-02 5.053551577802812417e-02 5.454173365448568983e-02 5.882413196367622388e-02 6.343407484653035278e-02 6.829729394780707785e-02 7.350521209785328136e-02 7.897901515926679383e-02 8.447892431516515477e-02 9.002794240052774954e-02 9.541252965362213845e-02 1.004449727202284676e-01 1.048700092561117569e-01 1.085493765238695202e-01 1.110998037869204841e-01 1.123610107575313682e-01 1.122182156919259294e-01 1.107084463673276425e-01 1.079538049989631904e-01 1.041035763067266473e-01 9.935431319900728253e-02 9.399689879432240880e-02 8.819818819150047895e-02 8.221683467606609452e-02 7.617047510923086184e-02 7.016906013688110899e-02 6.433430048937553714e-02 5.870331021085011675e-02 5.331004230992351933e-02 4.819794755132432440e-02 4.320422171435119030e-02 3.848813420066788532e-02 3.384044360779086408e-02 2.926050749658748451e-02 2.473215500462271760e-02 2.013395525559218135e-02 1.548748446689107890e-02 1.041063942449975931e-02 4.862759543988943653e-03
4.140252344433855564e-02 4.332512564415631068e-02 4.699752188939795156e-02 5.098349406766412156e-02 5.525724954582369314e-02 5.987175004629141650e-02 6.475770055623948640e-02 6.999692418288233631e-02 7.555152619905498856e-02 8.117187327747475700e-02 8.690754440229835065e-02 9.255571168563267448e-02 9.794546229704213791e-02 1.028305988323336417e-01 1.070617466258499267e-01 1.102487575734093089e-01 1.122182156919259294e-01 1.128558903095620986e-01 1.120271949844064696e-01 1.098875715002845116e-01 1.065328607409492534e-01 1.021372904944766041e-01 9.698630807426897316e-02 9.125464483887364697e-02 8.523204946147587557e-02 7.906708146629327916e-02 7.289786348987327413e-02 6.686501462109291360e-02 6.101359471670105700e-02 5.540650704413847827e-02 5.007975806937038643e-02 4.488358449136867906e-02 3.997272268479933749e-02 3.514207394804100965e-02 3.037564356165279450e-02 2.567374163579426785e-02 2.089546473543777219e-02 1.604040978124872049e-02 1.073916637379072024e-02 4.889041912892759002e-03
3.774546881079979960e-02 3.976590300923728977e-02 4.340285645341355331e-02 4.732961226551548467e-02 5.155044216831394105e-02 5.611800003367240636e-02 6.096722207238712554e-02 6.616894198803559279e-02 7.172313410627427499e-02 7.736790763275418203e-02 8.317868510930219450e-02 8.896274967522999066e-02 9.456816520087671374e-02 9.976326091669660001e-02 1.044031738228290845e-01 1.081065428312421167e-01 1.107084463673276425e-01 1.120271949844064696e-01 1.119646251988395402e-01 1.105094114596577720e-01 1.077786286345656375e-01 1.038756108485940771e-01 9.906768043702861293e-02 9.352678399134140008e-02 8.757069653187084246e-02 8.137874096338564012e-02 7.511679308331269123e-02 6.894545254924874800e-02 6.292031914243911839e-02 5.713629417285243789e-02 5.162316549061556764e-02 4.625101793464469341e-02 4.116907275520551024e-02 3.617570236413725215e-02 3.133152061770409086e-02 2.639313387036937991e-02 2.146559766125921351e-02 1.643273199632964976e-02 1.093930198570792350e-02 4.822507207687296363e-03
3.415289467672829454e-02 3.623786431723025059e-02 3.981120735398109567e-02 4.364823827987561466e-02 4.778110892713247071e-02 5.226025370749334820e-02 5.702483785300698632e-02 6.213226846917447449e-02 6.761825718442747435e-02 7.320713551637764160e-02 7.899771838120997480e-02 8.480611798825568592e-02 9.049990651488194759e-02 9.586434238186318513e-02 1.007676978847713706e-01 1.048458933633072687e-01 1.079538049989631904e-01 1.098875715002845116e-01 1.105094114596577720e-01 1.099080911071712990e-01 1.078037673622959519e-01 1.045054449333795016e-01 1.001698431832291208e-01 9.494819141271826357e-02 8.917982456468201424e-02 8.307061537266104134e-02 7.680991025598053745e-02 7.057708164561318775e-02 6.443953623817579024e-02 5.852644433630315585e-02 5.286380407120593039e-02 4.734845784547793424e-02 4.212627471605853019e-02 3.702203536895724845e-02 3.190267890342408930e-02 2.689714343363353369e-02 2.185197063656063934e-02 1.667333632068032298e-02 1.102281559355380858e-02 4.682935447209583650e-03
3.074150864915802667e-02 3.286061707199305904e-02 3.633935285574012297e-02 4.005340429960071308e-02 4.406126842048919967e-02 4.840948440385239165e-02 5.304252513600637986e-02 5.800016935563232640e-02 6.335353252626428622e-02 6.881330710804126061e-02 7.449712956017123799e-02 8.022899250570239560e-02 8.589516026543750349e-02 9.129836130125870697e-02 9.632436276115149965e-02 1.006314890378162130e-01 1.041035763067266473e-01 1.065328607409492534e-01 1.077786286345656375e-01 1.078037673622959519e-01 1.065327479452204268e-01 1.038745708474096696e-01 1.001256511860995901e-01 9.535066825112659128e-02 8.990402614230699752e-02 8.400834850002145138e-02 7.786752939372157400e-02 7.167509590988536960e-02 6.550875288089434700e-02 5.953278858157665110e-02 5.377132585776042001e-02 4.815144374014999895e-02 4.281375581052270646e-02 3.759132734409255383e-02 3.241221822509497696e-02 2.726287652051881047e-02 2.211105135449704592e-02 1.680806898788587272e-02 1.102680972181926781e-02 4.497533474169889724e-03
2.741448813598059905e-02 2.954643760540355893e-02 3.291075964832841649e-02 3.648196795424369504e-02 4.034254968834494193e-02 4.453348936048491524e-02 4.900650351090621998e-02 5.377878309052691597e-02 5.895622685313146177e-02 6.423861900197955221e-02 6.975537147856521181e-02 7.533758574214012571e-02 8.088851633926333329e-02 8.622676680602314736e-02 9.125633306565163194e-02 9.566039893103052416e-02 9.935431319900728253e-02 1.021372904944766041e-01 1.038756108485940771e-01 1.045054449333795016e-01 1.038745708474096696e-01 1.019983364330124542e-01 9.888996747322158221e-02 9.467115039745115090e-02 8.968035261983890727e-02 8.414134608796436376e-02 7.825599777824840397e-02 7.222529188244922183e-02 6.613317747666365432e-02 6.017829485566847381e-02 5.438472882202835534e-02 4.871320450264826629e-02 4.330201688675999749e-02 3.800028340249874542e-02 3.274747421141422504e-02 2.749818650422846192e-02 2.226425832694192697e-02 1.686333827699795437e-02 1.098134464297671926e-02 4.304706504403627530e-03
2.429914388769727207e-02 2.642225035810278830e-02 2.965630599663935524e-02 3.306939160911764181e-02 3.676554814120484155e-02 4.077844038714709130e-02 4.507063375160055146e-02 4.963152218420287948e-02 5.459881342437167967e-02 5.966866926641819363e-02 6.497262333000886070e-02 7.034915840346529781e-02 7.571573674835457846e-02 8.090469659657661960e-02 8.583765049651805035e-02 9.021655055771797549e-02 9.399689879432240880e-02 9.698630807426897316e-02 9.906768043702861293e-02 1.001698431832291208e-01 1.001256511860995901e-01 9.888996747322158221e-02 9.646758902302673966e-02 9.291732460443762054e-02 8.852918858643303579e-02 8.350550897896037716e-02 7.802919396472574043e-02 7.230225384923785747e-02 6.640777612550610720e-02 6.057710173760318118e-02 5.483447837961526183e-02 4.917597887694036274e-02 4.374084944179201795e-02 3.839735375445148258e-02 3.309323458106830373e-02 2.776918076142665184e-02 2.247092715398582574e-02 1.699081481880618250e-02 1.102842585515290130e-02 4.235188442192355622e-03
2.138102486505194522e-02 2.347534083526287355e-02 2.656552588652888805e-02 2.980844393775103351e-02 3.332650187206889769e-02 3.714008121967270204e-02 4.124566516058557342e-02 4.557919323543566797e-02 5.031012696853792016e-02 5.514424535959112222e-02 6.020351218994829390e-02 6.533514518546104655e-02 7.046647254240401281e-02 7.544172626912445945e-02 8.019642705632619439e-02 8.445284153515640602e-02 8.819818819150047895e-02 9.125464483887364697e-02 9.352678399134140008e-02 9.494819141271826357e-02 9.535066825112659128e-02 9.467115039745115090e-02 9.291732460443762054e-02 9.010807341125509629e-02 8.642071958929387065e-02 8.205527604939305553e-02 7.713440948845518008e-02 7.185827388930439430e-02 6.629583463172189495e-02 6.070763424406489667e-02 5.511525859089343171e-02 4.954928276676279914e-02 4.415325452768297659e-02 3.881614161984275196e-02 3.349544605362281269e-02 2.812683446975198717e-02 2.278625897488403829e-02 1.724882371043830187e-02 1.122878113131247670e-02 4.355404323591439454e-03
1.870690032993321122e-02 2.075738214412731902e-02 2.369502353744618039e-02 2.676154461798531045e-02 3.009605835975946025e-02 3.372598820447638562e-02 3.758461689757375962e-02 4.169819922793113059e-02 4.617521213200260349e-02 5.076148446207073145e-02 5.555738258117324385e-02 6.042443743911464493e-02 6.528802316318037258e-02 7.000890330831724406e-02 7.453187936171354333e-02 7.859565637488451217e-02 8.221683467606609452e-02 8.523204946147587557e-02 8.757069653187084246e-02 8.917982456468201424e-02 8.990402614230699752e-02 8.968035261983890727e-02 8.852918858643303579e-02 8.642071958929387065e-02 8.356950206573626749e-02 7.990090575323909039e-02 7.564013248109847931e-02 7.094704633227238988e-02 6.584655617027272700e-02 6.062370073672806309e-02 5.528888218745179467e-02 4.990369678375868034e-02 4.461813875764539250e-02 3.934198398125361013e-02 3.404441277984957687e-02 2.866232210578357337e-02 2.329960233835345895e-02 1.772144113110402444e-02 1.165653133421768600e-02 4.721539364395384818e-03
1.627001118107676558e-02 1.826017786329018830e-02 2.103232534352401581e-02 2.391138301063873775e-02 2.704862567491546008e-02 3.046037536131768891e-02 3.408956134617700112e-02 3.801662201737542740e-02 4.220453578496114605e-02 4.653305208968354367e-02 5.106104427340973223e-02 5.558808466226935335e-02 6.020157777516521591e-02 6.464767926397076148e-02 6.890718295802165938e-02 7.273392681185662789e-02 7.617047510923086184e-02 7.906708146629327916e-02 8.137874096338564012e-02 8.307061537266104134e-02 8.400834850002145138e-02 8.414134608796436376e-02 8.350550897896037716e-02 8.205527604939305553e-02 7.990090575323909039e-02 7.710706744896753118e-02 7.348499231488708761e-02 6.950670594119960632e-02 6.499541799268124254e-02 6.027025073603645144e-02 5.531456235184179643e-02 5.021620502440291706e-02 4.513134871469094700e-02 3.998927249737941475e-02 3.477207251094367041e-02 2.942276261595756434e-02 2.407115459901142465e-02 1.847935368131061948e-02 1.238976201548377606e-02 5.415226203763540309e-03
1.400512117211830283e-02 1.592539499315053300e-02 1.852661065147544542e-02 2.121680254696424114e-02 2.415668207697260761e-02 2.735829831364157763e-02 3.077612251399224064e-02 3.431740961249186289e-02 3.832302913521135751e-02 4.240361163134345052e-02 4.665395858008639096e-02 5.093707074490885084e-02 5.524226831308101660e-02 5.940162155946961120e-02 6.338349913265071967e-02 6.695146286601068308e-02 7.016906013688110899e-02 7.289786348987327413e-02 7.511679308331269123e-02 7.680991025598053745e-02 7.786752939372157400e-02 7.825599777824840397e-02 7.802919396472574043e-02 7.713440948845518008e-02 7.564013248109847931e-02 7.348499231488708761e-02 7.094076121868973794e-02 6.764462789938197051e-02 6.380512076307262581e-02 5.970438071794400420e-02 5.525477442891522234e-02 5.056474477814417584e-02 4.579150689733195445e-02 4.088050792636405140e-02 3.582657391979079953e-02 3.058240926947302166e-02 2.530153596494232743e-02 1.974970400016461472e-02 1.368285014101556889e-02 6.721632933087498714e-03
1.194828840354239356e-02 1.378624583838724063e-02 1.620884583399879314e-02 1.870376538695034049e-02 2.143761815876597115e-02 2.441660384566234770e-02 2.757239183674554256e-02 3.094996046282090865e-02 3.466135965962943016e-02 3.848086297139798745e-02 4.245432244088376966e-02 4.645588691781899621e-02 5.047484915570688013e-02 5.434975118404561378e-02 5.805196369146878310e-02 6.135338389397328174e-02 6.433430048937553714e-02 6.686501462109291360e-02 6.894545254924874800e-02 7.057708164561318775e-02 7.167509590988536960e-02 7.222529188244922183e-02 7.230225384923785747e-02 7.185827388930439430e-02 7.094704633227238988e-02 6.950670594119960632e-02 6.764462789938197051e-02 6.518709491016690116e-02 6.205416070100765180e-02 5.871186492956904229e-02 5.487868748202870406e-02 5.070559755726523204e-02 4.634341958255114302e-02 4.174978830186115014e-02 3.693051997147017707e-02 3.185022591339681242e-02 2.668334672239172992e-02 2.120397747663933102e-02 1.518277868396222634e-02 8.253251740537401876e-03
1.007710691472770738e-02 1.178557785559969893e-02 1.403872402240338366e-02 1.634995561685887583e-02 1.888768620547353824e-02 2.165446401683597880e-02 2.455383570043183361e-02 2.774485298537108721e-02 3.119373380738696758e-02 3.476110994413081356e-02 3.846597907984081188e-02 4.219281588722140902e-02 4.593008113297668282e-02 4.952124234950268378e-02 5.294213902297878471e-02 5.597171590733495544e-02 5.870331021085011675e-02 6.101359471670105700e-02 6.292031914243911839e-02 6.443953623817579024e-02 6.550875288089434700e-02 6.613317747666365432e-02 6.640777612550610720e-02 6.629583463172189495e-02 6.584655617027272700e-02 6.499541799268124254e-02 6.380512076307262581e-02 6.205416070100765180e-02 6.010154739872664020e-02 5.738987043013272366e-02 5.422443861414390914e-02 5.066320559386504330e-02 4.681623716499998256e-02 4.264283042911941324e-02 3.815280524078205893e-02 3.332162766637752210e-02 2.834081693195530244e-02 2.299383716269625538e-02 1.707223842140359604e-02 1.022050304358728193e-02
8.460124242522791202e-03 1.007718072401517055e-02 1.213844042519933962e-02 1.424800596270452829e-02 1.657249574364656058e-02 1.911168791608727768e-02 2.174148641502915771e-02 2.473009605023039625e-02 2.791257428419054165e-02 3.121998595585319045e-02 3.465304775720102343e-02 3.810255327323464059e-02 4.156620418819330365e-02 4.488652911139959234e-02 4.804139685158248518e-02 5.081505624308802621e-02 5.331004230992351933e-02 5.540650704413847827e-02 5.713629417285243789e-02 5.852644433630315585e-02 5.953278858157665110e-02 6.017829485566847381e-02 6.057710173760318118e-02 6.070763424406489667e-02 6.062370073672806309e-02 6.027025073603645144e-02 5.970438071794400420e-02 5.871186492956904229e-02 5.738987043013272366e-02 5.561747804933736550e-02 5.314973522322407468e-02 5.033008815002228825e-02 4.712245243077883838e-02 4.349346387118149804e-02 3.945078027389292002e-02 3.497896421317923249e-02 3.028228809611204636e-02 2.515197542104389075e-02 1.941314552821005179e-02 1.271289560273625337e-02
7.042586513189974876e-03 8.550430365618540141e-03 1.042701224818234906e-02 1.234414797054259917e-02 1.446483193145798631e-02 1.679261428197062131e-02 1.914231280082040812e-02 2.193183214474476311e-02 2.486110507253113527e-02 2.791509747763381427e-02 3.108334165024478554e-02 3.426483297840590692e-02 3.746131664418071022e-02 4.051712836863675948e-02 4.341251121185904505e-02 4.593627277671686465e-02 4.819794755132432440e-02 5.007975806937038643e-02 5.162316549061556764e-02 5.286380407120593039e-02 5.377132585776042001e-02 5.438472882202835534e-02 5.483447837961526183e-02 5.511525859089343171e-02 5.528888218745179467e-02 5.531456235184179643e-02 5.525477442891522234e-02 5.487868748202870406e-02 5.422443861414390914e-02 5.314973522322407468e-02 5.186025202987627064e-02 4.959998598550392768e-02 4.710572242642834667e-02 4.412595153316856145e-02 4.064507456570682492e-02 3.664995999515244240e-02 3.235144722965157399e-02 2.754135646199173254e-02 2.209364104395241182e-02 1.564177192308224829e-02
5.823179202338966270e-03 7.188894239608557314e-03 8.866952884443632041e-03 1.058012798817186371e-02 1.248421123325445768e-02 1.457931520130405570e-02 1.670913958755751438e-02 1.924572638598036692e-02 2.191411321066477971e-02 2.470560115102153967e-02 2.760336362565922810e-02 3.051358598755822896e-02 3.344269756340881306e-02 3.623709375009106365e-02 3.888024217999201670e-02 4.116422917467609660e-02 4.320422171435119030e-02 4.488358449136867906e-02 4.625101793464469341e-02 4.734845784547793424e-02 4.815144374014999895e-02 4.871320450264826629e-02 4.917597887694036274e-02 4.954928276676279914e-02 4.990369678375868034e-02 5.021620502440291706e-02 5.056474477814417584e-02 5.070559755726523204e-02 5.066320559386504330e-02 5.033008815002228825e-02 4.959998598550392768e-02 4.836679950022856889e-02 4.661587520524672346e-02 4.438969273811645827e-02 4.158292116000037592e-02 3.818362786604350551e-02 3.440411377382442126e-02 3.002719786021853382e-02 2.498634093008379395e-02 1.889162378293635092e-02
4.707839496949005505e-03 5.939552742060461542e-03 7.431222484941744227e-03 8.953735871169710148e-03 1.065449186077483019e-02 1.253409159874438461e-02 1.445303003291665937e-02 1.673456513597692749e-02 1.915582295267002563e-02 2.169392354689184121e-02 2.433069986893888689e-02 2.697964207342259946e-02 2.965143549430746678e-02 3.219521412520919001e-02 3.459968975059769108e-02 3.665647776493981269e-02 3.848813420066788532e-02 3.997272268479933749e-02 4.116907275520551024e-02 4.212627471605853019e-02 4.281375581052270646e-02 4.330201688675999749e-02 4.374084944179201795e-02 4.415325452768297659e-02 4.461813875764539250e-02 4.513134871469094700e-02 4.579150689733195445e-02 4.634341958255114302e-02 4.681623716499998256e-02 4.712245243077883838e-02 4.710572242642834667e-02 4.661587520524672346e-02 4.578792931294674295e-02 4.436072321153823605e-02 4.232246414640045834e-02 3.964230939049934871e-02 3.652506989195837550e-02 3.272913821154253139e-02 2.824854543456259068e-02 2.266968438961164400e-02
3.687058917477376192e-03 4.773174485452343074e-03 6.073709310538097893e-03 7.402120672675665917e-03 8.896149178060431748e-03 1.055732993443289809e-02 1.226867243957014200e-02 1.428255876323728142e-02 1.645463982807854678e-02 1.873516440582574313e-02 2.110774183697512740e-02 2.349359042375587583e-02 2.590703936409263081e-02 2.820036874215042441e-02 3.037782769130313240e-02 3.220988480131654202e-02 3.384044360779086408e-02 3.514207394804100965e-02 3.617570236413725215e-02 3.702203536895724845e-02 3.759132734409255383e-02 3.800028340249874542e-02 3.839735375445148258e-02 3.881614161984275196e-02 3.934198398125361013e-02 3.998927249737941475e-02 4.088050792636405140e-02 4.174978830186115014e-02 4.264283042911941324e-02 4.349346387118149804e-02 4.412595153316856145e-02 4.438969273811645827e-02 4.436072321153823605e-02 4.381965796054788226e-02 4.258011208849467322e-02 4.073151160749687721e-02 3.842188160243514838e-02 3.536359352870839523e-02 3.160972023871541636e-02 2.673475243122089631e-02
2.814027878914001236e-03 3.750658895631680395e-03 4.860738025667027395e-03 5.994910687796484693e-03 7.280946639106843782e-03 8.721359229025657522e-03 1.022227806049607994e-02 1.196189885622828651e-02 1.387910736158644992e-02 1.589443277057685233e-02 1.799511994144568569e-02 2.011162747342033416e-02 2.226253363114793701e-02 2.431475360016183487e-02 2.616205510795671998e-02 2.782271973440472723e-02 2.926050749658748451e-02 3.037564356165279450e-02 3.133152061770409086e-02 3.190267890342408930e-02 3.241221822509497696e-02 3.274747421141422504e-02 3.309323458106830373e-02 3.349544605362281269e-02 3.404441277984957687e-02 3.477207251094367041e-02 3.582657391979079953e-02 3.693051997147017707e-02 3.815280524078205893e-02 3.945078027389292002e-02 4.064507456570682492e-02 4.158292116000037592e-02 4.232246414640045834e-02 4.258011208849467322e-02 4.267971176787803411e-02 4.137689382311568465e-02 4.003519082606125240e-02 3.788811595205957700e-02 3.505628728388390791e-02 3.112081188014102426e-02
2.231720260701070945e-03 2.994042500480828366e-03 3.904299004589323243e-03 4.835215239707318577e-03 5.904113111675336409e-03 7.114003156703662886e-03 8.391692224120084545e-03 9.846556340863258858e-03 1.149403727403209945e-02 1.322664209514684899e-02 1.503523441085717789e-02 1.686005335236137256e-02 1.872055876292337551e-02 2.048622614904321501e-02 2.212405064299462210e-02 2.351428227207265700e-02 2.473215500462271760e-02 2.567374163579426785e-02 2.639313387036937991e-02 2.689714343363353369e-02 2.726287652051881047e-02 2.749818650422846192e-02 2.776918076142665184e-02 2.812683446975198717e-02 2.866232210578357337e-02 2.942276261595756434e-02 3.058240926947302166e-02 3.185022591339681242e-02 3.332162766637752210e-02 3.497896421317923249e-02 3.664995999515244240e-02 3.818362786604350551e-02 3.964230939049934871e-02 4.073151160749687721e-02 4.137689382311568465e-02 4.181476841746322587e-02 4.130412989811030333e-02 4.022311263818620364e-02 3.852898572630784890e-02 3.583231695481151752e-02
1.466217752327489063e-03 2.067352489172172552e-03 2.788747546011216549e-03 3.525954286954630177e-03 4.385811015599253536e-03 5.371803188225988263e-03 6.428765386620681997e-03 7.606763839617038114e-03 8.987747110514152440e-03 1.044117025524039441e-02 1.196164218440878488e-02 1.350093885009133812e-02 1.507882576463076031e-02 1.657375360314942633e-02 1.796150970579564812e-02 1.912064080772529068e-02 2.013395525559218135e-02 2.089546473543777219e-02 2.146559766125921351e-02 2.185197063656063934e-02 2.211105135449704592e-02 2.226425832694192697e-02 2.247092715398582574e-02 2.278625897488403829e-02 2.329960233835345895e-02 2.407115459901142465e-02 2.530153596494232743e-02 2.668334672239172992e-02 2.834081693195530244e-02 3.028228809611204636e-02 3.235144722965157399e-02 3.440411377382442126e-02 3.652506989195837550e-02 3.842188160243514838e-02 4.003519082606125240e-02 4.130412989811030333e-02 4.212576880627263293e-02 4.235581101904521001e-02 4.208291801632799145e-02 4.104996051985265737e-02
9.630812119936409208e-04 1.391592988388302499e-03 1.924205391946922413e-03 2.465291069000406614e-03 3.112006839429215868e-03 3.867747941090220447e-03 4.692239294636399438e-03 5.583504811845206930e-03 6.679901721970304095e-03 7.833087233084994744e-03 9.039770904994672007e-03 1.026544041550542068e-02 1.152807137508352932e-02 1.271837923064312627e-02 1.381670116458799148e-02 1.471201520470237674e-02 1.548748446689107890e-02 1.604040978124872049e-02 1.643273199632964976e-02 1.667333632068032298e-02 1.680806898788587272e-02 1.686333827699795437e-02 1.699081481880618250e-02 1.724882371043830187e-02 1.772144113110402444e-02 1.847935368131061948e-02 1.974970400016461472e-02 2.120397747663933102e-02 2.299383716269625538e-02 2.515197542104389075e-02 2.754135646199173254e-02 3.002719786021853382e-02 3.272913821154253139e-02 3.536359352870839523e-02 3.788811595205957700e-02 4.022311263818620364e-02 4.235581101904521001e-02 4.424576597891777957e-02 4.548570815965756464e-02 4.670449970127068390e-02
1.887243857230278227e-04 4.513387407629899776e-04 7.970060936778002774e-04 1.143093672551589047e-03 1.577392756204291186e-03 2.102418094357989299e-03 2.689167390699626851e-03 3.290366022963818644e-03 4.091403950700790194e-03 4.931919272165303202e-03 5.808793188273125851e-03 6.703761526515980909e-03 7.630423989578698392e-03 8.494997599341797337e-03 9.280995356985672143e-03 9.892542384298784464e-03 1.041063942449975931e-02 1.073916637379072024e-02 1.093930198570792350e-02 1.102281559355380858e-02 1.102680972181926781e-02 1.098134464297671926e-02 1.102842585515290130e-02 1.122878113131247670e-02 1.165653133421768600e-02 1.238976201548377606e-02 1.368285014101556889e-02 1.518277868396222634e-02 1.707223842140359604e-02 1.941314552821005179e-02 2.209364104395241182e-02 2.498634093008379395e-02 2.824854543456259068e-02 3.160972023871541636e-02 3.505628728388390791e-02 3.852898572630784890e-02 4.208291801632799145e-02 4.548570815965756464e-02 4.992895261299349491e-02 5.368155215848344208e-02
