3.852231428704346716e+07 1.553336536989117041e+06 8.291159074763447279e+05 5.772933974560912466e+05 4.484944106293548248e+05 3.696041099208916421e+05 3.159195114447656088e+05 2.766932845465539722e+05 2.464952872144596186e+05 2.222841278295971570e+05 2.022277106638536789e+05 1.851629019042356522e+05 1.703203154469896981e+05 1.571714180912435986e+05 1.453416746634194569e+05 1.345557718531055143e+05 1.246069872578415670e+05 1.153366690317040047e+05 1.066227026933320740e+05 9.837223717247384775e+04 9.051705186515227251e+04 8.301059950183260662e+04 7.582250567560893251e+04 6.893620636947717867e+04 6.234400766293980996e+04 5.604690596194687532e+04 5.004805205546318030e+04 4.435369621465086675e+04 3.896944502277454012e+04 3.389966892698310403e+04 2.914625667856097425e+04 2.470992451639458523e+04 2.058813327555050637e+04 1.677639405321989398e+04 1.326838408684638489e+04 1.005681709382888948e+04 7.133291647139655652e+03 4.488612975402619668e+03 2.113785539630526273e+03 0.000000000000000000e+00
1.553336536989117041e+06 6.300916063687269343e+04 3.373123384444020485e+04 2.352421616922215253e+04 1.828874013229398406e+04 1.507315666122864241e+04 1.287902046172789233e+04 1.127169974444094805e+04 1.003148636557853388e+04 9.035271974186476655e+03 8.208860686239941060e+03 7.505130906010022045e+03 6.892910891148920200e+03 6.350780577047516090e+03 5.863557909800295420e+03 5.420071660636245724e+03 5.011918002224691008e+03 4.632623236664504475e+03 4.277172694825689177e+03 3.941717572042895881e+03 3.623378933408996545e+03 3.320138309505276993e+03 3.030619445174112570e+03 2.753996525068191204e+03 2.489800858806574979e+03 2.237916700583318743e+03 1.998330294906179006e+03 1.771162752947531771e+03 1.556530678674653927e+03 1.354517277468363091e+03 1.165127020569631441e+03 9.883317546364694408e+02 8.239956832407775664e+02 6.719137578163713442e+02 5.318209340688139264e+02 4.034238220878609695e+02 2.863924132103365991e+02 1.803718678053222106e+02 8.501858569776086938e+01 0.000000000000000000e+00
8.291159074763447279e+05 3.373123384444020485e+04 1.809277735287993710e+04 1.263460997691312150e+04 9.829643969048982399e+03 8.103663517885685906e+03 6.923577595238636604e+03 6.057323629895787235e+03 5.387590719013807757e+03 4.848650940104475012e+03 4.400898930918102451e+03 4.019192940619257570e+03 3.686914080327838292e+03 3.392650410459162231e+03 3.128316286167003000e+03 2.887958525171133260e+03 2.667089664613176865e+03 2.462239802177709407e+03 2.270704609729267304e+03 2.090391848420474616e+03 1.919715758760347853e+03 1.757543158746024346e+03 1.603079336521127289e+03 1.455821674583673712e+03 1.315458519558553462e+03 1.181868131537310319e+03 1.054988759992727864e+03 9.348339605453999184e+02 8.214225714495402144e+02 7.147613649745281919e+02 6.148219292944727385e+02 5.215637531097214605e+02 4.348959150283181998e+02 3.546945062494712602e+02 2.808082198447864357e+02 2.130740845615165711e+02 1.513125348039347386e+02 9.533349307784357052e+01 4.495437256317543984e+01 0.000000000000000000e+00
5.772933974560912466e+05 2.352421616922215253e+04 1.263460997691312150e+04 8.834901401155324493e+03 6.877847874751738345e+03 5.672338521598782791e+03 4.847049966924066212e+03 4.240375528712273990e+03 3.770632336187926740e+03 3.392066393154066645e+03 3.077122396603890138e+03 2.808323685796261998e+03 2.574133063110268722e+03 2.366639200787340542e+03 2.180242784406511873e+03 2.010822107498006744e+03 1.855266586079808349e+03 1.711164546255606410e+03 1.576627620146985691e+03 1.450186188116943867e+03 1.330716194660873271e+03 1.217404052612914256e+03 1.109668747277248713e+03 1.007131329772951631e+03 9.095455006758123773e+02 8.167977043484233945e+02 7.288184381534227896e+02 6.455920036552086003e+02 5.671097592811720460e+02 4.933571914884019520e+02 4.242982244315095954e+02 3.598908143836748650e+02 3.000608385843293604e+02 2.447130144330483006e+02 1.937351337038930126e+02 1.470083746351751870e+02 1.044036313089856804e+02 6.578578692622335211e+01 3.102566460103488666e+01 0.000000000000000000e+00
4.484944106293548248e+05 1.828874013229398406e+04 9.829643969048982399e+03 6.877847874751738345e+03 5.357140825471579774e+03 4.419965473154652500e+03 3.777941873056941404e+03 3.305577750166364240e+03 2.939455085691187833e+03 2.644062969428786801e+03 2.398029742205438652e+03 2.187816059128514098e+03 2.004498352858709950e+03 1.841968715542244581e+03 1.695911099092947325e+03 1.563151074545064830e+03 1.441291864614843462e+03 1.328472051175718207e+03 1.223229206198291877e+03 1.124420407938313701e+03 1.031166112445077943e+03 9.428244021062641878e+02 8.589315900896370977e+02 7.791797467852157979e+02 7.033633461282026929e+02 6.313799704580050047e+02 5.631622232501224516e+02 4.986849884015873045e+02 4.379301085866563881e+02 3.808759185219303163e+02 3.274853398529809283e+02 2.777177660370782633e+02 2.315090344322506155e+02 1.887794091457042498e+02 1.494370380463859931e+02 1.133856299874789499e+02 8.052146753445082084e+01 5.073682234258732393e+01 2.392893332433292741e+01 0.000000000000000000e+00
3.696041099208916421e+05 1.507315666122864241e+04 8.103663517885685906e+03 5.672338521598782791e+03 4.419965473154652500e+03 3.648165423473752071e+03 3.119344565041311398e+03 2.730122113088834340e+03 2.428263198980302150e+03 2.184529517589722673e+03 1.981337592719701206e+03 1.807561593811234388e+03 1.655881365989865799e+03 1.521296640027007925e+03 1.400280758314432887e+03 1.290243225242877998e+03 1.189228517533005970e+03 1.095716699143502183e+03 1.008511113756058307e+03 9.266741121973145709e+02 8.494815537823150180e+02 7.764025226861837155e+02 7.070511428457067495e+02 6.411688618900927850e+02 5.785807760386418295e+02 5.191966985599389091e+02 4.629552962937182770e+02 4.098300784732340958e+02 3.598007166585196046e+02 3.128442028647431243e+02 2.689252991901872747e+02 2.280061879489567218e+02 1.900301053266807685e+02 1.549277807519892463e+02 1.226203549457452908e+02 9.302557338462654002e+01 6.605523921163414514e+01 4.161814269704844094e+01 1.962730895137525522e+01 0.000000000000000000e+00
3.159195114447656088e+05 1.287902046172789233e+04 6.923577595238636604e+03 4.847049966924066212e+03 3.777941873056941404e+03 3.119344565041311398e+03 2.668203030636853782e+03 2.336171544438451292e+03 2.078618427104522652e+03 1.870569533071535034e+03 1.697016386057780664e+03 1.548473536537242580e+03 1.418710464565032453e+03 1.303479714764504251e+03 1.199791530562641583e+03 1.105453248763092006e+03 1.018810906981528660e+03 9.385790615478782684e+02 8.637448513793566462e+02 7.935138535850251174e+02 7.272718590312028937e+02 6.645680502778390064e+02 6.050742781134188135e+02 5.485703896500272094e+02 4.949069869108030275e+02 4.440067030519179525e+02 3.958163361960513384e+02 3.503121602012962512e+02 3.074754882425044116e+02 2.672850151627162631e+02 2.297089107992122194e+02 1.947129647062501192e+02 1.622466783476318710e+02 1.322488401515078920e+02 1.046500326204525209e+02 7.937792516032504864e+01 5.635504436603900302e+01 3.550140090550802086e+01 1.674063041939580287e+01 0.000000000000000000e+00
2.766932845465539722e+05 1.127169974444094805e+04 6.057323629895787235e+03 4.240375528712273990e+03 3.305577750166364240e+03 2.730122113088834340e+03 2.336171544438451292e+03 2.046355344014395541e+03 1.821590360092714491e+03 1.640012929211395658e+03 1.488491532273416624e+03 1.358735078709682284e+03 1.245305235532704273e+03 1.144501114966035175e+03 1.053722545197121917e+03 9.710658075140503342e+02 8.950966665931938451e+02 8.247014932769035340e+02 7.590032704339655538e+02 6.973145857265645873e+02 6.391046727350238825e+02 5.839848520750928174e+02 5.316730635614984521e+02 4.819812116615137256e+02 4.347824767736517515e+02 3.900126807871937444e+02 3.476279975846875345e+02 3.076099027547131755e+02 2.699436187282009314e+02 2.346113768467947978e+02 2.015857463893181603e+02 1.708366911450730186e+02 1.423194341759001418e+02 1.159795479211402522e+02 9.175512934694545208e+01 6.958152522065681467e+01 4.938935181641082295e+01 3.110692264815245167e+01 1.466563897100968816e+01 0.000000000000000000e+00
2.464952872144596186e+05 1.003148636557853388e+04 5.387590719013807757e+03 3.770632336187926740e+03 2.939455085691187833e+03 2.428263198980302150e+03 2.078618427104522652e+03 1.821590360092714491e+03 1.622361210217675989e+03 1.461456616211517257e+03 1.327184767595852463e+03 1.212168631718219558e+03 1.111574300904039092e+03 1.022116608059122086e+03 9.414910544139087278e+02 8.680131938060470702e+02 8.004160568940644680e+02 7.377176253224456559e+02 6.791460018593297718e+02 6.240976204518659642e+02 5.721082358564268588e+02 5.228398435620007376e+02 4.760490483778019666e+02 4.315757560066766132e+02 3.893138477513776934e+02 3.492125376940771275e+02 3.112381548201296937e+02 2.753789083358848870e+02 2.416253761851773447e+02 2.099645127755067904e+02 1.803739540679437141e+02 1.528282500553272598e+02 1.272880720115838358e+02 1.037050482546498102e+02 8.202366081391079433e+01 6.218560788397377337e+01 4.412803317835744110e+01 2.778581776885807031e+01 1.309644191686184200e+01 0.000000000000000000e+00
2.222841278295971570e+05 9.035271974186476655e+03 4.848650940104475012e+03 3.392066393154066645e+03 2.644062969428786801e+03 2.184529517589722673e+03 1.870569533071535034e+03 1.640012929211395658e+03 1.461456616211517257e+03 1.317336992163019204e+03 1.197111212433185301e+03 1.094129284547986344e+03 1.004035863054848960e+03 9.238733188173195003e+02 8.515692000869395315e+02 7.856109258001305307e+02 7.248629967418108890e+02 6.684475256456895522e+02 6.156767233458700730e+02 5.660150234723663516e+02 5.190531033827381862e+02 4.744957432729849529e+02 4.321330642141372778e+02 3.918301052970071510e+02 3.535000652724785368e+02 3.171055695645379160e+02 2.826235377013901484e+02 2.500498608487183958e+02 2.193813920749928172e+02 1.906105759240842872e+02 1.637205513402372787e+02 1.386907388688467506e+02 1.154871010384233614e+02 9.406687177761220653e+01 7.438021171037119927e+01 5.637433948071186762e+01 3.999194649255603906e+01 2.517339252659431992e+01 1.186118503921175993e+01 0.000000000000000000e+00
2.022277106638536789e+05 8.208860686239941060e+03 4.400898930918102451e+03 3.077122396603890138e+03 2.398029742205438652e+03 1.981337592719701206e+03 1.697016386057780664e+03 1.488491532273416624e+03 1.327184767595852463e+03 1.197111212433185301e+03 1.088674942718090961e+03 9.958226984859455797e+02 9.145896691340585676e+02 8.422838104347586068e+02 7.770198013128157299e+02 7.174233076861711424e+02 6.624648160419808391e+02 6.113509320418677362e+02 5.634628999553929134e+02 5.183217318405768310e+02 4.755645991048093606e+02 4.349332551405161098e+02 3.962474624192821580e+02 3.593951339987722235e+02 3.243075891385938121e+02 2.909606639164475723e+02 2.593419960588930167e+02 2.294556626944382742e+02 2.013053127110938192e+02 1.748893245458524177e+02 1.501965768784545219e+02 1.272115170652476195e+02 1.059052701987692302e+02 8.624035818571451273e+01 6.817214028667028458e+01 5.165279928118214769e+01 3.662992558408705435e+01 2.304864156255367647e+01 1.085579766017731274e+01 0.000000000000000000e+00
1.851629019042356522e+05 7.505130906010022045e+03 4.019192940619257570e+03 2.808323685796261998e+03 2.187816059128514098e+03 1.807561593811234388e+03 1.548473536537242580e+03 1.358735078709682284e+03 1.212168631718219558e+03 1.094129284547986344e+03 9.958226984859455797e+02 9.116985397097075747e+02 8.381190740936586963e+02 7.726130812585124659e+02 7.134498138434901193e+02 6.593687137053366314e+02 6.094276002530267533e+02 5.629030979465039763e+02 5.192342705034507162e+02 4.779901145770024300e+02 4.388478400278811478e+02 4.015816022894202320e+02 3.660376351998482392e+02 3.321247380881130766e+02 2.997911541841153849e+02 2.690254749695103555e+02 2.398258836323397247e+02 2.122047694298255465e+02 1.861727613960288181e+02 1.617343394262169340e+02 1.388841723130073831e+02 1.176117597606191936e+02 9.789323845825526860e+01 7.969615247553822712e+01 6.298069731354161149e+01 4.770361639826673184e+01 3.381694300451917456e+01 2.127006741536518319e+01 1.001371890193689573e+01 0.000000000000000000e+00
1.703203154469896981e+05 6.892910891148920200e+03 3.686914080327838292e+03 2.574133063110268722e+03 2.004498352858709950e+03 1.655881365989865799e+03 1.418710464565032453e+03 1.245305235532704273e+03 1.111574300904039092e+03 1.004035863054848960e+03 9.145896691340585676e+02 8.381190740936586963e+02 7.712666955062414900e+02 7.117492314740565007e+02 6.579665654908736769e+02 6.087538582178718798e+02 5.632423970155891766e+02 5.207679461416781805e+02 4.808188216938789310e+02 4.430053064502608322e+02 4.070394692627600080e+02 3.727240499459140892e+02 3.399289588771711692e+02 3.085819707287798792e+02 2.786469485589516353e+02 2.501245093150005516e+02 2.230229118205804753e+02 1.973626432730215186e+02 1.731611954024328099e+02 1.504290664264648569e+02 1.291665850800217470e+02 1.093681946246868506e+02 9.101483976591602243e+01 7.407882425469958321e+01 5.852487082771183680e+01 4.431396165523025132e+01 3.140222835124658829e+01 1.974296800007047281e+01 9.290458837106957191e+00 0.000000000000000000e+00
1.571714180912435986e+05 6.350780577047516090e+03 3.392650410459162231e+03 2.366639200787340542e+03 1.841968715542244581e+03 1.521296640027007925e+03 1.303479714764504251e+03 1.144501114966035175e+03 1.022116608059122086e+03 9.238733188173195003e+02 8.422838104347586068e+02 7.726130812585124659e+02 7.117492314740565007e+02 6.575724840577246368e+02 6.085956675490332373e+02 5.637362977018256061e+02 5.221887724633141943e+02 4.833397380407945434e+02 4.467200998270589594e+02 4.119760627520558955e+02 3.788502417349574785e+02 3.471706197476029843e+02 3.168281853039503630e+02 2.877677579277911946e+02 2.599673648796729708e+02 2.334386523121731898e+02 2.081992080612131417e+02 1.842771020704052773e+02 1.616963044308063786e+02 1.404730251238295864e+02 1.206129551154115234e+02 1.021152437011143803e+02 8.496537498902233665e+01 6.914012829018875550e+01 5.460846235083374012e+01 4.133531690904008826e+01 2.928064153509732392e+01 1.840136023011979916e+01 8.655053235561178226e+00 0.000000000000000000e+00
1.453416746634194569e+05 5.863557909800295420e+03 3.128316286167003000e+03 2.180242784406511873e+03 1.695911099092947325e+03 1.400280758314432887e+03 1.199791530562641583e+03 1.053722545197121917e+03 9.414910544139087278e+02 8.515692000869395315e+02 7.770198013128157299e+02 7.134498138434901193e+02 6.579665654908736769e+02 6.085956675490332373e+02 5.639498584943718242e+02 5.230191624810936446e+02 4.850533691379761194e+02 4.494837192016028098e+02 4.158784656498574464e+02 3.839153546962760402e+02 3.533638572435876881e+02 3.240741824089852798e+02 2.959559091100726391e+02 2.689689191706896167e+02 2.431037972568603323e+02 2.183819881037648258e+02 1.948294216802992196e+02 1.724809808069099972e+02 1.513665029272088702e+02 1.315074124554756452e+02 1.129143183476605401e+02 9.559072371265862955e+01 7.952631919785152093e+01 6.470204490845857492e+01 5.109080508676659349e+01 3.866123523354188762e+01 2.737686025146962621e+01 1.719800234866094257e+01 8.085349799103541457e+00 0.000000000000000000e+00
1.345557718531055143e+05 5.420071660636245724e+03 2.887958525171133260e+03 2.010822107498006744e+03 1.563151074545064830e+03 1.290243225242877998e+03 1.105453248763092006e+03 9.710658075140503342e+02 8.680131938060470702e+02 7.856109258001305307e+02 7.174233076861711424e+02 6.593687137053366314e+02 6.087538582178718798e+02 5.637362977018256061e+02 5.230191624810936446e+02 4.856578186514363438e+02 4.509517526090929778e+02 4.183720316973843865e+02 3.875201150886022674e+02 3.581016724083548866e+02 3.299098252510185034e+02 3.028142450498480684e+02 2.767407004120921670e+02 2.516621126932662378e+02 2.275798985721440886e+02 2.045238875356261303e+02 1.825271751864474936e+02 1.616304866717181881e+02 1.418687353370940514e+02 1.232679098678703582e+02 1.058429737345311139e+02 8.960133696512987456e+01 7.453650865801783709e+01 6.063324501778757991e+01 4.786809991271319831e+01 3.621315210109677452e+01 2.563528265838493425e+01 1.609801716358938606e+01 7.564993237092472178e+00 0.000000000000000000e+00
1.246069872578415670e+05 5.011918002224691008e+03 2.667089664613176865e+03 1.855266586079808349e+03 1.441291864614843462e+03 1.189228517533005970e+03 1.018810906981528660e+03 8.950966665931938451e+02 8.004160568940644680e+02 7.248629967418108890e+02 6.624648160419808391e+02 6.094276002530267533e+02 5.632423970155891766e+02 5.221887724633141943e+02 4.850533691379761194e+02 4.509517526090929778e+02 4.192289546518788370e+02 3.893922746517504265e+02 3.610731012729417557e+02 3.340020229590141412e+02 3.079930112751960110e+02 2.829326640115816076e+02 2.587606383075204803e+02 2.354608708924996847e+02 2.130438196931236519e+02 1.915461666875874016e+02 1.710068682789240029e+02 1.514713816545151417e+02 1.329787762048971160e+02 1.155588448350301292e+02 9.923025547311128491e+01 8.400380835550791403e+01 6.987640264301501247e+01 5.683624321708991545e+01 4.486323328366977137e+01 3.393264867597701340e+01 2.401452402858011226e+01 1.507541774814772140e+01 7.081783058419664378e+00 0.000000000000000000e+00
1.153366690317040047e+05 4.632623236664504475e+03 2.462239802177709407e+03 1.711164546255606410e+03 1.328472051175718207e+03 1.095716699143502183e+03 9.385790615478782684e+02 8.247014932769035340e+02 7.377176253224456559e+02 6.684475256456895522e+02 6.113509320418677362e+02 5.629030979465039763e+02 5.207679461416781805e+02 4.833397380407945434e+02 4.494837192016028098e+02 4.183720316973843865e+02 3.893922746517504265e+02 3.620852941636765081e+02 3.361098215626375918e+02 3.112188681524534104e+02 2.872448118142813769e+02 2.640888656040572187e+02 2.417024009336824406e+02 2.200783919245251354e+02 1.992345398376120613e+02 1.792127942873344182e+02 1.600566007464031486e+02 1.418149579202560346e+02 1.245300937753979724e+02 1.082347774262770059e+02 9.295067723507079904e+01 7.869142210941063809e+01 6.545684868051240812e+01 5.323822964306356909e+01 4.201851644313319412e+01 3.177594207676197158e+01 2.248350503957342994e+01 1.411064436970579905e+01 6.626513272672055699e+00 0.000000000000000000e+00
1.066227026933320740e+05 4.277172694825689177e+03 2.270704609729267304e+03 1.576627620146985691e+03 1.223229206198291877e+03 1.008511113756058307e+03 8.637448513793566462e+02 7.590032704339655538e+02 6.791460018593297718e+02 6.156767233458700730e+02 5.634628999553929134e+02 5.192342705034507162e+02 4.808188216938789310e+02 4.467200998270589594e+02 4.158784656498574464e+02 3.875201150886022674e+02 3.610731012729417557e+02 3.361098215626375918e+02 3.123143114054187777e+02 2.894599373271582294e+02 2.673953670510913980e+02 2.460343518193098475e+02 2.253379656041621502e+02 2.053063407337495505e+02 1.859626779761226771e+02 1.673526238754011786e+02 1.495227359149543247e+02 1.325243421473218461e+02 1.164018038438148324e+02 1.011900112123815489e+02 8.691290707874917132e+01 7.358636702442116473e+01 6.121270423023445062e+01 4.978587464961371722e+01 3.929158041347837127e+01 2.971077894031726174e+01 2.101925348455727871e+01 1.318918553267006288e+01 6.192325624118789840e+00 0.000000000000000000e+00
9.837223717247384775e+04 3.941717572042895881e+03 2.090391848420474616e+03 1.450186188116943867e+03 1.124420407938313701e+03 9.266741121973145709e+02 7.935138535850251174e+02 6.973145857265645873e+02 6.240976204518659642e+02 5.660150234723663516e+02 5.183217318405768310e+02 4.779901145770024300e+02 4.430053064502608322e+02 4.119760627520558955e+02 3.839153546962760402e+02 3.581016724083548866e+02 3.340020229590141412e+02 3.112188681524534104e+02 2.894599373271582294e+02 2.685172427016678967e+02 2.482539234379264883e+02 2.285944296041881501e+02 2.095077148287827526e+02 1.909993308308793871e+02 1.730963379013072654e+02 1.558465780179211606e+02 1.392983899156141092e+02 1.235042463084522097e+02 1.085096313403759183e+02 9.435070883039641387e+01 8.105297577948336141e+01 6.863397298935484514e+01 5.709803449374403783e+01 4.644141969747325760e+01 3.665229107148879706e+01 2.771410548301256327e+01 1.960526009122251523e+01 1.230055054492080835e+01 5.774230155080011251e+00 0.000000000000000000e+00
9.051705186515227251e+04 3.623378933408996545e+03 1.919715758760347853e+03 1.330716194660873271e+03 1.031166112445077943e+03 8.494815537823150180e+02 7.272718590312028937e+02 6.391046727350238825e+02 5.721082358564268588e+02 5.190531033827381862e+02 4.755645991048093606e+02 4.388478400278811478e+02 4.070394692627600080e+02 3.788502417349574785e+02 3.533638572435876881e+02 3.299098252510185034e+02 3.079930112751960110e+02 2.872448118142813769e+02 2.673953670510913980e+02 2.482539234379264883e+02 2.296965469469877519e+02 2.116567888423101351e+02 1.941098725064245798e+02 1.770652085585705606e+02 1.605522263710744824e+02 1.446195818811120546e+02 1.293161582474275804e+02 1.146944616189795738e+02 1.008001428326340658e+02 8.766983175393308159e+01 7.532989061720068946e+01 6.379896384370314166e+01 5.308296793236087296e+01 4.318009824028088417e+01 3.408069732352726078e+01 2.577050428528389148e+01 1.823036490962920197e+01 1.143756630206552494e+01 5.368773151978716740e+00 0.000000000000000000e+00
8.301059950183260662e+04 3.320138309505276993e+03 1.757543158746024346e+03 1.217404052612914256e+03 9.428244021062641878e+02 7.764025226861837155e+02 6.645680502778390064e+02 5.839848520750928174e+02 5.228398435620007376e+02 4.744957432729849529e+02 4.349332551405161098e+02 4.015816022894202320e+02 3.727240499459140892e+02 3.471706197476029843e+02 3.240741824089852798e+02 3.028142450498480684e+02 2.829326640115816076e+02 2.640888656040572187e+02 2.460343518193098475e+02 2.285944296041881501e+02 2.116567888423101351e+02 1.951627181909558715e+02 1.790923233500298579e+02 1.634575143697063879e+02 1.482887792883264240e+02 1.336343629083260680e+02 1.195425851921945792e+02 1.060649824747804360e+02 9.324650102437777832e+01 8.112349426914171602e+01 6.972255226805658879e+01 5.906289673972780463e+01 4.915161495159233596e+01 3.998848888536339530e+01 3.156577306287709561e+01 2.387127903783801486e+01 1.688813890821603891e+01 1.059601010036346835e+01 4.973875964527951332e+00 0.000000000000000000e+00
7.582250567560893251e+04 3.030619445174112570e+03 1.603079336521127289e+03 1.109668747277248713e+03 8.589315900896370977e+02 7.070511428457067495e+02 6.050742781134188135e+02 5.316730635614984521e+02 4.760490483778019666e+02 4.321330642141372778e+02 3.962474624192821580e+02 3.660376351998482392e+02 3.399289588771711692e+02 3.168281853039503630e+02 2.959559091100726391e+02 2.767407004120921670e+02 2.587606383075204803e+02 2.417024009336824406e+02 2.253379656041621502e+02 2.095077148287827526e+02 1.941098725064245798e+02 1.790923233500298579e+02 1.644388922168462557e+02 1.501628421798424711e+02 1.362946082038250211e+02 1.228809788987556004e+02 1.099687562669824388e+02 9.760763544636270694e+01 8.584109319970336571e+01 7.470454674263903883e+01 6.422424248289240722e+01 5.441949934944300793e+01 4.529819678811162476e+01 3.686137645368382465e+01 2.910295002955558630e+01 2.201259864587262882e+01 1.557557935161474916e+01 9.773797258946625988e+00 4.588457038412334654e+00 0.000000000000000000e+00
6.893620636947717867e+04 2.753996525068191204e+03 1.455821674583673712e+03 1.007131329772951631e+03 7.791797467852157979e+02 6.411688618900927850e+02 5.485703896500272094e+02 4.819812116615137256e+02 4.315757560066766132e+02 3.918301052970071510e+02 3.593951339987722235e+02 3.321247380881130766e+02 3.085819707287798792e+02 2.877677579277911946e+02 2.689689191706896167e+02 2.516621126932662378e+02 2.354608708924996847e+02 2.200783919245251354e+02 2.053063407337495505e+02 1.909993308308793871e+02 1.770652085585705606e+02 1.634575143697063879e+02 1.501628421798424711e+02 1.371948735867817675e+02 1.245830828926898590e+02 1.123719488832496012e+02 1.006059674206713339e+02 8.933226823227715840e+01 7.859221517428657933e+01 6.841972568569075008e+01 5.884020826848425401e+01 4.987265505257580855e+01 4.152539775081221052e+01 3.380043737982820318e+01 2.669310293069958462e+01 2.019474914735835469e+01 1.429259627451116721e+01 8.970670254366392982e+00 4.212292179086661648e+00 0.000000000000000000e+00
6.234400766293980996e+04 2.489800858806574979e+03 1.315458519558553462e+03 9.095455006758123773e+02 7.033633461282026929e+02 5.785807760386418295e+02 4.949069869108030275e+02 4.347824767736517515e+02 3.893138477513776934e+02 3.535000652724785368e+02 3.243075891385938121e+02 2.997911541841153849e+02 2.786469485589516353e+02 2.599673648796729708e+02 2.431037972568603323e+02 2.275798985721440886e+02 2.130438196931236519e+02 1.992345398376120613e+02 1.859626779761226771e+02 1.730963379013072654e+02 1.605522263710744824e+02 1.482887792883264240e+02 1.362946082038250211e+02 1.245830828926898590e+02 1.131820109143965425e+02 1.021329006737279883e+02 9.147732460374226093e+01 8.125927621838846449e+01 7.151749159702717407e+01 6.228392764121355185e+01 5.358274385873809109e+01 4.543224311483772482e+01 3.784091126452639742e+01 3.081143774973784488e+01 2.434034512877350664e+01 1.842047298023019053e+01 1.304084229517051874e+01 8.187467617762521854e+00 3.845672839291221390e+00 0.000000000000000000e+00
5.604690596194687532e+04 2.237916700583318743e+03 1.181868131537310319e+03 8.167977043484233945e+02 6.313799704580050047e+02 5.191966985599389091e+02 4.440067030519179525e+02 3.900126807871937444e+02 3.492125376940771275e+02 3.171055695645379160e+02 2.909606639164475723e+02 2.690254749695103555e+02 2.501245093150005516e+02 2.334386523121731898e+02 2.183819881037648258e+02 2.045238875356261303e+02 1.915461666875874016e+02 1.792127942873344182e+02 1.673526238754011786e+02 1.558465780179211606e+02 1.446195818811120546e+02 1.336343629083260680e+02 1.228809788987556004e+02 1.123719488832496012e+02 1.021329006737279883e+02 9.220190088124529382e+01 8.261715101375757797e+01 7.341909225305521147e+01 6.464344913568814377e+01 5.631986344147811252e+01 4.847092074035192155e+01 4.111393718442219125e+01 3.425729826206132600e+01 2.790414199227424419e+01 2.205197761652416943e+01 1.669494812583475252e+01 1.182371181769897994e+01 7.426133207745847287e+00 3.489415613199924326e+00 0.000000000000000000e+00
5.004805205546318030e+04 1.998330294906179006e+03 1.054988759992727864e+03 7.288184381534227896e+02 5.631622232501224516e+02 4.629552962937182770e+02 3.958163361960513384e+02 3.476279975846875345e+02 3.112381548201296937e+02 2.826235377013901484e+02 2.593419960588930167e+02 2.398258836323397247e+02 2.230229118205804753e+02 2.081992080612131417e+02 1.948294216802992196e+02 1.825271751864474936e+02 1.710068682789240029e+02 1.600566007464031486e+02 1.495227359149543247e+02 1.392983899156141092e+02 1.293161582474275804e+02 1.195425851921945792e+02 1.099687562669824388e+02 1.006059674206713339e+02 9.147732460374226093e+01 8.261715101375757797e+01 7.405998475310099138e+01 6.584244153258759980e+01 5.799697367550088245e+01 5.055065443727455232e+01 4.352425352178621409e+01 3.693386740650496591e+01 3.078757029961573011e+01 2.508874125536237898e+01 1.983568772671981506e+01 1.502368373429373349e+01 1.064486252969136615e+01 6.688795190795177703e+00 3.144433101282504417e+00 0.000000000000000000e+00
4.435369621465086675e+04 1.771162752947531771e+03 9.348339605453999184e+02 6.455920036552086003e+02 4.986849884015873045e+02 4.098300784732340958e+02 3.503121602012962512e+02 3.076099027547131755e+02 2.753789083358848870e+02 2.500498608487183958e+02 2.294556626944382742e+02 2.122047694298255465e+02 1.973626432730215186e+02 1.842771020704052773e+02 1.724809808069099972e+02 1.616304866717181881e+02 1.514713816545151417e+02 1.418149579202560346e+02 1.325243421473218461e+02 1.235042463084522097e+02 1.146944616189795738e+02 1.060649824747804360e+02 9.760763544636270694e+01 8.933226823227715840e+01 8.125927621838846449e+01 7.341909225305521147e+01 6.584244153258759980e+01 5.856197511519548726e+01 5.160672854245559193e+01 4.500105031543429845e+01 3.876373247844577463e+01 3.290948262525184020e+01 2.744589619378614032e+01 2.237641881846941061e+01 1.769998722470808517e+01 1.341284446657991403e+01 9.508439228860837034e+00 5.977902389511209336e+00 2.811795655014077688e+00 0.000000000000000000e+00
3.896944502277454012e+04 1.556530678674653927e+03 8.214225714495402144e+02 5.671097592811720460e+02 4.379301085866563881e+02 3.598007166585196046e+02 3.074754882425044116e+02 2.699436187282009314e+02 2.416253761851773447e+02 2.193813920749928172e+02 2.013053127110938192e+02 1.861727613960288181e+02 1.731611954024328099e+02 1.616963044308063786e+02 1.513665029272088702e+02 1.418687353370940514e+02 1.329787762048971160e+02 1.245300937753979724e+02 1.164018038438148324e+02 1.085096313403759183e+02 1.008001428326340658e+02 9.324650102437777832e+01 8.584109319970336571e+01 7.859221517428657933e+01 7.151749159702717407e+01 6.464344913568814377e+01 5.799697367550088245e+01 5.160672854245559193e+01 4.549829047078201683e+01 3.969321329126739784e+01 3.420822188635756333e+01 2.905652433961444103e+01 2.424511030797069466e+01 1.977734918081718973e+01 1.565265750394870636e+01 1.186809659146813090e+01 8.418275426209707035e+00 5.295736399887830181e+00 2.492509462136349274e+00 0.000000000000000000e+00
3.389966892698310403e+04 1.354517277468363091e+03 7.147613649745281919e+02 4.933571914884019520e+02 3.808759185219303163e+02 3.128442028647431243e+02 2.672850151627162631e+02 2.346113768467947978e+02 2.099645127755067904e+02 1.906105759240842872e+02 1.748893245458524177e+02 1.617343394262169340e+02 1.504290664264648569e+02 1.404730251238295864e+02 1.315074124554756452e+02 1.232679098678703582e+02 1.155588448350301292e+02 1.082347774262770059e+02 1.011900112123815489e+02 9.435070883039641387e+01 8.766983175393308159e+01 8.112349426914171602e+01 7.470454674263903883e+01 6.841972568569075008e+01 6.228392764121355185e+01 5.631986344147811252e+01 5.055065443727455232e+01 4.500105031543429845e+01 3.969321329126739784e+01 3.464590822113623148e+01 2.987376642909362090e+01 2.538843942897943862e+01 2.119622200996507644e+01 1.730029527135340217e+01 1.370042661991257305e+01 1.039435799434509633e+01 7.377710862187938368e+00 4.644292403126712543e+00 2.187457737199560270e+00 0.000000000000000000e+00
2.914625667856097425e+04 1.165127020569631441e+03 6.148219292944727385e+02 4.242982244315095954e+02 3.274853398529809283e+02 2.689252991901872747e+02 2.297089107992122194e+02 2.015857463893181603e+02 1.803739540679437141e+02 1.637205513402372787e+02 1.501965768784545219e+02 1.388841723130073831e+02 1.291665850800217470e+02 1.206129551154115234e+02 1.129143183476605401e+02 1.058429737345311139e+02 9.923025547311128491e+01 9.295067723507079904e+01 8.691290707874917132e+01 8.105297577948336141e+01 7.532989061720068946e+01 6.972255226805658879e+01 6.422424248289240722e+01 5.884020826848425401e+01 5.358274385873809109e+01 4.847092074035192155e+01 4.352425352178621409e+01 3.876373247844577463e+01 3.420822188635756333e+01 2.987376642909362090e+01 2.577293162719222153e+01 2.191580147497289133e+01 1.830792039766399171e+01 1.495219702146397189e+01 1.184863995501553013e+01 8.995547426740241548e+00 6.389414041845856040e+00 4.025168572227420860e+00 1.897349552139504070e+00 0.000000000000000000e+00
2.470992451639458523e+04 9.883317546364694408e+02 5.215637531097214605e+02 3.598908143836748650e+02 2.777177660370782633e+02 2.280061879489567218e+02 1.947129647062501192e+02 1.708366911450730186e+02 1.528282500553272598e+02 1.386907388688467506e+02 1.272115170652476195e+02 1.176117597606191936e+02 1.093681946246868506e+02 1.021152437011143803e+02 9.559072371265862955e+01 8.960133696512987456e+01 8.400380835550791403e+01 7.869142210941063809e+01 7.358636702442116473e+01 6.863397298935484514e+01 6.379896384370314166e+01 5.906289673972780463e+01 5.441949934944300793e+01 4.987265505257580855e+01 4.543224311483772482e+01 4.111393718442219125e+01 3.693386740650496591e+01 3.290948262525184020e+01 2.905652433961444103e+01 2.538843942897943862e+01 2.191580147497289133e+01 1.864715754280177862e+01 1.558727720219284762e+01 1.273873915341688345e+01 1.010170328112353744e+01 7.674914244049323209e+00 5.455610910419741444e+00 3.439706115275555920e+00 1.622783725117609821e+00 0.000000000000000000e+00
2.058813327555050637e+04 8.239956832407775664e+02 4.348959150283181998e+02 3.000608385843293604e+02 2.315090344322506155e+02 1.900301053266807685e+02 1.622466783476318710e+02 1.423194341759001418e+02 1.272880720115838358e+02 1.154871010384233614e+02 1.059052701987692302e+02 9.789323845825526860e+01 9.101483976591602243e+01 8.496537498902233665e+01 7.952631919785152093e+01 7.453650865801783709e+01 6.987640264301501247e+01 6.545684868051240812e+01 6.121270423023445062e+01 5.709803449374403783e+01 5.308296793236087296e+01 4.915161495159233596e+01 4.529819678811162476e+01 4.152539775081221052e+01 3.784091126452639742e+01 3.425729826206132600e+01 3.078757029961573011e+01 2.744589619378614032e+01 2.424511030797069466e+01 2.119622200996507644e+01 1.830792039766399171e+01 1.558727720219284762e+01 1.303828786135704654e+01 1.066316570194192792e+01 8.462149888473488701e+00 6.434336211528074223e+00 4.577590638421578539e+00 2.888680904174674158e+00 1.364104811921633242e+00 0.000000000000000000e+00
1.677639405321989398e+04 6.719137578163713442e+02 3.546945062494712602e+02 2.447130144330483006e+02 1.887794091457042498e+02 1.549277807519892463e+02 1.322488401515078920e+02 1.159795479211402522e+02 1.037050482546498102e+02 9.406687177761220653e+01 8.624035818571451273e+01 7.969615247553822712e+01 7.407882425469958321e+01 6.914012829018875550e+01 6.470204490845857492e+01 6.063324501778757991e+01 5.683624321708991545e+01 5.323822964306356909e+01 4.978587464961371722e+01 4.644141969747325760e+01 4.318009824028088417e+01 3.998848888536339530e+01 3.686137645368382465e+01 3.380043737982820318e+01 3.081143774973784488e+01 2.790414199227424419e+01 2.508874125536237898e+01 2.237641881846941061e+01 1.977734918081718973e+01 1.730029527135340217e+01 1.495219702146397189e+01 1.273873915341688345e+01 1.066316570194192792e+01 8.727309468528940073e+00 6.931433669965160860e+00 5.274904063204331806e+00 3.756108638208677686e+00 2.372549923987083975e+00 1.121515982224236652e+00 0.000000000000000000e+00
1.326838408684638489e+04 5.318209340688139264e+02 2.808082198447864357e+02 1.937351337038930126e+02 1.494370380463859931e+02 1.226203549457452908e+02 1.046500326204525209e+02 9.175512934694545208e+01 8.202366081391079433e+01 7.438021171037119927e+01 6.817214028667028458e+01 6.298069731354161149e+01 5.852487082771183680e+01 5.460846235083374012e+01 5.109080508676659349e+01 4.786809991271319831e+01 4.486323328366977137e+01 4.201851644313319412e+01 3.929158041347837127e+01 3.665229107148879706e+01 3.408069732352726078e+01 3.156577306287709561e+01 2.910295002955558630e+01 2.669310293069958462e+01 2.434034512877350664e+01 2.205197761652416943e+01 1.983568772671981506e+01 1.769998722470808517e+01 1.565265750394870636e+01 1.370042661991257305e+01 1.184863995501553013e+01 1.010170328112353744e+01 8.462149888473488701e+00 6.931433669965160860e+00 5.509802030295346320e+00 4.196823317531964470e+00 2.991314956670727554e+00 1.891404526738420300e+00 8.950559306488807820e-01 0.000000000000000000e+00
1.005681709382888948e+04 4.034238220878609695e+02 2.130740845615165711e+02 1.470083746351751870e+02 1.133856299874789499e+02 9.302557338462654002e+01 7.937792516032504864e+01 6.958152522065681467e+01 6.218560788397377337e+01 5.637433948071186762e+01 5.165279928118214769e+01 4.770361639826673184e+01 4.431396165523025132e+01 4.133531690904008826e+01 3.866123523354188762e+01 3.621315210109677452e+01 3.393264867597701340e+01 3.177594207676197158e+01 2.971077894031726174e+01 2.771410548301256327e+01 2.577050428528389148e+01 2.387127903783801486e+01 2.201259864587262882e+01 2.019474914735835469e+01 1.842047298023019053e+01 1.669494812583475252e+01 1.502368373429373349e+01 1.341284446657991403e+01 1.186809659146813090e+01 1.039435799434509633e+01 8.995547426740241548e+00 7.674914244049323209e+00 6.434336211528074223e+00 5.274904063204331806e+00 4.196823317531964470e+00 3.199810733051311473e+00 2.283033073439426630e+00 1.445144313414330917e+00 6.846800177095431206e-01 0.000000000000000000e+00
7.133291647139655652e+03 2.863924132103365991e+02 1.513125348039347386e+02 1.044036313089856804e+02 8.052146753445082084e+01 6.605523921163414514e+01 5.635504436603900302e+01 4.938935181641082295e+01 4.412803317835744110e+01 3.999194649255603906e+01 3.662992558408705435e+01 3.381694300451917456e+01 3.140222835124658829e+01 2.928064153509732392e+01 2.737686025146962621e+01 2.563528265838493425e+01 2.401452402858011226e+01 2.248350503957342994e+01 2.101925348455727871e+01 1.960526009122251523e+01 1.823036490962920197e+01 1.688813890821603891e+01 1.557557935161474916e+01 1.429259627451116721e+01 1.304084229517051874e+01 1.182371181769897994e+01 1.064486252969136615e+01 9.508439228860837034e+00 8.418275426209707035e+00 7.377710862187938368e+00 6.389414041845856040e+00 5.455610910419741444e+00 4.577590638421578539e+00 3.756108638208677686e+00 2.991314956670727554e+00 2.283033073439426630e+00 1.630711456068593357e+00 1.033443332217587995e+00 4.902427130692393886e-01 0.000000000000000000e+00
4.488612975402619668e+03 1.803718678053222106e+02 9.533349307784357052e+01 6.578578692622335211e+01 5.073682234258732393e+01 4.161814269704844094e+01 3.550140090550802086e+01 3.110692264815245167e+01 2.778581776885807031e+01 2.517339252659431992e+01 2.304864156255367647e+01 2.127006741536518319e+01 1.974296800007047281e+01 1.840136023011979916e+01 1.719800234866094257e+01 1.609801716358938606e+01 1.507541774814772140e+01 1.411064436970579905e+01 1.318918553267006288e+01 1.230055054492080835e+01 1.143756630206552494e+01 1.059601010036346835e+01 9.773797258946625988e+00 8.970670254366392982e+00 8.187467617762521854e+00 7.426133207745847287e+00 6.688795190795177703e+00 5.977902389511209336e+00 5.295736399887830181e+00 4.644292403126712543e+00 4.025168572227420860e+00 3.439706115275555920e+00 2.888680904174674158e+00 2.372549923987083975e+00 1.891404526738420300e+00 1.445144313414330917e+00 1.033443332217587995e+00 6.557582608254184375e-01 3.114993748958801989e-01 0.000000000000000000e+00
2.113785539630526273e+03 8.501858569776086938e+01 4.495437256317543984e+01 3.102566460103488666e+01 2.392893332433292741e+01 1.962730895137525522e+01 1.674063041939580287e+01 1.466563897100968816e+01 1.309644191686184200e+01 1.186118503921175993e+01 1.085579766017731274e+01 1.001371890193689573e+01 9.290458837106957191e+00 8.655053235561178226e+00 8.085349799103541457e+00 7.564993237092472178e+00 7.081783058419664378e+00 6.626513272672055699e+00 6.192325624118789840e+00 5.774230155080011251e+00 5.368773151978716740e+00 4.973875964527951332e+00 4.588457038412334654e+00 4.212292179086661648e+00 3.845672839291221390e+00 3.489415613199924326e+00 3.144433101282504417e+00 2.811795655014077688e+00 2.492509462136349274e+00 2.187457737199560270e+00 1.897349552139504070e+00 1.622783725117609821e+00 1.364104811921633242e+00 1.121515982224236652e+00 8.950559306488807820e-01 6.846800177095431206e-01 4.902427130692393886e-01 3.114993748958801989e-01 1.481853132556658070e-01 0.000000000000000000e+00
0.000000000000000000e+00 0.000000000000000000e+00 0.000000000000000000e+00 0.000000000000000000e+00 0.000000000000000000e+00 0.000000000000000000e+00 0.000000000000000000e+00 0.000000000000000000e+00 0.000000000000000000e+00 0.000000000000000000e+00 0.000000000000000000e+00 0.000000000000000000e+00 0.000000000000000000e+00 0.000000000000000000e+00 0.000000000000000000e+00 0.000000000000000000e+00 0.000000000000000000e+00 0.000000000000000000e+00 0.000000000000000000e+00 0.000000000000000000e+00 0.000000000000000000e+00 0.000000000000000000e+00 0.000000000000000000e+00 0.000000000000000000e+00 0.000000000000000000e+00 0.000000000000000000e+00 0.000000000000000000e+00 0.000000000000000000e+00 0.000000000000000000e+00 0.000000000000000000e+00 0.000000000000000000e+00 0.000000000000000000e+00 0.000000000000000000e+00 0.000000000000000000e+00 0.000000000000000000e+00 0.000000000000000000e+00 0.000000000000000000e+00 0.000000000000000000e+00 0.000000000000000000e+00 0.000000000000000000e+00
