6.075161676174353209e-01 -2.629530386869109379e-03 -5.249116760425356215e-03 -2.492504229480770606e-01 3.459674539639028164e-03 5.044715455136355650e-03 2.829909598883122504e-02 -3.102033516655152822e-04 2.711588121854013010e-03 -9.745656823676720690e-04 1.172761452792222582e-03 6.065831097883852760e-03 -1.384926486581350381e-03 -2.637792355143860762e-02 7.759191622118078759e-03 3.719050537410169104e-03 -6.176757933721770642e-03 7.839604257683435717e-02 -8.539562645832351681e-03 -1.763760912368532441e-02 6.816681700941160105e-02 3.265321217240184093e-01 6.198526916660607872e-02 2.436984040825820180e-02 -1.852628656583356695e-02 9.527402917282265255e-04 6.059509340615199489e-03 7.658175330653281369e-03 4.248060496758265282e-03 1.385151992064758732e-02 1.222975882171695346e-02 6.992823306987911228e-03 2.595721158126267428e-02 8.907656031627604956e-03 7.741814081457023926e-03 3.173637501646671237e-03 1.924320097719064981e-02 2.307301150978892934e-01 3.103764544981707507e-01 -1.517988944269247131e+00
-2.629530386869109379e-03 5.357450252781228439e-01 3.328283699426772164e-03 4.793899143379292717e-03 -1.250937813311818469e-02 -2.609330095292325229e-03 -2.209709560876033140e-04 -1.626271407156969695e-03 2.834166637441316904e-04 -1.076166690982153585e-03 -2.962331252540292836e-03 3.524588624832452211e-03 -4.075600890137800678e-03 -5.502572556536791323e-03 2.634705902816137507e-02 -4.786802477266095617e-04 -1.106829034348500926e-02 -1.711004517608015821e-02 1.864608815430461933e-02 -1.232545536654538858e-02 -2.632234373789044124e-02 -1.633120676771132249e-02 2.585477725017096794e-03 -2.504398800456612145e-03 -4.584852173348448814e-03 1.108952888526634935e-02 -1.003390544803902350e-02 -4.420270144095348949e-03 -6.269926770598524546e-03 -8.046705094295133684e-03 -1.566280057758993524e-03 -1.225376032790784914e-02 -7.623094190968321415e-03 -3.224163919032455548e-03 7.679218912093254898e-03 -1.942738925698830096e-04 -2.547083519942028654e-02 5.022663512425235011e-01 -1.291380901755920796e+00 3.322820531340757810e+01
-5.249116760425356215e-03 3.328283699426772164e-03 3.760985813501484532e-01 1.168849033499950660e-03 -1.527786956779588617e-02 -3.337356083412981039e-03 4.630907686230941074e-03 -1.204621326949647901e-02 -6.540891719417435629e-04 5.874821391231485265e-03 -4.502169734158986518e-03 1.171850564202370389e-02 1.305910590417610389e-03 1.728382729341339588e-02 -1.010816371886446956e-02 -2.430100014892137145e-03 -1.863515186801564805e-02 -9.063943124644782690e-02 -1.498478104643952424e-01 -5.110566918615931133e-03 1.176611791280639113e-01 -5.852346902147089695e-04 5.906818778986070578e-02 8.982543757860422806e-03 -2.388592903987357338e-03 8.693119844811768304e-02 -1.849323646717224850e-03 -2.931442784682713586e-03 -5.602220087447110954e-03 -6.600165543949253547e-03 1.840460971285041254e-03 -2.039601155983111758e-02 -4.926190858685313388e-03 -3.830823132229477061e-03 5.357956466302622907e-03 2.544835236342074449e-03 -7.728852041237942172e-02 7.310524513519748302e-01 -2.468205992706238305e+00 5.939393301978810058e+01
-2.492504229480770606e-01 4.793899143379292717e-03 1.168849033499950660e-03 7.956820423127040076e-01 -5.095419984617993725e-02 -8.139462547573037346e-03 2.304301950268841399e-03 7.741642439932355270e-03 1.015364035873288391e-02 -1.420336775347960309e-02 -3.219589971873904402e-03 3.929362159320606146e-02 -6.749098058794317234e-02 -1.007627951634051597e-02 -2.608135896549421823e-02 -7.981801986057961151e-03 2.710348272099250000e-01 9.224519286355824244e-02 -4.887308320154667290e-02 1.580369182025261271e-03 -1.066636087089800448e-02 -1.334233379791256446e-01 -4.063073789239467909e-02 -8.302021467350033379e-03 -1.610572655814479504e-02 -3.006837583922188431e-03 5.050540927874128290e-03 -1.151251472507054674e-02 -1.339438935492644027e-02 -1.402299099825411038e-02 -2.815883443496524155e-03 -3.795757755181033977e-02 -9.520208185930105135e-03 -1.082917916687163758e-02 2.089706623224653944e-03 -1.960635870423695082e-02 -3.390673120883661018e-02 8.668795144320524670e-01 -2.920753591163371965e+00 7.042825359971722321e+01
3.459674539639028164e-03 -1.250937813311818469e-02 -1.527786956779588617e-02 -5.095419984617993725e-02 5.000889194432050999e+01 6.279608688784080184e-02 5.950563338512216555e-02 4.478502975390166035e-02 5.428259998876036607e-02 3.696899046800877081e-02 2.269617273677310143e-02 1.196364078897136779e-01 1.840728566497493723e-01 1.957490656721566288e-02 2.114120039563023232e-02 2.812079995992629311e-02 -1.057932451431447055e-02 7.888184802768939685e-02 -2.048087379975022798e-02 4.971579814994250531e-04 1.537274871922129915e-02 -7.412507850625368877e-02 -1.099179519725381089e-02 -8.247204497324892372e-03 -1.010306109117741977e-02 3.267371668923436945e-02 7.192492708509724830e-03 9.761044518138943180e-03 1.071132584838863436e-02 -5.645256682078297894e-03 6.799986257300808315e-03 -5.236120536712381146e-02 -3.799931412592200738e-03 -1.545610655467017334e-02 4.255609076066738800e-02 -7.809759394598697786e-03 1.515984976993410283e-01 1.712408513209079386e+00 -1.273258161343348238e+00 5.225202888914615329e+01
5.044715455136355650e-03 -2.609330095292325229e-03 -3.337356083412981039e-03 -8.139462547573037346e-03 6.279608688784080184e-02 1.777334439806911748e+00 5.636710697646798301e-02 1.746034491054965568e-02 -1.055083358808413425e-02 -5.912477712536206437e-02 1.437364375469000755e-01 -8.887823728141797108e-02 2.534394805813935253e-02 2.689081872567476023e-02 5.009527476277275595e-04 1.031059405280109788e-02 1.758224545520289950e-02 3.507435146122802379e-03 5.893004706641389312e-01 -1.338320069241369890e-02 2.033478469462302041e-02 5.906328535158448557e-03 -4.645349225387163106e-02 4.312311003689058009e-02 -4.491883930466811226e-02 -4.081226776552889790e-01 1.782188173041932278e-01 5.123016167435152229e-02 1.709637116837663812e-02 2.927348512383081899e-02 3.825439591935400618e-02 -4.930642505842693785e-02 2.543926801490084197e-02 1.260688709925165095e-02 3.939028619458113251e-02 4.838788694777280963e-03 1.828446286044796767e-02 1.219733941825593693e+00 -2.266550927469423549e+00 6.318849120545045395e+01
2.829909598883122504e-02 -2.209709560876033140e-04 4.630907686230941074e-03 2.304301950268841399e-03 5.950563338512216555e-02 5.636710697646798301e-02 9.025071051806994760e+00 -2.526097320015210923e-02 3.535193342248633790e-03 -7.092912274414719942e-03 7.488952142530077259e-03 -1.752161060100140486e-02 1.016349373988519184e-01 -4.096577201745669194e-01 -7.478090561403145931e-02 7.195230247267538071e-02 -9.542345011668561250e-02 1.464260849403417088e-02 2.811806835446629613e-02 -3.015209254002602923e-02 -1.434304501853156649e-03 2.200013376742560121e-03 -5.610039167364668650e-02 1.695943077350839379e-02 -3.122385100274898285e-03 -4.386450362562072450e-03 2.323228429906007073e-02 9.499915974951781902e-03 1.174529803480783103e-03 4.764158999689267239e-03 3.602637846678218014e-02 -1.770230139548442660e-01 9.532319500993502795e-03 -1.186297451216398319e-02 -9.040648431281919986e-03 -3.214335233769637090e-02 -1.417024486716723652e-01 7.514881400017022761e-01 -2.904502739450690818e+00 6.781545680049069347e+01
-3.102033516655152822e-04 -1.626271407156969695e-03 -1.204621326949647901e-02 7.741642439932355270e-03 4.478502975390166035e-02 1.746034491054965568e-02 -2.526097320015210923e-02 1.195480254420003519e+01 6.558256501185151521e-02 1.299091457716139777e-02 1.739155761233818903e-02 3.555367914812711944e-02 5.167566870140777313e-02 -1.033036567015637730e-01 2.016838849327345570e-02 2.977739038467676000e-02 6.139098703419736472e-03 5.966871758751730176e-03 1.814176897994643949e-03 -1.008041175013597336e-02 -2.489267767685349620e-03 -1.614481352496493008e-02 -9.977859450894419058e-02 -1.973376316623452059e-02 -4.054317063153978773e-01 9.901386461885784696e-02 1.698297682791241325e-01 3.036877325853343246e-02 -1.435267100559388040e-02 3.035419712300457470e-02 5.419418899180312305e-02 -2.980848600278195315e-01 5.631143800428466822e-02 7.770207538664451914e-03 1.610863603559560542e-02 -1.204926904811283971e-02 -1.018645182776609787e-01 1.005195993598347215e+00 -2.102069346596210142e+00 5.508565263781795807e+01
2.711588121854013010e-03 2.834166637441316904e-04 -6.540891719417435629e-04 1.015364035873288391e-02 5.428259998876036607e-02 -1.055083358808413425e-02 3.535193342248633790e-03 6.558256501185151521e-02 1.824903392524430013e+00 -1.001560486946426881e-01 -4.400858927146628768e-02 -5.970423701867391122e-04 -5.262925193875984259e-02 -1.147553950052037086e-01 2.156755797444529985e-02 -7.389520513676169425e-03 1.252686188368697454e-02 1.185789484485715028e-02 6.762899363115123207e-03 -1.392166031563895658e-02 -3.880959325700696246e-03 -7.270108873126751581e-02 7.820517337343583231e-01 6.249887128460497598e-02 -2.980935837198159938e-02 5.276039688117644538e-02 2.816938266587783526e-02 3.624597636482686930e-02 -3.666319938119263350e-02 4.750250401565836444e-02 9.302171375910153403e-03 2.598758325479961218e-01 1.056816654336980438e-02 3.817430821702905847e-02 1.875910338016913148e-02 1.873508246260776385e-03 -2.416522460493763791e-01 5.751075830784750931e-01 -2.566026313017217841e+00 5.702200917603121155e+01
-9.745656823676720690e-04 -1.076166690982153585e-03 5.874821391231485265e-03 -1.420336775347960309e-02 3.696899046800877081e-02 -5.912477712536206437e-02 -7.092912274414719942e-03 1.299091457716139777e-02 -1.001560486946426881e-01 2.456463259519758413e+00 2.428287763100705487e-01 1.140943591744431329e-01 3.133837616165986023e-02 -1.357876180059314208e-01 6.324455572957987659e-02 1.159376470455992549e-02 3.047885616017181887e-02 -5.151431023082976221e-03 6.123784386903869531e-02 3.229522205744513979e-05 -4.379376417738265782e-03 3.775910681364247345e-02 3.831517655074476170e-02 2.665731765311454490e-02 1.361203395760330649e-02 1.996017537275419917e-01 1.740642078162870365e-01 2.194380275448024331e-01 -1.247064521292788886e+00 9.921370887268785022e-02 4.884523753032151555e-02 1.376511383200215710e-01 3.825558422471857234e-02 4.367881239034535762e-02 3.729868456475371463e-02 1.219355445196135257e-03 -2.211499520765809190e-01 9.340097739005877031e-01 -1.266015843851955980e+00 3.740028806800438588e+01
1.172761452792222582e-03 -2.962331252540292836e-03 -4.502169734158986518e-03 -3.219589971873904402e-03 2.269617273677310143e-02 1.437364375469000755e-01 7.488952142530077259e-03 1.739155761233818903e-02 -4.400858927146628768e-02 2.428287763100705487e-01 2.638774292405654975e+00 4.727594281079788296e-01 6.341549722086436969e-02 -1.897747031476821888e-01 4.904237189629750970e-02 7.577685466374194101e-02 1.606046578881629300e-02 2.434214808683052983e-02 5.333749783115595416e-03 1.890507796252711634e-02 9.624252120908367847e-02 2.473894808838806580e-01 -1.654828980149667117e-01 9.791743992125007470e-03 -9.612257808757754263e-03 6.867447742537859112e-02 6.816095064015355309e-02 6.723118607319861217e-02 1.815668633564885837e-01 8.143711490520670615e-02 9.556687782100048434e-02 1.528312252632142432e-01 9.169973015715732201e-02 8.651063560119656715e-02 6.693966468014342364e-02 1.967444397462211197e-02 -3.021695719938755631e-01 9.683612545309822073e-01 -7.282113535965542006e-01 2.709117267202234203e+01
6.065831097883852760e-03 3.524588624832452211e-03 1.171850564202370389e-02 3.929362159320606146e-02 1.196364078897136779e-01 -8.887823728141797108e-02 -1.752161060100140486e-02 3.555367914812711944e-02 -5.970423701867391122e-04 1.140943591744431329e-01 4.727594281079788296e-01 6.871436634562319057e+01 -1.383879109995115320e-01 -5.562883108154151879e-01 -1.518090382778098102e-01 -1.269016703168849014e-01 -8.678546654773591773e-02 -1.080501285176834747e-01 -8.272155453949375792e-02 -1.807809428291496656e-01 6.628379684230753521e-02 -4.166274917131129740e-02 -3.580868019614336095e-01 -2.904628748161261140e-02 -5.754960660507853903e-02 3.677869266272514731e-03 1.615997515399845638e-02 2.250334111878213653e-02 1.072653648981210794e-01 5.066920238462790244e-02 6.121689335444362862e-02 1.135173393844138845e-01 6.949594423449917402e-02 7.170036835341538073e-02 -4.430915492119313209e-02 -5.446607895817518613e-02 -8.661879406769978917e-01 -4.729074955311899364e-01 -3.398595367417172053e+00 5.425453779585917147e+01
-1.384926486581350381e-03 -4.075600890137800678e-03 1.305910590417610389e-03 -6.749098058794317234e-02 1.840728566497493723e-01 2.534394805813935253e-02 1.016349373988519184e-01 5.167566870140777313e-02 -5.262925193875984259e-02 3.133837616165986023e-02 6.341549722086436969e-02 -1.383879109995115320e-01 9.902824130927905699e+00 -4.759944446577947019e+00 1.044991391866405550e-01 1.414716713228847920e-02 5.579860347438181378e-02 -1.289311614590703536e-01 3.420533522351293376e-01 -2.545843991032190057e-02 8.733968790168690488e-02 5.997733124334861388e-02 2.611030558111057664e-01 2.338927991899453565e-02 4.963191796131113248e-02 1.282635411736397502e-01 1.280597804416192531e-01 1.260784298365071054e-01 1.848631270509932811e-01 1.637735821397195979e-01 1.953542103297293553e-01 1.729724639411960030e-01 1.628824760874829358e-01 1.478019291912491540e-01 7.639098068718391810e-02 6.543570559388852369e-03 -7.017513655623595081e-01 9.539332289511818219e-01 -2.398910104778038954e-01 1.532488271542027825e+01
-2.637792355143860762e-02 -5.502572556536791323e-03 1.728382729341339588e-02 -1.007627951634051597e-02 1.957490656721566288e-02 2.689081872567476023e-02 -4.096577201745669194e-01 -1.033036567015637730e-01 -1.147553950052037086e-01 -1.357876180059314208e-01 -1.897747031476821888e-01 -5.562883108154151879e-01 -4.759944446577947019e+00 5.692623172571663872e+02 -3.025512001616761815e+00 3.901484788145268556e-01 2.613349963740464466e-01 1.133265328743281175e-01 -3.559330788578123766e-02 -9.258013677522705653e-02 8.815152408878224044e-02 -3.734154036735957138e-01 -5.488125467122237922e-01 1.451848898514290109e+00 1.070983148452700817e+00 1.103947891225258937e+00 8.897155633730894353e-01 7.595847043046626279e-01 8.369996364472195305e-01 6.041005257237762605e-01 5.994781959438103547e-01 6.195927153219037420e-01 5.813353432652412778e-01 5.197843552808226741e-01 5.739020980076886547e-01 3.652618667005593234e-01 1.791667150563932276e-01 4.110809867668427486e+00 6.670618357436256751e+00 -7.113869967576526676e+01
7.759191622118078759e-03 2.634705902816137507e-02 -1.010816371886446956e-02 -2.608135896549421823e-02 2.114120039563023232e-02 5.009527476277275595e-04 -7.478090561403145931e-02 2.016838849327345570e-02 2.156755797444529985e-02 6.324455572957987659e-02 4.904237189629750970e-02 -1.518090382778098102e-01 1.044991391866405550e-01 -3.025512001616761815e+00 9.313607783881021618e+00 -2.386512082716521488e-01 -1.152619354518909754e-02 -4.414460951820794316e-02 -4.726340704803821263e-02 -7.399833874354039449e-03 1.220029015827033270e-01 6.150054125228469892e-02 1.380389641338085061e-01 4.661202042984258914e-02 7.699689138081450279e-02 2.245488577990657209e-01 2.221422458138464229e-01 2.196003506129304561e-01 2.631623748218443470e-01 2.258126706572364806e-01 3.928195435775676536e-01 3.397991419565677407e-01 3.085225374096712825e-01 2.755541193611175110e-01 1.279148923986424824e-01 4.117487079692356416e-03 -1.226152580733301134e+00 8.644129522338033222e-01 2.330931276320901413e-01 1.890594101292942586e+00
3.719050537410169104e-03 -4.786802477266095617e-04 -2.430100014892137145e-03 -7.981801986057961151e-03 2.812079995992629311e-02 1.031059405280109788e-02 7.195230247267538071e-02 2.977739038467676000e-02 -7.389520513676169425e-03 1.159376470455992549e-02 7.577685466374194101e-02 -1.269016703168849014e-01 1.414716713228847920e-02 3.901484788145268556e-01 -2.386512082716521488e-01 8.060360491274893846e+00 2.024598898382530265e-01 -3.749066258311025551e-02 7.163486259809465767e-03 3.092282198133554372e-02 2.770168297785014500e-01 1.759779315176656922e-01 1.944293275153408940e-01 1.138799855253642690e-01 1.863429082469812148e-01 3.598843327866197983e-01 3.476013349693655718e-01 3.444280276080466940e-01 4.073522306544156701e-01 4.009661495428034628e-01 4.179212723798156337e-01 4.400238651441878979e-01 4.196167391681736025e-01 3.696919916772283821e-01 2.189744148672251312e-01 2.518328791222548477e-02 -1.376065839003613567e+00 1.682504882112971556e+00 2.182604482653282219e+00 -2.296470822026821068e+01
-6.176757933721770642e-03 -1.106829034348500926e-02 -1.863515186801564805e-02 2.710348272099250000e-01 -1.057932451431447055e-02 1.758224545520289950e-02 -9.542345011668561250e-02 6.139098703419736472e-03 1.252686188368697454e-02 3.047885616017181887e-02 1.606046578881629300e-02 -8.678546654773591773e-02 5.579860347438181378e-02 2.613349963740464466e-01 -1.152619354518909754e-02 2.024598898382530265e-01 8.674876730694225557e+01 3.438571722048688883e-01 6.104475635047295484e-02 2.801121552766184727e-02 3.508916125775042305e-01 2.319770674372129970e-01 2.086621048228876341e-01 1.312892815404746727e-01 2.287588686219639567e-01 4.801256069531618098e-01 4.607923561046198824e-01 4.640113368079996081e-01 5.598816427524427874e-01 8.265344103867358072e-01 -3.135410639813264178e-01 4.543157461633272054e-01 4.692554541710092786e-01 4.132835998487981999e-01 2.526525027971875947e-01 -4.736515924295793545e-02 -1.949293905678888494e+00 8.510911921080178688e-01 3.204835422598923955e+00 -3.457538386238754669e+01
7.839604257683435717e-02 -1.711004517608015821e-02 -9.063943124644782690e-02 9.224519286355824244e-02 7.888184802768939685e-02 3.507435146122802379e-03 1.464260849403417088e-02 5.966871758751730176e-03 1.185789484485715028e-02 -5.151431023082976221e-03 2.434214808683052983e-02 -1.080501285176834747e-01 -1.289311614590703536e-01 1.133265328743281175e-01 -4.414460951820794316e-02 -3.749066258311025551e-02 3.438571722048688883e-01 9.087163044407982682e+01 9.792112658259181091e-01 2.155285877560571550e-01 6.579923246857748431e-01 4.412529331847246938e-01 3.328125279884054377e-01 2.249603931829387282e-01 3.659194562479968216e-01 7.262973959980314476e-01 6.352136373394942082e-01 6.140814472203047769e-01 6.951594811083058323e-01 6.524271278929300033e-01 7.441060830880568133e-01 6.970167559541160518e-01 6.760603004523765280e-01 5.763220294318456283e-01 3.990843930061898637e-01 4.932642652438160025e-02 -1.801210877990693238e+00 3.973829346211811053e+00 6.297384246101425553e+00 -7.362302236417529855e+01
-8.539562645832351681e-03 1.864608815430461933e-02 -1.498478104643952424e-01 -4.887308320154667290e-02 -2.048087379975022798e-02 5.893004706641389312e-01 2.811806835446629613e-02 1.814176897994643949e-03 6.762899363115123207e-03 6.123784386903869531e-02 5.333749783115595416e-03 -8.272155453949375792e-02 3.420533522351293376e-01 -3.559330788578123766e-02 -4.726340704803821263e-02 7.163486259809465767e-03 6.104475635047295484e-02 9.792112658259181091e-01 7.394671898775268915e+01 1.665119287945533433e+00 3.176063611441793277e+00 3.193977184980851258e-01 2.698744417039761201e-01 1.808952127112065655e-01 3.227169023114768720e-01 7.238082679944677356e-01 6.903994723666280198e-01 6.757771022310161690e-01 7.747206211452398739e-01 7.340742192241891395e-01 8.210850923905744780e-01 7.860386511597052817e-01 7.588566622518353455e-01 6.046374314263699423e-01 3.821820549507993769e-01 -3.281187698185840662e-01 -1.467384219952641233e+00 4.352841119095314681e+00 6.826826947396100742e+00 -7.724183603334729753e+01
-1.763760912368532441e-02 -1.232545536654538858e-02 -5.110566918615931133e-03 1.580369182025261271e-03 4.971579814994250531e-04 -1.338320069241369890e-02 -3.015209254002602923e-02 -1.008041175013597336e-02 -1.392166031563895658e-02 3.229522205744513979e-05 1.890507796252711634e-02 -1.807809428291496656e-01 -2.545843991032190057e-02 -9.258013677522705653e-02 -7.399833874354039449e-03 3.092282198133554372e-02 2.801121552766184727e-02 2.155285877560571550e-01 1.665119287945533433e+00 8.487977286292500878e+01 -1.156568919847094605e+02 7.966799524452325088e+00 1.181009850802554606e+00 3.145480565673400841e-01 5.978353179550486285e-01 1.019889580539938390e+00 9.386001569119736265e-01 9.025582038796116091e-01 1.014078670167614327e+00 9.520920731717139596e-01 1.045095316045598910e+00 9.983773423132126235e-01 9.822606216161878789e-01 8.585568491578954298e-01 6.224246506876011109e-01 9.002533093912321038e-02 -2.415483160188498513e+00 5.590785590749414169e+00 9.007213511743987766e+00 -1.057548847540177093e+02
6.816681700941160105e-02 -2.632234373789044124e-02 1.176611791280639113e-01 -1.066636087089800448e-02 1.537274871922129915e-02 2.033478469462302041e-02 -1.434304501853156649e-03 -2.489267767685349620e-03 -3.880959325700696246e-03 -4.379376417738265782e-03 9.624252120908367847e-02 6.628379684230753521e-02 8.733968790168690488e-02 8.815152408878224044e-02 1.220029015827033270e-01 2.770168297785014500e-01 3.508916125775042305e-01 6.579923246857748431e-01 3.176063611441793277e+00 -1.156568919847094605e+02 2.200584992763993739e+02 -7.838872409286509857e+00 1.589537479232441819e-02 -1.895104659444105388e-01 4.163021415024965588e-01 8.945068818115124998e-01 8.118411685744176820e-01 7.980826267489833370e-01 8.661196579157545150e-01 9.104464224119188653e-01 1.066013264617124756e+00 1.010766269179891763e+00 9.749531521551445534e-01 8.478781961964672043e-01 3.888947016915380583e-01 -1.563159660785976568e-01 -4.088745260264470716e+00 3.789297471820952889e+00 3.165182629710121986e+00 -4.089029135654499214e+01
3.265321217240184093e-01 -1.633120676771132249e-02 -5.852346902147089695e-04 -1.334233379791256446e-01 -7.412507850625368877e-02 5.906328535158448557e-03 2.200013376742560121e-03 -1.614481352496493008e-02 -7.270108873126751581e-02 3.775910681364247345e-02 2.473894808838806580e-01 -4.166274917131129740e-02 5.997733124334861388e-02 -3.734154036735957138e-01 6.150054125228469892e-02 1.759779315176656922e-01 2.319770674372129970e-01 4.412529331847246938e-01 3.193977184980851258e-01 7.966799524452325088e+00 -7.838872409286509857e+00 2.297923456431063727e+01 -3.400223846602750655e+01 -1.604961518142423493e+00 -7.020158326772465429e-01 9.745453975765768773e-01 1.025888700088473104e+00 1.010873689975722911e+00 1.142971829503487191e+00 1.137561134303275878e+00 1.283943622580204114e+00 1.230653433961383048e+00 1.203136652824715380e+00 1.057720288730863878e+00 6.170569045257680019e-01 -3.711713217604224735e-02 -4.316070712951223243e+00 5.706417559677078088e+00 6.918831113572771585e+00 -7.152595609266433030e+01
6.198526916660607872e-02 2.585477725017096794e-03 5.906818778986070578e-02 -4.063073789239467909e-02 -1.099179519725381089e-02 -4.645349225387163106e-02 -5.610039167364668650e-02 -9.977859450894419058e-02 7.820517337343583231e-01 3.831517655074476170e-02 -1.654828980149667117e-01 -3.580868019614336095e-01 2.611030558111057664e-01 -5.488125467122237922e-01 1.380389641338085061e-01 1.944293275153408940e-01 2.086621048228876341e-01 3.328125279884054377e-01 2.698744417039761201e-01 1.181009850802554606e+00 1.589537479232441819e-02 -3.400223846602750655e+01 4.007864789968498371e+02 3.551936507192834114e+01 -3.375156230974376115e+01 -5.007047048620943741e+00 1.234096153370456195e+00 1.683328240704530465e+00 2.044673384685005590e+00 1.381251121881364563e+00 1.775613259049692916e+00 1.737875749706681905e+00 1.690185537883571509e+00 1.520319975106742882e+00 1.253298298334128313e+00 3.285600009580205150e-01 -3.787777549458423820e+00 1.026335000317081914e+01 1.520763346560407037e+01 -1.596927389224789522e+02
2.436984040825820180e-02 -2.504398800456612145e-03 8.982543757860422806e-03 -8.302021467350033379e-03 -8.247204497324892372e-03 4.312311003689058009e-02 1.695943077350839379e-02 -1.973376316623452059e-02 6.249887128460497598e-02 2.665731765311454490e-02 9.791743992125007470e-03 -2.904628748161261140e-02 2.338927991899453565e-02 1.451848898514290109e+00 4.661202042984258914e-02 1.138799855253642690e-01 1.312892815404746727e-01 2.249603931829387282e-01 1.808952127112065655e-01 3.145480565673400841e-01 -1.895104659444105388e-01 -1.604961518142423493e+00 3.551936507192834114e+01 4.654148998317654105e+02 -6.290653150309201465e+02 -1.252094673234055335e+02 -8.545026171431153728e+00 1.684670377807445441e+00 2.568551947346008113e+00 2.359753049304194938e+00 2.468996169793290285e+00 2.378917925410848788e+00 1.864842386260065377e+00 1.987193129991635443e+00 1.721164601171166764e+00 8.429962654718301529e-01 -3.224159873447552282e+00 1.486112604568668694e+01 2.262419160558298969e+01 -2.407866752720090915e+02
-1.852628656583356695e-02 -4.584852173348448814e-03 -2.388592903987357338e-03 -1.610572655814479504e-02 -1.010306109117741977e-02 -4.491883930466811226e-02 -3.122385100274898285e-03 -4.054317063153978773e-01 -2.980935837198159938e-02 1.361203395760330649e-02 -9.612257808757754263e-03 -5.754960660507853903e-02 4.963191796131113248e-02 1.070983148452700817e+00 7.699689138081450279e-02 1.863429082469812148e-01 2.287588686219639567e-01 3.659194562479968216e-01 3.227169023114768720e-01 5.978353179550486285e-01 4.163021415024965588e-01 -7.020158326772465429e-01 -3.375156230974376115e+01 -6.290653150309201465e+02 1.111635830564598837e+04 -1.016988691090062503e+03 -8.837550292225233761e+01 -4.401815760345126449e+00 2.543734144565386046e+00 2.496464199684641283e+00 2.602317570124072166e+00 2.342063787646632811e+00 3.674045889627139072e+00 2.208451867828653103e+00 1.877991033479094352e+00 8.230131684015630222e-01 -4.387318743207098137e+00 1.349438617677567187e+01 2.017533694358528606e+01 -1.788873291832840096e+02
9.527402917282265255e-04 1.108952888526634935e-02 8.693119844811768304e-02 -3.006837583922188431e-03 3.267371668923436945e-02 -4.081226776552889790e-01 -4.386450362562072450e-03 9.901386461885784696e-02 5.276039688117644538e-02 1.996017537275419917e-01 6.867447742537859112e-02 3.677869266272514731e-03 1.282635411736397502e-01 1.103947891225258937e+00 2.245488577990657209e-01 3.598843327866197983e-01 4.801256069531618098e-01 7.262973959980314476e-01 7.238082679944677356e-01 1.019889580539938390e+00 8.945068818115124998e-01 9.745453975765768773e-01 -5.007047048620943741e+00 -1.252094673234055335e+02 -1.016988691090062503e+03 4.292182848306329674e+02 2.383312392754894304e+01 5.699203721242702692e-01 1.569020278095462961e+00 1.629239949840921575e+00 1.931274836123322070e+00 1.898015764640740288e+00 2.251729284412173904e+00 1.577302880942785812e+00 1.130625790386582175e+00 7.031663355597611575e-01 -6.925492582845219403e+00 8.380255207274567297e+00 5.489646931955746822e+00 -1.223285883601576884e+01
6.059509340615199489e-03 -1.003390544803902350e-02 -1.849323646717224850e-03 5.050540927874128290e-03 7.192492708509724830e-03 1.782188173041932278e-01 2.323228429906007073e-02 1.698297682791241325e-01 2.816938266587783526e-02 1.740642078162870365e-01 6.816095064015355309e-02 1.615997515399845638e-02 1.280597804416192531e-01 8.897155633730894353e-01 2.221422458138464229e-01 3.476013349693655718e-01 4.607923561046198824e-01 6.352136373394942082e-01 6.903994723666280198e-01 9.386001569119736265e-01 8.118411685744176820e-01 1.025888700088473104e+00 1.234096153370456195e+00 -8.545026171431153728e+00 -8.837550292225233761e+01 2.383312392754894304e+01 1.407630345058390162e+02 -2.918533903734743973e+01 7.357283967292742588e-01 2.770797390105853353e+00 2.570713300693040715e+00 2.468806595265038428e+00 2.931731745074634521e+00 2.586741912775563090e+00 1.978338992091924320e+00 1.479046949947313561e+00 -6.112890090817561628e+00 1.215210005642626356e+01 1.005535703162925465e+01 -4.887183439831763820e+01
7.658175330653281369e-03 -4.420270144095348949e-03 -2.931442784682713586e-03 -1.151251472507054674e-02 9.761044518138943180e-03 5.123016167435152229e-02 9.499915974951781902e-03 3.036877325853343246e-02 3.624597636482686930e-02 2.194380275448024331e-01 6.723118607319861217e-02 2.250334111878213653e-02 1.260784298365071054e-01 7.595847043046626279e-01 2.196003506129304561e-01 3.444280276080466940e-01 4.640113368079996081e-01 6.140814472203047769e-01 6.757771022310161690e-01 9.025582038796116091e-01 7.980826267489833370e-01 1.010873689975722911e+00 1.683328240704530465e+00 1.684670377807445441e+00 -4.401815760345126449e+00 5.699203721242702692e-01 -2.918533903734743973e+01 1.292780196598864393e+02 -5.527323433636724737e+00 5.612460427391654960e+00 3.318109272862962644e+00 2.789282434988848980e+00 2.955457961069300143e+00 3.037982587935956769e+00 2.650734056021201379e+00 2.306022964690789490e+00 -5.408241342503830040e+00 1.493982734945068103e+01 1.333108479658979206e+01 -6.859519329121079068e+01
4.248060496758265282e-03 -6.269926770598524546e-03 -5.602220087447110954e-03 -1.339438935492644027e-02 1.071132584838863436e-02 1.709637116837663812e-02 1.174529803480783103e-03 -1.435267100559388040e-02 -3.666319938119263350e-02 -1.247064521292788886e+00 1.815668633564885837e-01 1.072653648981210794e-01 1.848631270509932811e-01 8.369996364472195305e-01 2.631623748218443470e-01 4.073522306544156701e-01 5.598816427524427874e-01 6.951594811083058323e-01 7.747206211452398739e-01 1.014078670167614327e+00 8.661196579157545150e-01 1.142971829503487191e+00 2.044673384685005590e+00 2.568551947346008113e+00 2.543734144565386046e+00 1.569020278095462961e+00 7.357283967292742588e-01 -5.527323433636724737e+00 1.362946260617747214e+02 -2.443871168305091324e+00 2.348153441385103068e+00 3.102337462785325517e+00 3.545036314130987520e+00 3.613605330917749381e+00 3.488269878006378111e+00 3.635891507037345871e+00 -4.314646535908659430e+00 1.641352916522548355e+01 1.288264558135725935e+01 -3.630477313054002764e+01
1.385151992064758732e-02 -8.046705094295133684e-03 -6.600165543949253547e-03 -1.402299099825411038e-02 -5.645256682078297894e-03 2.927348512383081899e-02 4.764158999689267239e-03 3.035419712300457470e-02 4.750250401565836444e-02 9.921370887268785022e-02 8.143711490520670615e-02 5.066920238462790244e-02 1.637735821397195979e-01 6.041005257237762605e-01 2.258126706572364806e-01 4.009661495428034628e-01 8.265344103867358072e-01 6.524271278929300033e-01 7.340742192241891395e-01 9.520920731717139596e-01 9.104464224119188653e-01 1.137561134303275878e+00 1.381251121881364563e+00 2.359753049304194938e+00 2.496464199684641283e+00 1.629239949840921575e+00 2.770797390105853353e+00 5.612460427391654960e+00 -2.443871168305091324e+00 8.470821700015747524e+01 4.989044656763624630e+00 1.258383368422361093e+00 6.043840666508860870e+00 4.688900567231662819e+00 5.280039482376016835e+00 6.101773158307117306e+00 -1.191468316792468674e+00 2.110446226014420290e+01 1.799390252820802161e+01 -5.768943006021478936e+01
1.222975882171695346e-02 -1.566280057758993524e-03 1.840460971285041254e-03 -2.815883443496524155e-03 6.799986257300808315e-03 3.825439591935400618e-02 3.602637846678218014e-02 5.419418899180312305e-02 9.302171375910153403e-03 4.884523753032151555e-02 9.556687782100048434e-02 6.121689335444362862e-02 1.953542103297293553e-01 5.994781959438103547e-01 3.928195435775676536e-01 4.179212723798156337e-01 -3.135410639813264178e-01 7.441060830880568133e-01 8.210850923905744780e-01 1.045095316045598910e+00 1.066013264617124756e+00 1.283943622580204114e+00 1.775613259049692916e+00 2.468996169793290285e+00 2.602317570124072166e+00 1.931274836123322070e+00 2.570713300693040715e+00 3.318109272862962644e+00 2.348153441385103068e+00 4.989044656763624630e+00 1.593896357827446479e+02 -2.651462752003350332e+01 2.183464884782634385e+01 5.798338267526531808e+00 7.718969649514645148e+00 9.483398219118877037e+00 3.944954998579957017e+00 2.726042162128165813e+01 1.818579043486792912e+01 2.810424879621228911e+01
6.992823306987911228e-03 -1.225376032790784914e-02 -2.039601155983111758e-02 -3.795757755181033977e-02 -5.236120536712381146e-02 -4.930642505842693785e-02 -1.770230139548442660e-01 -2.980848600278195315e-01 2.598758325479961218e-01 1.376511383200215710e-01 1.528312252632142432e-01 1.135173393844138845e-01 1.729724639411960030e-01 6.195927153219037420e-01 3.397991419565677407e-01 4.400238651441878979e-01 4.543157461633272054e-01 6.970167559541160518e-01 7.860386511597052817e-01 9.983773423132126235e-01 1.010766269179891763e+00 1.230653433961383048e+00 1.737875749706681905e+00 2.378917925410848788e+00 2.342063787646632811e+00 1.898015764640740288e+00 2.468806595265038428e+00 2.789282434988848980e+00 3.102337462785325517e+00 1.258383368422361093e+00 -2.651462752003350332e+01 4.268102284776394413e+02 -5.401296054224655308e+01 8.504757700961457445e+00 9.626110050152131947e+00 1.371232455762776148e+01 4.316882899557493936e+00 1.872149825437135107e+01 1.820999518935710171e+01 -7.962874722551104867e+01
2.595721158126267428e-02 -7.623094190968321415e-03 -4.926190858685313388e-03 -9.520208185930105135e-03 -3.799931412592200738e-03 2.543926801490084197e-02 9.532319500993502795e-03 5.631143800428466822e-02 1.056816654336980438e-02 3.825558422471857234e-02 9.169973015715732201e-02 6.949594423449917402e-02 1.628824760874829358e-01 5.813353432652412778e-01 3.085225374096712825e-01 4.196167391681736025e-01 4.692554541710092786e-01 6.760603004523765280e-01 7.588566622518353455e-01 9.822606216161878789e-01 9.749531521551445534e-01 1.203136652824715380e+00 1.690185537883571509e+00 1.864842386260065377e+00 3.674045889627139072e+00 2.251729284412173904e+00 2.931731745074634521e+00 2.955457961069300143e+00 3.545036314130987520e+00 6.043840666508860870e+00 2.183464884782634385e+01 -5.401296054224655308e+01 1.160449694410506254e+02 -1.576663415960785919e+01 -6.320913648815693620e+01 1.725304683245470150e+00 -1.291080223853742837e+02 -3.127517161402537340e+02 -6.897941693071325631e+01 -3.276037197989870492e+03
8.907656031627604956e-03 -3.224163919032455548e-03 -3.830823132229477061e-03 -1.082917916687163758e-02 -1.545610655467017334e-02 1.260688709925165095e-02 -1.186297451216398319e-02 7.770207538664451914e-03 3.817430821702905847e-02 4.367881239034535762e-02 8.651063560119656715e-02 7.170036835341538073e-02 1.478019291912491540e-01 5.197843552808226741e-01 2.755541193611175110e-01 3.696919916772283821e-01 4.132835998487981999e-01 5.763220294318456283e-01 6.046374314263699423e-01 8.585568491578954298e-01 8.478781961964672043e-01 1.057720288730863878e+00 1.520319975106742882e+00 1.987193129991635443e+00 2.208451867828653103e+00 1.577302880942785812e+00 2.586741912775563090e+00 3.037982587935956769e+00 3.613605330917749381e+00 4.688900567231662819e+00 5.798338267526531808e+00 8.504757700961457445e+00 -1.576663415960785919e+01 2.065896675673739651e+02 7.517023398802670897e+01 6.277223873392295417e+01 1.555740540031053456e+02 3.862327817062238182e+02 1.029961526513503856e+02 3.693036916268684763e+03
7.741814081457023926e-03 7.679218912093254898e-03 5.357956466302622907e-03 2.089706623224653944e-03 4.255609076066738800e-02 3.939028619458113251e-02 -9.040648431281919986e-03 1.610863603559560542e-02 1.875910338016913148e-02 3.729868456475371463e-02 6.693966468014342364e-02 -4.430915492119313209e-02 7.639098068718391810e-02 5.739020980076886547e-01 1.279148923986424824e-01 2.189744148672251312e-01 2.526525027971875947e-01 3.990843930061898637e-01 3.821820549507993769e-01 6.224246506876011109e-01 3.888947016915380583e-01 6.170569045257680019e-01 1.253298298334128313e+00 1.721164601171166764e+00 1.877991033479094352e+00 1.130625790386582175e+00 1.978338992091924320e+00 2.650734056021201379e+00 3.488269878006378111e+00 5.280039482376016835e+00 7.718969649514645148e+00 9.626110050152131947e+00 -6.320913648815693620e+01 7.517023398802670897e+01 4.656423826779369847e+03 1.412694923293855481e+03 6.847374235347866488e+03 1.675180208748392761e+04 4.135161507262669147e+03 1.669115805326931586e+05
3.173637501646671237e-03 -1.942738925698830096e-04 2.544835236342074449e-03 -1.960635870423695082e-02 -7.809759394598697786e-03 4.838788694777280963e-03 -3.214335233769637090e-02 -1.204926904811283971e-02 1.873508246260776385e-03 1.219355445196135257e-03 1.967444397462211197e-02 -5.446607895817518613e-02 6.543570559388852369e-03 3.652618667005593234e-01 4.117487079692356416e-03 2.518328791222548477e-02 -4.736515924295793545e-02 4.932642652438160025e-02 -3.281187698185840662e-01 9.002533093912321038e-02 -1.563159660785976568e-01 -3.711713217604224735e-02 3.285600009580205150e-01 8.429962654718301529e-01 8.230131684015630222e-01 7.031663355597611575e-01 1.479046949947313561e+00 2.306022964690789490e+00 3.635891507037345871e+00 6.101773158307117306e+00 9.483398219118877037e+00 1.371232455762776148e+01 1.725304683245470150e+00 6.277223873392295417e+01 1.412694923293855481e+03 7.840856111443424197e+03 -2.651290377455022826e+04 -6.955579375411300862e+04 -1.706802690307658486e+04 -6.871427397684765747e+05
1.924320097719064981e-02 -2.547083519942028654e-02 -7.728852041237942172e-02 -3.390673120883661018e-02 1.515984976993410283e-01 1.828446286044796767e-02 -1.417024486716723652e-01 -1.018645182776609787e-01 -2.416522460493763791e-01 -2.211499520765809190e-01 -3.021695719938755631e-01 -8.661879406769978917e-01 -7.017513655623595081e-01 1.791667150563932276e-01 -1.226152580733301134e+00 -1.376065839003613567e+00 -1.949293905678888494e+00 -1.801210877990693238e+00 -1.467384219952641233e+00 -2.415483160188498513e+00 -4.088745260264470716e+00 -4.316070712951223243e+00 -3.787777549458423820e+00 -3.224159873447552282e+00 -4.387318743207098137e+00 -6.925492582845219403e+00 -6.112890090817561628e+00 -5.408241342503830040e+00 -4.314646535908659430e+00 -1.191468316792468674e+00 3.944954998579957017e+00 4.316882899557493936e+00 -1.291080223853742837e+02 1.555740540031053456e+02 6.847374235347866488e+03 -2.651290377455022826e+04 3.346134627862725756e+05 -4.008653544100776198e+05 -6.785656318034626020e+04 -3.300095835351217538e+06
2.307301150978892934e-01 5.022663512425235011e-01 7.310524513519748302e-01 8.668795144320524670e-01 1.712408513209079386e+00 1.219733941825593693e+00 7.514881400017022761e-01 1.005195993598347215e+00 5.751075830784750931e-01 9.340097739005877031e-01 9.683612545309822073e-01 -4.729074955311899364e-01 9.539332289511818219e-01 4.110809867668427486e+00 8.644129522338033222e-01 1.682504882112971556e+00 8.510911921080178688e-01 3.973829346211811053e+00 4.352841119095314681e+00 5.590785590749414169e+00 3.789297471820952889e+00 5.706417559677078088e+00 1.026335000317081914e+01 1.486112604568668694e+01 1.349438617677567187e+01 8.380255207274567297e+00 1.215210005642626356e+01 1.493982734945068103e+01 1.641352916522548355e+01 2.110446226014420290e+01 2.726042162128165813e+01 1.872149825437135107e+01 -3.127517161402537340e+02 3.862327817062238182e+02 1.675180208748392761e+04 -6.955579375411300862e+04 -4.008653544100776198e+05 5.461238592916808091e+06 1.614116863586838823e+06 4.177611469822010398e+07
3.103764544981707507e-01 -1.291380901755920796e+00 -2.468205992706238305e+00 -2.920753591163371965e+00 -1.273258161343348238e+00 -2.266550927469423549e+00 -2.904502739450690818e+00 -2.102069346596210142e+00 -2.566026313017217841e+00 -1.266015843851955980e+00 -7.282113535965542006e-01 -3.398595367417172053e+00 -2.398910104778038954e-01 6.670618357436256751e+00 2.330931276320901413e-01 2.182604482653282219e+00 3.204835422598923955e+00 6.297384246101425553e+00 6.826826947396100742e+00 9.007213511743987766e+00 3.165182629710121986e+00 6.918831113572771585e+00 1.520763346560407037e+01 2.262419160558298969e+01 2.017533694358528606e+01 5.489646931955746822e+00 1.005535703162925465e+01 1.333108479658979206e+01 1.288264558135725935e+01 1.799390252820802161e+01 1.818579043486792912e+01 1.820999518935710171e+01 -6.897941693071325631e+01 1.029961526513503856e+02 4.135161507262669147e+03 -1.706802690307658486e+04 -6.785656318034626020e+04 1.614116863586838823e+06 9.481210714894661680e+06 -1.644969912778503299e+08
