4.931210935895708469e-01 5.922452028308883287e-01 6.112679546342281167e-01 6.217114184473419014e-01 6.275604868761700539e-01 6.326262046630974911e-01 6.372209237879840060e-01 6.397572117263502500e-01 6.422762024088711774e-01 6.451061674159949133e-01 6.459903512244151713e-01 6.470799618632457895e-01 6.484347711191991159e-01 6.484438155127058012e-01 6.487915585336615498e-01 6.480950987209007641e-01 6.479443057029331543e-01 6.464874604673358505e-01 6.445680074948514360e-01 6.424425105276574399e-01 6.405561395101920796e-01 6.365798403578761810e-01 6.339284429289410161e-01 6.316169708222284518e-01 6.295863636519593021e-01 6.267770256428009112e-01 6.231990023117239819e-01 6.186667171886977012e-01 6.145982675633065995e-01 6.108678190882846915e-01 6.068378260907637545e-01 6.018676549233831219e-01 5.988871547783705118e-01 5.940060177234761651e-01 5.893068359462644290e-01 5.790457104110182662e-01 5.651082477725609676e-01 5.443442897675999648e-01 5.200472995050613445e-01 3.090240760051209123e-02
5.922452028308883287e-01 7.494111073585474347e-01 7.787480065026903819e-01 7.950117531390935577e-01 8.051916713758330291e-01 8.134919693601370128e-01 8.207550328906483283e-01 8.258630642391303622e-01 8.302782710326065407e-01 8.349713956512189172e-01 8.372487256734501004e-01 8.394828071621055487e-01 8.419260758085891361e-01 8.431368864094364035e-01 8.443396186857256014e-01 8.440222516544537701e-01 8.444936791904115170e-01 8.434950071497790969e-01 8.415822896759193039e-01 8.391787767396310382e-01 8.370919615147403015e-01 8.330560530382802309e-01 8.304745814879488375e-01 8.282179597283372274e-01 8.262337721662971202e-01 8.233155459210278471e-01 8.194348390232757406e-01 8.147623111815666119e-01 8.108220216089289112e-01 8.067302326783876154e-01 8.025506272010132225e-01 7.977271594137075317e-01 7.946164910341592114e-01 7.901783465008040963e-01 7.845522585696069751e-01 7.720047661388477200e-01 7.545797911049673123e-01 7.277325962863977482e-01 6.977330649938824347e-01 2.851075595778924943e-02
6.112679546342281167e-01 7.787480065026903819e-01 8.145570311898384652e-01 8.325536247418405811e-01 8.435609599322300145e-01 8.527837224775229874e-01 8.608397993404272031e-01 8.665071462627107479e-01 8.712897926770358792e-01 8.763311245776269631e-01 8.788531829265566753e-01 8.812689503928133883e-01 8.837876978402332551e-01 8.850344243717109816e-01 8.862344307436990087e-01 8.860335968766239745e-01 8.864455510425320872e-01 8.854273774249521445e-01 8.836322600850960995e-01 8.809065288445148134e-01 8.790378844246420353e-01 8.748515449822209522e-01 8.722973367907552733e-01 8.700628644285794966e-01 8.681057335717951018e-01 8.651455557316075629e-01 8.611876777006676198e-01 8.563927583452117798e-01 8.524031081515607289e-01 8.482563360221663240e-01 8.440760012351837815e-01 8.392700289650170120e-01 8.362440644955860813e-01 8.318136613586533112e-01 8.261611032666994481e-01 8.131930897135947189e-01 7.950104633366428253e-01 7.671426489341808264e-01 7.360426315049586332e-01 2.798099273808364248e-02
6.217114184473419014e-01 7.950117531390935577e-01 8.325536247418405811e-01 8.553172438658788179e-01 8.666777645118733941e-01 8.764801037671725581e-01 8.850284696080064073e-01 8.909916254846914629e-01 8.960518133490713577e-01 9.014186911834443094e-01 9.040979917682616662e-01 9.065437366740167757e-01 9.091885553271765730e-01 9.103779267979950074e-01 9.115180059462116846e-01 9.114860400314781508e-01 9.119688667334806542e-01 9.105755239997050943e-01 9.085712236832591548e-01 9.056283039729935425e-01 9.036145333286584869e-01 8.995844866035289655e-01 8.969726460404149337e-01 8.948359743332773286e-01 8.928439059607649053e-01 8.897674503234518362e-01 8.858268565509639370e-01 8.808391983241954382e-01 8.767771854148953548e-01 8.725521145405398249e-01 8.683331715497092373e-01 8.635086160850323767e-01 8.604961747278612183e-01 8.560256536522136139e-01 8.503309763302259183e-01 8.370466917229975046e-01 8.184202862859571992e-01 7.899477126371627911e-01 7.581759270690924257e-01 2.694738710769553625e-02
6.275604868761700539e-01 8.051916713758330291e-01 8.435609599322300145e-01 8.666777645118733941e-01 8.819173699771750696e-01 8.925251613436865350e-01 9.016461098656054496e-01 9.078894034715233596e-01 9.132037662906932196e-01 9.187176705634586549e-01 9.215350839420114459e-01 9.241262636817116904e-01 9.267193851763307899e-01 9.278289880532890610e-01 9.288809915487867830e-01 9.287602423282073083e-01 9.291114077163409313e-01 9.278780969044448934e-01 9.258144135333663538e-01 9.227206723327915361e-01 9.205462173587121155e-01 9.166237914489565597e-01 9.139894496198472940e-01 9.118226043765843558e-01 9.097621002856773886e-01 9.066461694933176663e-01 9.026388540016699880e-01 8.977608699560710726e-01 8.937511307887489043e-01 8.895055672067316843e-01 8.852889349763518601e-01 8.804823516796924654e-01 8.774832286198597231e-01 8.729887554467166133e-01 8.672690713289855635e-01 8.537590702179757018e-01 8.347975383594163912e-01 8.059013985519960510e-01 7.736453514880954341e-01 2.591546429393600318e-02
6.326262046630974911e-01 8.134919693601370128e-01 8.527837224775229874e-01 8.764801037671725581e-01 8.925251613436865350e-01 9.062571506033018087e-01 9.159844271003433347e-01 9.223136958202585722e-01 9.277989529471963870e-01 9.334988296741695279e-01 9.363386018518500276e-01 9.387960556733621065e-01 9.413227850872465385e-01 9.425106938526612854e-01 9.435189221416588889e-01 9.432826892404923003e-01 9.435144053400447151e-01 9.422754967937014836e-01 9.403320295445324328e-01 9.370250692926542779e-01 9.347224069374834299e-01 9.307249287864604037e-01 9.281444920282121425e-01 9.260025810072560759e-01 9.238146373961303448e-01 9.206149657370675810e-01 9.165136163823549564e-01 9.116036422196085454e-01 9.075662283193500768e-01 9.032513052480772853e-01 8.989900631587689483e-01 8.941632431795426550e-01 8.911157937390318251e-01 8.865550472364136514e-01 8.807786677042076517e-01 8.670593646437804169e-01 8.478117816157872966e-01 8.185340329093396816e-01 7.858599530264407385e-01 2.520617241470612599e-02
6.372209237879840060e-01 8.207550328906483283e-01 8.608397993404272031e-01 8.850284696080064073e-01 9.016461098656054496e-01 9.159844271003433347e-01 9.292059787302401341e-01 9.349809171989311718e-01 9.403528448037757892e-01 9.460585192012346267e-01 9.488890466034726190e-01 9.514024458224669134e-01 9.540452879634941930e-01 9.553090593178670265e-01 9.564103876795200243e-01 9.560026599778533862e-01 9.560912984900117317e-01 9.546548459032222489e-01 9.526378104444314099e-01 9.493217594444856022e-01 9.469039292899543714e-01 9.428097122172454103e-01 9.401653951852757540e-01 9.379201938062382560e-01 9.357131126577573621e-01 9.323562690023435851e-01 9.282283825122459309e-01 9.232964797042508831e-01 9.192287349064930391e-01 9.148699916240549124e-01 9.105780013297577469e-01 9.057694953348185418e-01 9.026053469510721960e-01 8.979526175613204986e-01 8.921013563501587473e-01 8.781856909584757620e-01 8.586864390585343676e-01 8.290603387463149065e-01 7.959963404063498116e-01 2.467559126691474744e-02
6.397572117263502500e-01 8.258630642391303622e-01 8.665071462627107479e-01 8.909916254846914629e-01 9.078894034715233596e-01 9.223136958202585722e-01 9.349809171989311718e-01 9.457292497081932758e-01 9.502137893465646412e-01 9.561323519202937771e-01 9.590366014127111871e-01 9.616767373260799445e-01 9.644571290678187747e-01 9.656959265378208812e-01 9.666593661419838890e-01 9.663148283805436112e-01 9.664612126819159821e-01 9.650518686714042449e-01 9.629745247281128462e-01 9.596629227156190378e-01 9.573190016649988365e-01 9.532236495852683955e-01 9.506212362953941897e-01 9.483175536957413332e-01 9.462869103188504827e-01 9.429242249935130271e-01 9.388624785976328324e-01 9.336420318888064562e-01 9.294210760147540995e-01 9.249465791359742228e-01 9.205479109862615417e-01 9.156472467829654960e-01 9.123921461585579040e-01 9.076271039220130676e-01 9.016622103049897197e-01 8.875241981036485761e-01 8.677405954930047516e-01 8.377525490242991868e-01 8.043167364755765547e-01 2.403729280311973915e-02
6.422762024088711774e-01 8.302782710326065407e-01 8.712897926770358792e-01 8.960518133490713577e-01 9.132037662906932196e-01 9.277989529471963870e-01 9.403528448037757892e-01 9.502137893465646412e-01 9.585205335511088887e-01 9.648857699751166583e-01 9.677912197258959903e-01 9.704241403612533512e-01 9.733048389850169624e-01 9.744737473339256661e-01 9.754788069445912146e-01 9.751408354659979461e-01 9.753361651018974676e-01 9.739791564503326171e-01 9.718933241432471393e-01 9.685451139165821566e-01 9.662116165084010388e-01 9.619701908588529360e-01 9.593130233826582254e-01 9.568248543641192372e-01 9.547212388346592027e-01 9.511559550397176155e-01 9.469120018723153898e-01 9.418855443321121346e-01 9.377143445709135161e-01 9.332298675487807893e-01 9.287991773638198945e-01 9.238081029106842701e-01 9.205739199591481681e-01 9.157590922673444211e-01 9.097376634301652665e-01 8.954479434434324814e-01 8.754570450710693619e-01 8.451944930176252813e-01 8.114868062422155859e-01 2.348663761609776079e-02
6.451061674159949133e-01 8.349713956512189172e-01 8.763311245776269631e-01 9.014186911834443094e-01 9.187176705634586549e-01 9.334988296741695279e-01 9.460585192012346267e-01 9.561323519202937771e-01 9.648857699751166583e-01 9.739846002745184972e-01 9.766764395404103904e-01 9.790856390101212448e-01 9.818095431906173065e-01 9.830614002422263242e-01 9.841205019743651805e-01 9.837431140446627476e-01 9.839866431402860547e-01 9.826812889975826693e-01 9.806149115843194597e-01 9.771682763956329731e-01 9.748037098200673656e-01 9.704614750091985487e-01 9.677330079509015581e-01 9.652738484117621143e-01 9.632508250638236458e-01 9.595989492746254124e-01 9.553309199698236664e-01 9.502776455715604698e-01 9.461566053075279870e-01 9.414874734244604859e-01 9.369526124800395817e-01 9.318187474866513886e-01 9.285495619864683192e-01 9.236364674176227307e-01 9.175152736429286193e-01 9.030441603099990111e-01 8.828273751637012445e-01 8.522755868606420870e-01 8.182761866315116928e-01 2.339289224477617002e-02
6.459903512244151713e-01 8.372487256734501004e-01 8.788531829265566753e-01 9.040979917682616662e-01 9.215350839420114459e-01 9.363386018518500276e-01 9.488890466034726190e-01 9.590366014127111871e-01 9.677912197258959903e-01 9.766764395404103904e-01 9.818747444444680950e-01 9.850609239292575925e-01 9.883771455532197603e-01 9.900630593838479765e-01 9.915427820968658601e-01 9.913535759197638075e-01 9.920017581088532710e-01 9.908401442643860468e-01 9.890423058795795308e-01 9.858299707228286302e-01 9.836814005000642513e-01 9.794508396380172677e-01 9.768520470303263536e-01 9.744766218674064673e-01 9.725420228995844685e-01 9.689513264549319826e-01 9.647504411127061363e-01 9.598039697947532423e-01 9.556007016000175325e-01 9.511849141420378739e-01 9.467635504130528235e-01 9.416159617550275973e-01 9.385027074106773171e-01 9.335449480351959428e-01 9.275238157430271135e-01 9.128954020236818012e-01 8.924196248250729768e-01 8.615986427174876505e-01 8.272964152112665115e-01 2.328387231894459702e-02
6.470799618632457895e-01 8.394828071621055487e-01 8.812689503928133883e-01 9.065437366740167757e-01 9.241262636817116904e-01 9.387960556733621065e-01 9.514024458224669134e-01 9.616767373260799445e-01 9.704241403612533512e-01 9.790856390101212448e-01 9.850609239292575925e-01 9.913365024539142478e-01 9.957053712446911620e-01 9.980980782031961818e-01 1.000302372812332807e+00 1.000374672508598906e+00 1.001921441055652506e+00 1.001171020214601137e+00 1.000079911982724390e+00 9.974379944756229799e-01 9.956549219074237733e-01 9.917940023423171825e-01 9.896424316631944329e-01 9.876240434791944134e-01 9.860416409147393368e-01 9.826873030848657375e-01 9.787554739324314523e-01 9.740870588183765388e-01 9.699433575216057646e-01 9.659705914996338239e-01 9.618066406892789022e-01 9.566531636605434263e-01 9.539436873139633954e-01 9.489237316736045535e-01 9.432813518411032883e-01 9.284388113188460911e-01 9.075435261787218044e-01 8.763932680922307261e-01 8.416709062792728790e-01 2.332265746054748914e-02
6.484347711191991159e-01 8.419260758085891361e-01 8.837876978402332551e-01 9.091885553271765730e-01 9.267193851763307899e-01 9.413227850872465385e-01 9.540452879634941930e-01 9.644571290678187747e-01 9.733048389850169624e-01 9.818095431906173065e-01 9.883771455532197603e-01 9.957053712446911620e-01 1.004084596336603852e+00 1.007071532323518426e+00 1.010127235778242039e+00 1.010473566727017491e+00 1.013119224890314474e+00 1.012842457883605496e+00 1.012534988871495845e+00 1.010389349947689919e+00 1.009038025098773383e+00 1.005707971152088653e+00 1.004111790595289211e+00 1.002566487907983417e+00 1.001435147543976667e+00 9.984592378436958349e-01 9.949053748513141393e-01 9.905894088471043357e-01 9.865366127140450248e-01 9.831419458877336259e-01 9.793208385114268166e-01 9.741639599946647632e-01 9.719582556767653037e-01 9.668570881065953193e-01 9.617147111527424297e-01 9.466280523833118243e-01 9.252415833925280442e-01 8.937403355793726023e-01 8.585365326144420717e-01 2.360997156155961868e-02
6.484438155127058012e-01 8.431368864094364035e-01 8.850344243717109816e-01 9.103779267979950074e-01 9.278289880532890610e-01 9.425106938526612854e-01 9.553090593178670265e-01 9.656959265378208812e-01 9.744737473339256661e-01 9.830614002422263242e-01 9.900630593838479765e-01 9.980980782031961818e-01 1.007071532323518426e+00 1.013889143050686448e+00 1.017810727613488009e+00 1.018358768202915599e+00 1.021887783495534885e+00 1.021883726154910299e+00 1.022249614331284917e+00 1.020585121286808450e+00 1.019670975287369163e+00 1.016677919522145590e+00 1.015530588407285162e+00 1.014518274359137662e+00 1.013678590215538966e+00 1.011000064693974521e+00 1.007742011429728413e+00 1.003703816968364748e+00 9.997573096747479626e-01 9.967584218382464778e-01 9.931682928228285911e-01 9.880059495091202404e-01 9.861841712714378705e-01 9.810272680477296614e-01 9.762324211496855586e-01 9.609516040927694736e-01 9.391800035198186736e-01 9.073749987700128194e-01 8.718027715015597146e-01 2.412628261347984915e-02
6.487915585336615498e-01 8.443396186857256014e-01 8.862344307436990087e-01 9.115180059462116846e-01 9.288809915487867830e-01 9.435189221416588889e-01 9.564103876795200243e-01 9.666593661419838890e-01 9.754788069445912146e-01 9.841205019743651805e-01 9.915427820968658601e-01 1.000302372812332807e+00 1.010127235778242039e+00 1.017810727613488009e+00 1.026184551669973910e+00 1.026686625538736575e+00 1.031257360577789939e+00 1.031573966667545861e+00 1.032666999418436538e+00 1.031479619835849126e+00 1.030878151703538359e+00 1.028353511475784243e+00 1.027666902515058656e+00 1.026960226790912589e+00 1.026712210379548518e+00 1.024428163262023572e+00 1.021527264022350279e+00 1.017797864864801838e+00 1.013897901172315485e+00 1.011491562815208134e+00 1.008234215032866476e+00 1.003035771502402973e+00 1.001662322266144711e+00 9.964388791971221515e-01 9.920547636177481365e-01 9.765548819686622473e-01 9.543356148734627453e-01 9.221864695471734263e-01 8.861882465612508364e-01 2.467392907456602766e-02
6.480950987209007641e-01 8.440222516544537701e-01 8.860335968766239745e-01 9.114860400314781508e-01 9.287602423282073083e-01 9.432826892404923003e-01 9.560026599778533862e-01 9.663148283805436112e-01 9.751408354659979461e-01 9.837431140446627476e-01 9.913535759197638075e-01 1.000374672508598906e+00 1.010473566727017491e+00 1.018358768202915599e+00 1.026686625538736575e+00 1.031200072632139308e+00 1.036906702393714852e+00 1.037400311091492222e+00 1.038878592874362239e+00 1.037894704872446727e+00 1.037498907242645485e+00 1.035218437081290688e+00 1.034801988908526926e+00 1.034339163378804161e+00 1.034442837576140528e+00 1.032305549843637094e+00 1.029547297018766905e+00 1.025939780371271981e+00 1.022054876931980605e+00 1.019798290065578650e+00 1.016635406636697603e+00 1.011514879153879276e+00 1.010337864163232346e+00 1.005091320109745778e+00 1.000828297211386220e+00 9.852142775417549458e-01 9.627828617846381221e-01 9.304057964466565522e-01 8.941416414117403511e-01 2.557769281855726273e-02
6.479443057029331543e-01 8.444936791904115170e-01 8.864455510425320872e-01 9.119688667334806542e-01 9.291114077163409313e-01 9.435144053400447151e-01 9.560912984900117317e-01 9.664612126819159821e-01 9.753361651018974676e-01 9.839866431402860547e-01 9.920017581088532710e-01 1.001921441055652506e+00 1.013119224890314474e+00 1.021887783495534885e+00 1.031257360577789939e+00 1.036906702393714852e+00 1.048611419521218169e+00 1.048937588782289598e+00 1.051541491052768507e+00 1.051292887309509316e+00 1.051491009949903743e+00 1.049944746690261832e+00 1.050350616471362963e+00 1.050583155825529191e+00 1.051443399346787544e+00 1.049972180006634392e+00 1.047823595522988871e+00 1.044750508784609844e+00 1.041027423115343797e+00 1.039687482639076066e+00 1.037081266622955411e+00 1.031952482128176918e+00 1.031580926052791947e+00 1.026252757152692485e+00 1.022750107324114976e+00 1.006866264351727880e+00 9.839924069620927805e-01 9.510736926218893439e-01 9.141339044821168436e-01 2.669125112385713205e-02
6.464874604673358505e-01 8.434950071497790969e-01 8.854273774249521445e-01 9.105755239997050943e-01 9.278780969044448934e-01 9.422754967937014836e-01 9.546548459032222489e-01 9.650518686714042449e-01 9.739791564503326171e-01 9.826812889975826693e-01 9.908401442643860468e-01 1.001171020214601137e+00 1.012842457883605496e+00 1.021883726154910299e+00 1.031573966667545861e+00 1.037400311091492222e+00 1.048937588782289598e+00 1.055496242728857448e+00 1.059759825740127503e+00 1.060452413804243932e+00 1.061480289783059527e+00 1.060776151109934506e+00 1.062142897524187335e+00 1.063205812083917845e+00 1.064972027721740044e+00 1.064223931008182245e+00 1.062719020342609122e+00 1.060209632173921390e+00 1.056661770540260337e+00 1.056196543401723531e+00 1.054119308330835780e+00 1.049167477956880479e+00 1.049703990726454039e+00 1.044343623382018027e+00 1.041644585487089492e+00 1.025727182852209429e+00 1.002716957600292780e+00 9.696974797413948632e-01 9.323221401682965093e-01 2.802915682911524126e-02
6.445680074948514360e-01 8.415822896759193039e-01 8.836322600850960995e-01 9.085712236832591548e-01 9.258144135333663538e-01 9.403320295445324328e-01 9.526378104444314099e-01 9.629745247281128462e-01 9.718933241432471393e-01 9.806149115843194597e-01 9.890423058795795308e-01 1.000079911982724390e+00 1.012534988871495845e+00 1.022249614331284917e+00 1.032666999418436538e+00 1.038878592874362239e+00 1.051541491052768507e+00 1.059759825740127503e+00 1.072018249021996938e+00 1.074345296611671996e+00 1.076969345826921387e+00 1.078030872279457375e+00 1.081370524078006934e+00 1.084113768118763588e+00 1.087687562196574920e+00 1.088320645213252558e+00 1.088275807092280889e+00 1.087023079503048439e+00 1.083882664334646195e+00 1.085457412025295998e+00 1.084677752401723483e+00 1.080014957739724668e+00 1.082601625299946857e+00 1.077209004011933757e+00 1.076440733601991218e+00 1.060695755721483557e+00 1.037752879578404563e+00 1.004815715024894640e+00 9.667455462055754012e-01 2.990875585382883964e-02
6.424425105276574399e-01 8.391787767396310382e-01 8.809065288445148134e-01 9.056283039729935425e-01 9.227206723327915361e-01 9.370250692926542779e-01 9.493217594444856022e-01 9.596629227156190378e-01 9.685451139165821566e-01 9.771682763956329731e-01 9.858299707228286302e-01 9.974379944756229799e-01 1.010389349947689919e+00 1.020585121286808450e+00 1.031479619835849126e+00 1.037894704872446727e+00 1.051292887309509316e+00 1.060452413804243932e+00 1.074345296611671996e+00 1.084721727497427901e+00 1.090174983194149405e+00 1.093654902844282351e+00 1.099713140009735524e+00 1.104745070915715832e+00 1.110466727929669162e+00 1.113299173050496416e+00 1.115255395350209122e+00 1.115722791580912032e+00 1.113164786148470808e+00 1.117515351848973104e+00 1.118483454162717772e+00 1.114171621778776711e+00 1.119423063466240764e+00 1.114078704700605549e+00 1.115945916261168680e+00 1.100742460114713106e+00 1.078321597784494434e+00 1.046190599286749956e+00 1.007862611619432691e+00 3.151905989022995430e-02
6.405561395101920796e-01 8.370919615147403015e-01 8.790378844246420353e-01 9.036145333286584869e-01 9.205462173587121155e-01 9.347224069374834299e-01 9.469039292899543714e-01 9.573190016649988365e-01 9.662116165084010388e-01 9.748037098200673656e-01 9.836814005000642513e-01 9.956549219074237733e-01 1.009038025098773383e+00 1.019670975287369163e+00 1.030878151703538359e+00 1.037498907242645485e+00 1.051491009949903743e+00 1.061480289783059527e+00 1.076969345826921387e+00 1.090174983194149405e+00 1.102304152530059422e+00 1.106655608303641403e+00 1.114582268791296737e+00 1.121247768944963585e+00 1.128585545967539572e+00 1.132958958511589564e+00 1.136327257294340143e+00 1.138014362393392931e+00 1.135888706361169120e+00 1.142211637649026112e+00 1.144400186012566101e+00 1.140308497567719570e+00 1.147452943489952082e+00 1.142140632177639947e+00 1.145902774061298590e+00 1.131107490807094162e+00 1.109081203726813847e+00 1.077483983846159177e+00 1.039050018920258278e+00 3.408720740963237794e-02
6.365798403578761810e-01 8.330560530382802309e-01 8.748515449822209522e-01 8.995844866035289655e-01 9.166237914489565597e-01 9.307249287864604037e-01 9.428097122172454103e-01 9.532236495852683955e-01 9.619701908588529360e-01 9.704614750091985487e-01 9.794508396380172677e-01 9.917940023423171825e-01 1.005707971152088653e+00 1.016677919522145590e+00 1.028353511475784243e+00 1.035218437081290688e+00 1.049944746690261832e+00 1.060776151109934506e+00 1.078030872279457375e+00 1.093654902844282351e+00 1.106655608303641403e+00 1.119536016313489313e+00 1.131106621741505114e+00 1.140644931515911731e+00 1.150718884714370338e+00 1.157548207991935918e+00 1.163181863639634939e+00 1.166811347045039193e+00 1.165352042459874671e+00 1.174807478986543252e+00 1.179012671655499389e+00 1.175405478917853186e+00 1.185558223079786977e+00 1.180368309537354055e+00 1.187094269771480581e+00 1.173003981547562136e+00 1.151629837267191370e+00 1.120921140558567508e+00 1.082224690942110268e+00 3.576995579497584121e-02
6.339284429289410161e-01 8.304745814879488375e-01 8.722973367907552733e-01 8.969726460404149337e-01 9.139894496198472940e-01 9.281444920282121425e-01 9.401653951852757540e-01 9.506212362953941897e-01 9.593130233826582254e-01 9.677330079509015581e-01 9.768520470303263536e-01 9.896424316631944329e-01 1.004111790595289211e+00 1.015530588407285162e+00 1.027666902515058656e+00 1.034801988908526926e+00 1.050350616471362963e+00 1.062142897524187335e+00 1.081370524078006934e+00 1.099713140009735524e+00 1.114582268791296737e+00 1.131106621741505114e+00 1.150419567490425177e+00 1.163322462388266310e+00 1.176452812292347661e+00 1.185956407206481877e+00 1.194091896882690351e+00 1.199883357182224275e+00 1.199129294654703193e+00 1.212182728455134084e+00 1.218667419812120567e+00 1.215525757820486552e+00 1.229190304518272159e+00 1.224074377507861966e+00 1.234298540889968709e+00 1.221053597464089036e+00 1.200487555080823610e+00 1.170991761996031721e+00 1.132208840890260193e+00 3.813240338603510887e-02
6.316169708222284518e-01 8.282179597283372274e-01 8.700628644285794966e-01 8.948359743332773286e-01 9.118226043765843558e-01 9.260025810072560759e-01 9.379201938062382560e-01 9.483175536957413332e-01 9.568248543641192372e-01 9.652738484117621143e-01 9.744766218674064673e-01 9.876240434791944134e-01 1.002566487907983417e+00 1.014518274359137662e+00 1.026960226790912589e+00 1.034339163378804161e+00 1.050583155825529191e+00 1.063205812083917845e+00 1.084113768118763588e+00 1.104745070915715832e+00 1.121247768944963585e+00 1.140644931515911731e+00 1.163322462388266310e+00 1.183547407343401359e+00 1.199475803901457027e+00 1.211075251646768214e+00 1.221177120309967057e+00 1.228666451625523459e+00 1.228383194060769457e+00 1.244422650344078507e+00 1.252854463239118088e+00 1.250103968979624502e+00 1.266728534637924453e+00 1.261668907345912638e+00 1.274824398387297775e+00 1.262326189428581991e+00 1.242466732824550890e+00 1.213958537875175603e+00 1.175087503737376915e+00 4.116427599304205848e-02
6.295863636519593021e-01 8.262337721662971202e-01 8.681057335717951018e-01 8.928439059607649053e-01 9.097621002856773886e-01 9.238146373961303448e-01 9.357131126577573621e-01 9.462869103188504827e-01 9.547212388346592027e-01 9.632508250638236458e-01 9.725420228995844685e-01 9.860416409147393368e-01 1.001435147543976667e+00 1.013678590215538966e+00 1.026712210379548518e+00 1.034442837576140528e+00 1.051443399346787544e+00 1.064972027721740044e+00 1.087687562196574920e+00 1.110466727929669162e+00 1.128585545967539572e+00 1.150718884714370338e+00 1.176452812292347661e+00 1.199475803901457027e+00 1.225785934210814609e+00 1.237636546027566009e+00 1.249097912576749847e+00 1.257896524054575194e+00 1.257886942743391190e+00 1.276573241771415956e+00 1.286702876726649292e+00 1.284108774912618323e+00 1.303522850852487869e+00 1.298496730877836791e+00 1.314349739655461535e+00 1.302599944869305082e+00 1.283394809756672084e+00 1.255707692851811830e+00 1.216671885779188722e+00 4.436577477380362206e-02
6.267770256428009112e-01 8.233155459210278471e-01 8.651455557316075629e-01 8.897674503234518362e-01 9.066461694933176663e-01 9.206149657370675810e-01 9.323562690023435851e-01 9.429242249935130271e-01 9.511559550397176155e-01 9.595989492746254124e-01 9.689513264549319826e-01 9.826873030848657375e-01 9.984592378436958349e-01 1.011000064693974521e+00 1.024428163262023572e+00 1.032305549843637094e+00 1.049972180006634392e+00 1.064223931008182245e+00 1.088320645213252558e+00 1.113299173050496416e+00 1.132958958511589564e+00 1.157548207991935918e+00 1.185956407206481877e+00 1.211075251646768214e+00 1.237636546027566009e+00 1.262236195910176217e+00 1.274824890253819065e+00 1.285326514998753611e+00 1.285839526124175292e+00 1.307636743926100964e+00 1.319704857438482204e+00 1.317668421323629380e+00 1.339885698770320044e+00 1.334781146993631262e+00 1.353461053000790004e+00 1.342351134741301966e+00 1.323735317399944433e+00 1.296971133805128851e+00 1.257704665244767206e+00 4.780154196297978914e-02
6.231990023117239819e-01 8.194348390232757406e-01 8.611876777006676198e-01 8.858268565509639370e-01 9.026388540016699880e-01 9.165136163823549564e-01 9.282283825122459309e-01 9.388624785976328324e-01 9.469120018723153898e-01 9.553309199698236664e-01 9.647504411127061363e-01 9.787554739324314523e-01 9.949053748513141393e-01 1.007742011429728413e+00 1.021527264022350279e+00 1.029547297018766905e+00 1.047823595522988871e+00 1.062719020342609122e+00 1.088275807092280889e+00 1.115255395350209122e+00 1.136327257294340143e+00 1.163181863639634939e+00 1.194091896882690351e+00 1.221177120309967057e+00 1.249097912576749847e+00 1.274824890253819065e+00 1.299612307326096117e+00 1.311365575373800496e+00 1.312417754642412282e+00 1.337267424742464517e+00 1.351265792798423737e+00 1.349762303419928866e+00 1.374868158462809298e+00 1.369689497514868792e+00 1.391204658840410557e+00 1.380721171967064453e+00 1.362783335475516333e+00 1.336927599393175514e+00 1.297474135971240505e+00 5.110884340648116919e-02
6.186667171886977012e-01 8.147623111815666119e-01 8.563927583452117798e-01 8.808391983241954382e-01 8.977608699560710726e-01 9.116036422196085454e-01 9.232964797042508831e-01 9.336420318888064562e-01 9.418855443321121346e-01 9.502776455715604698e-01 9.598039697947532423e-01 9.740870588183765388e-01 9.905894088471043357e-01 1.003703816968364748e+00 1.017797864864801838e+00 1.025939780371271981e+00 1.044750508784609844e+00 1.060209632173921390e+00 1.087023079503048439e+00 1.115722791580912032e+00 1.138014362393392931e+00 1.166811347045039193e+00 1.199883357182224275e+00 1.228666451625523459e+00 1.257896524054575194e+00 1.285326514998753611e+00 1.311365575373800496e+00 1.333455987452988767e+00 1.335233063904599726e+00 1.362992109350899872e+00 1.378807999360466274e+00 1.377814384616556920e+00 1.405431611008367110e+00 1.400416600566599667e+00 1.424620503223682499e+00 1.414839664685178189e+00 1.397580889800106085e+00 1.372615984937050504e+00 1.333071888477157296e+00 5.485208513660086438e-02
6.145982675633065995e-01 8.108220216089289112e-01 8.524031081515607289e-01 8.767771854148953548e-01 8.937511307887489043e-01 9.075662283193500768e-01 9.192287349064930391e-01 9.294210760147540995e-01 9.377143445709135161e-01 9.461566053075279870e-01 9.556007016000175325e-01 9.699433575216057646e-01 9.865366127140450248e-01 9.997573096747479626e-01 1.013897901172315485e+00 1.022054876931980605e+00 1.041027423115343797e+00 1.056661770540260337e+00 1.083882664334646195e+00 1.113164786148470808e+00 1.135888706361169120e+00 1.165352042459874671e+00 1.199129294654703193e+00 1.228383194060769457e+00 1.257886942743391190e+00 1.285839526124175292e+00 1.312417754642412282e+00 1.335233063904599726e+00 1.345501296115729328e+00 1.374286781064755214e+00 1.390503347334623774e+00 1.389698163007360376e+00 1.418115916240980212e+00 1.413203568537571231e+00 1.438275444999799646e+00 1.428751485822418177e+00 1.411735288584909265e+00 1.387044237802788071e+00 1.347482200006267172e+00 5.886206893314877009e-02
6.108678190882846915e-01 8.067302326783876154e-01 8.482563360221663240e-01 8.725521145405398249e-01 8.895055672067316843e-01 9.032513052480772853e-01 9.148699916240549124e-01 9.249465791359742228e-01 9.332298675487807893e-01 9.414874734244604859e-01 9.511849141420378739e-01 9.659705914996338239e-01 9.831419458877336259e-01 9.967584218382464778e-01 1.011491562815208134e+00 1.019798290065578650e+00 1.039687482639076066e+00 1.056196543401723531e+00 1.085457412025295998e+00 1.117515351848973104e+00 1.142211637649026112e+00 1.174807478986543252e+00 1.212182728455134084e+00 1.244422650344078507e+00 1.276573241771415956e+00 1.307636743926100964e+00 1.337267424742464517e+00 1.362992109350899872e+00 1.374286781064755214e+00 1.414774233845932816e+00 1.434555786435481428e+00 1.434569663141159523e+00 1.467473658571815776e+00 1.462760540457934910e+00 1.492457648646006163e+00 1.484111008889907657e+00 1.468254462759575718e+00 1.445185643140443288e+00 1.405491529561594399e+00 6.322814639652905855e-02
6.068378260907637545e-01 8.025506272010132225e-01 8.440760012351837815e-01 8.683331715497092373e-01 8.852889349763518601e-01 8.989900631587689483e-01 9.105780013297577469e-01 9.205479109862615417e-01 9.287991773638198945e-01 9.369526124800395817e-01 9.467635504130528235e-01 9.618066406892789022e-01 9.793208385114268166e-01 9.931682928228285911e-01 1.008234215032866476e+00 1.016635406636697603e+00 1.037081266622955411e+00 1.054119308330835780e+00 1.084677752401723483e+00 1.118483454162717772e+00 1.144400186012566101e+00 1.179012671655499389e+00 1.218667419812120567e+00 1.252854463239118088e+00 1.286702876726649292e+00 1.319704857438482204e+00 1.351265792798423737e+00 1.378807999360466274e+00 1.390503347334623774e+00 1.434555786435481428e+00 1.463016286659536647e+00 1.464602426031804239e+00 1.501383418294492289e+00 1.496704979807990998e+00 1.530022265406086657e+00 1.522920341034467606e+00 1.508114456921974877e+00 1.486442404706083797e+00 1.446814315010495289e+00 6.795066826414759842e-02
6.018676549233831219e-01 7.977271594137075317e-01 8.392700289650170120e-01 8.635086160850323767e-01 8.804823516796924654e-01 8.941632431795426550e-01 9.057694953348185418e-01 9.156472467829654960e-01 9.238081029106842701e-01 9.318187474866513886e-01 9.416159617550275973e-01 9.566531636605434263e-01 9.741639599946647632e-01 9.880059495091202404e-01 1.003035771502402973e+00 1.011514879153879276e+00 1.031952482128176918e+00 1.049167477956880479e+00 1.080014957739724668e+00 1.114171621778776711e+00 1.140308497567719570e+00 1.175405478917853186e+00 1.215525757820486552e+00 1.250103968979624502e+00 1.284108774912618323e+00 1.317668421323629380e+00 1.349762303419928866e+00 1.377814384616556920e+00 1.389698163007360376e+00 1.434569663141159523e+00 1.464602426031804239e+00 1.473455351544918024e+00 1.510677781637395523e+00 1.506046873488083859e+00 1.540080859541170577e+00 1.533365927698576936e+00 1.518897173944621315e+00 1.497623998966643777e+00 1.458097988075840457e+00 7.273129093521202293e-02
5.988871547783705118e-01 7.946164910341592114e-01 8.362440644955860813e-01 8.604961747278612183e-01 8.774832286198597231e-01 8.911157937390318251e-01 9.026053469510721960e-01 9.123921461585579040e-01 9.205739199591481681e-01 9.285495619864683192e-01 9.385027074106773171e-01 9.539436873139633954e-01 9.719582556767653037e-01 9.861841712714378705e-01 1.001662322266144711e+00 1.010337864163232346e+00 1.031580926052791947e+00 1.049703990726454039e+00 1.082601625299946857e+00 1.119423063466240764e+00 1.147452943489952082e+00 1.185558223079786977e+00 1.229190304518272159e+00 1.266728534637924453e+00 1.303522850852487869e+00 1.339885698770320044e+00 1.374868158462809298e+00 1.405431611008367110e+00 1.418115916240980212e+00 1.467473658571815776e+00 1.501383418294492289e+00 1.510677781637395523e+00 1.562682312879063007e+00 1.558281931100124806e+00 1.598615936043226160e+00 1.593981627683856983e+00 1.581380572979702359e+00 1.562473123280920584e+00 1.523183975850936234e+00 7.721511900475820644e-02
5.940060177234761651e-01 7.901783465008040963e-01 8.318136613586533112e-01 8.560256536522136139e-01 8.729887554467166133e-01 8.865550472364136514e-01 8.979526175613204986e-01 9.076271039220130676e-01 9.157590922673444211e-01 9.236364674176227307e-01 9.335449480351959428e-01 9.489237316736045535e-01 9.668570881065953193e-01 9.810272680477296614e-01 9.964388791971221515e-01 1.005091320109745778e+00 1.026252757152692485e+00 1.044343623382018027e+00 1.077209004011933757e+00 1.114078704700605549e+00 1.142140632177639947e+00 1.180368309537354055e+00 1.224074377507861966e+00 1.261668907345912638e+00 1.298496730877836791e+00 1.334781146993631262e+00 1.369689497514868792e+00 1.400416600566599667e+00 1.413203568537571231e+00 1.462760540457934910e+00 1.496704979807990998e+00 1.506046873488083859e+00 1.558281931100124806e+00 1.562202974070195705e+00 1.602937010035436982e+00 1.598642071137559073e+00 1.586530682865370911e+00 1.567981546911931146e+00 1.529139247135873125e+00 8.182024773682813890e-02
5.893068359462644290e-01 7.845522585696069751e-01 8.261611032666994481e-01 8.503309763302259183e-01 8.672690713289855635e-01 8.807786677042076517e-01 8.921013563501587473e-01 9.016622103049897197e-01 9.097376634301652665e-01 9.175152736429286193e-01 9.275238157430271135e-01 9.432813518411032883e-01 9.617147111527424297e-01 9.762324211496855586e-01 9.920547636177481365e-01 1.000828297211386220e+00 1.022750107324114976e+00 1.041644585487089492e+00 1.076440733601991218e+00 1.115945916261168680e+00 1.145902774061298590e+00 1.187094269771480581e+00 1.234298540889968709e+00 1.274824398387297775e+00 1.314349739655461535e+00 1.353461053000790004e+00 1.391204658840410557e+00 1.424620503223682499e+00 1.438275444999799646e+00 1.492457648646006163e+00 1.530022265406086657e+00 1.540080859541170577e+00 1.598615936043226160e+00 1.602937010035436982e+00 1.657557936286104816e+00 1.655595558214776108e+00 1.645795508565613297e+00 1.630071903423966129e+00 1.591833465470781306e+00 8.650112097929818500e-02
5.790457104110182662e-01 7.720047661388477200e-01 8.131930897135947189e-01 8.370466917229975046e-01 8.537590702179757018e-01 8.670593646437804169e-01 8.781856909584757620e-01 8.875241981036485761e-01 8.954479434434324814e-01 9.030441603099990111e-01 9.128954020236818012e-01 9.284388113188460911e-01 9.466280523833118243e-01 9.609516040927694736e-01 9.765548819686622473e-01 9.852142775417549458e-01 1.006866264351727880e+00 1.025727182852209429e+00 1.060695755721483557e+00 1.100742460114713106e+00 1.131107490807094162e+00 1.173003981547562136e+00 1.221053597464089036e+00 1.262326189428581991e+00 1.302599944869305082e+00 1.342351134741301966e+00 1.380721171967064453e+00 1.414839664685178189e+00 1.428751485822418177e+00 1.484111008889907657e+00 1.522920341034467606e+00 1.533365927698576936e+00 1.593981627683856983e+00 1.598642071137559073e+00 1.655595558214776108e+00 1.662936344539922118e+00 1.654824223223330115e+00 1.640656116114485252e+00 1.603397215207605475e+00 9.248989328211514038e-02
5.651082477725609676e-01 7.545797911049673123e-01 7.950104633366428253e-01 8.184202862859571992e-01 8.347975383594163912e-01 8.478117816157872966e-01 8.586864390585343676e-01 8.677405954930047516e-01 8.754570450710693619e-01 8.828273751637012445e-01 8.924196248250729768e-01 9.075435261787218044e-01 9.252415833925280442e-01 9.391800035198186736e-01 9.543356148734627453e-01 9.627828617846381221e-01 9.839924069620927805e-01 1.002716957600292780e+00 1.037752879578404563e+00 1.078321597784494434e+00 1.109081203726813847e+00 1.151629837267191370e+00 1.200487555080823610e+00 1.242466732824550890e+00 1.283394809756672084e+00 1.323735317399944433e+00 1.362783335475516333e+00 1.397580889800106085e+00 1.411735288584909265e+00 1.468254462759575718e+00 1.508114456921974877e+00 1.518897173944621315e+00 1.581380572979702359e+00 1.586530682865370911e+00 1.645795508565613297e+00 1.654824223223330115e+00 1.656541084985933221e+00 1.645111620405764752e+00 1.609707683471759410e+00 9.821675957772757481e-02
5.443442897675999648e-01 7.277325962863977482e-01 7.671426489341808264e-01 7.899477126371627911e-01 8.059013985519960510e-01 8.185340329093396816e-01 8.290603387463149065e-01 8.377525490242991868e-01 8.451944930176252813e-01 8.522755868606420870e-01 8.615986427174876505e-01 8.763932680922307261e-01 8.937403355793726023e-01 9.073749987700128194e-01 9.221864695471734263e-01 9.304057964466565522e-01 9.510736926218893439e-01 9.696974797413948632e-01 1.004815715024894640e+00 1.046190599286749956e+00 1.077483983846159177e+00 1.120921140558567508e+00 1.170991761996031721e+00 1.213958537875175603e+00 1.255707692851811830e+00 1.296971133805128851e+00 1.336927599393175514e+00 1.372615984937050504e+00 1.387044237802788071e+00 1.445185643140443288e+00 1.486442404706083797e+00 1.497623998966643777e+00 1.562473123280920584e+00 1.567981546911931146e+00 1.630071903423966129e+00 1.640656116114485252e+00 1.645111620405764752e+00 1.644729506098084659e+00 1.612534377615012948e+00 1.043941037425067525e-01
5.200472995050613445e-01 6.977330649938824347e-01 7.360426315049586332e-01 7.581759270690924257e-01 7.736453514880954341e-01 7.858599530264407385e-01 7.959963404063498116e-01 8.043167364755765547e-01 8.114868062422155859e-01 8.182761866315116928e-01 8.272964152112665115e-01 8.416709062792728790e-01 8.585365326144420717e-01 8.718027715015597146e-01 8.861882465612508364e-01 8.941416414117403511e-01 9.141339044821168436e-01 9.323221401682965093e-01 9.667455462055754012e-01 1.007862611619432691e+00 1.039050018920258278e+00 1.082224690942110268e+00 1.132208840890260193e+00 1.175087503737376915e+00 1.216671885779188722e+00 1.257704665244767206e+00 1.297474135971240505e+00 1.333071888477157296e+00 1.347482200006267172e+00 1.405491529561594399e+00 1.446814315010495289e+00 1.458097988075840457e+00 1.523183975850936234e+00 1.529139247135873125e+00 1.591833465470781306e+00 1.603397215207605475e+00 1.609707683471759410e+00 1.612534377615012948e+00 1.590239047510601855e+00 1.111126350395491291e-01
3.090240760051209123e-02 2.851075595778924943e-02 2.798099273808364248e-02 2.694738710769553625e-02 2.591546429393600318e-02 2.520617241470612599e-02 2.467559126691474744e-02 2.403729280311973915e-02 2.348663761609776079e-02 2.339289224477617002e-02 2.328387231894459702e-02 2.332265746054748914e-02 2.360997156155961868e-02 2.412628261347984915e-02 2.467392907456602766e-02 2.557769281855726273e-02 2.669125112385713205e-02 2.802915682911524126e-02 2.990875585382883964e-02 3.151905989022995430e-02 3.408720740963237794e-02 3.576995579497584121e-02 3.813240338603510887e-02 4.116427599304205848e-02 4.436577477380362206e-02 4.780154196297978914e-02 5.110884340648116919e-02 5.485208513660086438e-02 5.886206893314877009e-02 6.322814639652905855e-02 6.795066826414759842e-02 7.273129093521202293e-02 7.721511900475820644e-02 8.182024773682813890e-02 8.650112097929818500e-02 9.248989328211514038e-02 9.821675957772757481e-02 1.043941037425067525e-01 1.111126350395491291e-01 1.283374799965777691e-01
