3.367348584079337456e-03 3.277841579078040381e-03 3.191894870564976686e-03 3.111924701642974044e-03 3.031889030999927303e-03 2.943171688489513299e-03 2.863238175655527171e-03 2.782987586173257290e-03 2.698789071640760647e-03 2.604568343255675000e-03 2.528093446546368812e-03 2.425324621779596963e-03 2.312960510550682216e-03 2.198114786417495938e-03 2.123613940663787204e-03 2.000375503542140259e-03 1.923385990914444144e-03 1.847973522358116330e-03 1.720418549332603745e-03 1.638954918808201589e-03 1.537089096101073443e-03 1.425329157352724519e-03 1.357566061054768817e-03 1.214760386042063609e-03 1.151714119528727490e-03 1.057654607086663161e-03 9.951671134424688869e-04 9.114723578101019451e-04 7.895115341691625807e-04 7.702803780612685206e-04 6.788629533676953558e-04 5.854004731068033259e-04 5.082852726760193809e-04 4.482086390300123527e-04 4.365201031203997805e-04 3.453437019429795619e-04 3.180344936006979377e-04 2.467299830902713550e-04 1.747008553569533076e-04 1.695345806754852279e-04
3.277841579078040381e-03 3.504946703220014007e-03 3.666762901659929071e-03 3.798173961940628455e-03 3.907129707546693614e-03 3.983587633882864840e-03 4.059587014869581179e-03 4.102270278236900408e-03 4.136964690871336621e-03 4.133656518555601546e-03 4.146792783071612601e-03 4.113066513899996633e-03 4.057966306312209628e-03 3.984842152189397961e-03 3.936864882873878160e-03 3.825993693239968657e-03 3.748734561701458877e-03 3.650956695933954468e-03 3.496310437837815352e-03 3.380591378567723675e-03 3.223441256229958325e-03 3.056210146144119986e-03 2.918282106237111897e-03 2.695435265124589315e-03 2.554473089632199479e-03 2.370888969090624403e-03 2.216950276864270309e-03 2.039324974320296663e-03 1.826776332557532518e-03 1.692066544349054213e-03 1.500983549711075275e-03 1.312168595728373157e-03 1.128664958509997211e-03 9.669571594444881625e-04 8.650358853053976768e-04 6.881707995128709399e-04 5.579757164640244439e-04 4.014438565185177578e-04 2.499002523920145716e-04 1.587891430156363620e-04
3.191894870564976686e-03 3.666762901659929071e-03 4.053494105218304056e-03 4.362702143610423453e-03 4.644914703213222015e-03 4.874060118203798683e-03 5.098536745258033104e-03 5.259641120510019294e-03 5.409593919312882630e-03 5.495731488021756914e-03 5.598313001273515742e-03 5.634346140810607244e-03 5.635871968786973149e-03 5.611429775510084345e-03 5.592724436870980670e-03 5.498473027544167717e-03 5.425714572608522114e-03 5.310558738639911333e-03 5.134601756257026542e-03 4.991038159458819137e-03 4.786735432895788088e-03 4.570842830004755337e-03 4.371239012284126695e-03 4.076195740114067594e-03 3.865890229239805822e-03 3.600236628878513215e-03 3.366527995459625555e-03 3.101877477598474070e-03 2.807166842629424831e-03 2.566565272708257704e-03 2.283394825300425011e-03 2.006367598402778937e-03 1.724393069662931302e-03 1.466874893860914712e-03 1.281276471160733288e-03 1.023375847671952141e-03 7.952062685227775972e-04 5.571571211922839292e-04 3.300703043462726465e-04 1.559065839154904847e-04
3.111924701642974044e-03 3.798173961940628455e-03 4.362702143610423453e-03 4.892670620320656825e-03 5.301221318510122849e-03 5.672049670941162192e-03 6.041859860306048741e-03 6.316793150910901197e-03 6.579309950524376421e-03 6.753745267529582923e-03 6.946047154598788964e-03 7.053101508130776159e-03 7.118874237726676747e-03 7.135203779231901779e-03 7.149101800919752982e-03 7.074808840745750067e-03 7.009768116515583194e-03 6.880318099780667086e-03 6.686210347212538825e-03 6.517391654415838342e-03 6.273691404499866404e-03 6.011467070519512478e-03 5.755641630688169801e-03 5.392522425988192925e-03 5.117603716379208641e-03 4.774800122175539702e-03 4.464427420253967889e-03 4.118835815602362067e-03 3.746171809836424879e-03 3.405332143562924633e-03 3.034103986036031271e-03 2.672717089202990715e-03 2.298004793817213978e-03 1.946915227096966032e-03 1.685213991106996245e-03 1.350861328410010199e-03 1.021735899104129651e-03 7.149657241773742320e-04 4.194153111311429527e-04 1.697496220204199708e-04
3.031889030999927303e-03 3.907129707546693614e-03 4.644914703213222015e-03 5.301221318510122849e-03 5.977141210913794293e-03 6.397466520506532063e-03 6.923201219399614283e-03 7.307731596384288777e-03 7.682861070152018773e-03 7.946358113790597325e-03 8.230819576550717220e-03 8.411259549845544886e-03 8.541182087849902294e-03 8.607735142669379821e-03 8.657136444257775704e-03 8.606990442387501758e-03 8.553823508670527903e-03 8.414054114895439321e-03 8.205857225188583487e-03 8.027240649888007715e-03 7.731663361040074303e-03 7.429086981266467930e-03 7.119868061721149576e-03 6.691089575006559619e-03 6.354648063886384965e-03 5.937755275408328377e-03 5.554609555418742531e-03 5.131430594917970114e-03 4.685431707419632739e-03 4.250187509855373955e-03 3.795462939674545521e-03 3.353831593813093575e-03 2.893116343069219130e-03 2.461008868037745621e-03 2.111962573824781308e-03 1.702793119998601522e-03 1.292134708959908262e-03 9.023591371786014162e-04 5.375456178764311758e-04 2.085115686444878982e-04
2.943171688489513299e-03 3.983587633882864840e-03 4.874060118203798683e-03 5.672049670941162192e-03 6.397466520506532063e-03 7.307564566914572478e-03 7.770112125916548915e-03 8.232573724370787285e-03 8.712155835899106082e-03 9.057746397627011378e-03 9.431137810765067089e-03 9.681934167177943043e-03 9.874552379778763975e-03 9.989732361228124968e-03 1.007371725129239254e-02 1.004811574121085987e-02 1.000766496537951016e-02 9.858876313207315042e-03 9.636218572995142867e-03 9.446994184259713614e-03 9.122832958666608760e-03 8.787298133656976790e-03 8.437134284442260324e-03 7.955486627612199518e-03 7.571451597138046351e-03 7.093250012904435062e-03 6.648751300430609697e-03 6.157165540132999992e-03 5.647338132139410535e-03 5.121757859989088842e-03 4.590864518150748058e-03 4.078781289865547437e-03 3.571688781981416198e-03 2.905294395381335850e-03 2.539108042564456290e-03 2.071158775939477194e-03 1.578198179963607659e-03 1.118382226865743435e-03 6.912894543272593952e-04 2.900090218277213061e-04
2.863238175655527171e-03 4.059587014869581179e-03 5.098536745258033104e-03 6.041859860306048741e-03 6.923201219399614283e-03 7.770112125916548915e-03 9.010236535277193690e-03 9.045343617486694549e-03 9.670111121453944455e-03 1.011277576713006526e-02 1.058937999528840844e-02 1.092062706877041690e-02 1.118570345658097438e-02 1.135755267554850942e-02 1.148290620145859219e-02 1.148855490447972180e-02 1.146574923877697466e-02 1.131025067237860504e-02 1.104094820457290904e-02 1.090076719194700040e-02 1.054217667805052404e-02 1.017126253002157039e-02 9.777934896944678531e-03 9.239830072810864200e-03 8.804079174229994392e-03 8.260604269122015855e-03 7.751390179609433592e-03 7.187843389910905829e-03 6.607966283498839695e-03 5.994697060224151407e-03 5.380339441067122537e-03 4.780732950230627901e-03 4.153344196905093579e-03 3.548398738042018476e-03 3.045478196968470948e-03 2.488907334670380223e-03 1.900312021133413951e-03 1.359858564282332045e-03 8.603096171065067023e-04 3.768577384792163904e-04
2.782987586173257290e-03 4.102270278236900408e-03 5.259641120510019294e-03 6.316793150910901197e-03 7.307731596384288777e-03 8.232573724370787285e-03 9.045343617486694549e-03 1.046651069272617161e-02 1.058102788948807674e-02 1.109120134749865504e-02 1.166706014607243359e-02 1.207414996323020670e-02 1.241096508129563986e-02 1.263851005866591451e-02 1.280492464529552066e-02 1.284364711351786842e-02 1.284164058498954604e-02 1.268901047504113720e-02 1.248540411173590554e-02 1.223140364546793091e-02 1.185706138147654860e-02 1.145786455284025437e-02 1.102699599217583926e-02 1.043731281630623682e-02 9.955119863990169460e-03 9.351604175860429857e-03 8.783601977260963381e-03 8.154407123167279128e-03 7.513555901805378523e-03 6.823044015102639089e-03 6.118289597053198393e-03 5.459546639783457132e-03 4.755898834353492269e-03 4.072762119067651308e-03 3.502747293679480105e-03 2.879648973429414175e-03 2.210781170838433882e-03 1.602721514303190190e-03 1.043848293032793775e-03 4.946278417697397203e-04
2.698789071640760647e-03 4.136964690871336621e-03 5.409593919312882630e-03 6.579309950524376421e-03 7.682861070152018773e-03 8.712155835899106082e-03 9.670111121453944455e-03 1.058102788948807674e-02 1.182716306473078141e-02 1.195181434303806134e-02 1.266350923164904010e-02 1.315541283125517581e-02 1.357379559213624590e-02 1.386191408981207740e-02 1.407308895797781262e-02 1.414845368720014582e-02 1.416770237318567063e-02 1.401261669283841195e-02 1.379502624141588397e-02 1.354841705203854545e-02 1.314617713353078039e-02 1.271536029457193476e-02 1.224540746277514441e-02 1.160197513000046400e-02 1.107213612699208330e-02 1.040611893523976823e-02 9.777148467609266674e-03 9.078880639039135086e-03 8.373163955843539175e-03 7.595797502943854584e-03 6.828226183051054957e-03 6.090293156924166465e-03 5.304212722208293158e-03 4.537924477609983284e-03 3.893975028213393468e-03 3.199461959824817080e-03 2.445591059215912119e-03 1.764110775073263540e-03 1.140028428626300430e-03 5.163138533986116668e-04
2.604568343255675000e-03 4.133656518555601546e-03 5.495731488021756914e-03 6.753745267529582923e-03 7.946358113790597325e-03 9.057746397627011378e-03 1.011277576713006526e-02 1.109120134749865504e-02 1.195181434303806134e-02 1.325115218253907282e-02 1.357675561359021274e-02 1.411709642091437539e-02 1.461248673724205999e-02 1.495735899519377160e-02 1.521385559953972177e-02 1.533149860784611615e-02 1.537796773553620766e-02 1.522898572827313321e-02 1.501532760753356011e-02 1.477633835200801125e-02 1.435982687671961966e-02 1.391034557651926046e-02 1.341444607268941179e-02 1.273059344640049655e-02 1.216555880552537723e-02 1.144879460842342274e-02 1.077011305996026548e-02 1.001315205877521645e-02 9.253535172273636561e-03 8.403716379260997918e-03 7.584749420748403137e-03 6.785918585490361213e-03 5.934668690028088202e-03 5.102174168806679691e-03 4.399432729746119430e-03 3.649002809576099449e-03 2.827134908458741203e-03 2.091101066581290552e-03 1.424449776555788581e-03 7.587249528014034308e-04
2.528093446546368812e-03 4.146792783071612601e-03 5.598313001273515742e-03 6.946047154598788964e-03 8.230819576550717220e-03 9.431137810765067089e-03 1.058937999528840844e-02 1.166706014607243359e-02 1.266350923164904010e-02 1.357675561359021274e-02 1.494459923512677681e-02 1.500838236647253354e-02 1.562639197210967043e-02 1.604166185150566679e-02 1.635578368897861595e-02 1.652940129576904033e-02 1.661166349245900287e-02 1.647639748292398926e-02 1.627575822446546833e-02 1.604942243241510094e-02 1.562544875980472620e-02 1.516378588784417399e-02 1.464844200618769035e-02 1.393159156937373230e-02 1.333890294410636224e-02 1.257949382353880721e-02 1.186030338091141785e-02 1.105340933195346834e-02 1.024779918597752866e-02 9.337984482242375067e-03 8.400149113521909738e-03 7.553719217892947146e-03 6.625454519253671549e-03 5.713555234125138917e-03 4.937178199039212595e-03 4.117683862647746225e-03 3.214065554563002181e-03 2.407664324674705855e-03 1.677820950274328850e-03 9.428958570764739379e-04
2.425324621779596963e-03 4.113066513899996633e-03 5.634346140810607244e-03 7.053101508130776159e-03 8.411259549845544886e-03 9.681934167177943043e-03 1.092062706877041690e-02 1.207414996323020670e-02 1.315541283125517581e-02 1.411709642091437539e-02 1.500838236647253354e-02 1.646271859681183378e-02 1.654264930612792811e-02 1.698477194337978322e-02 1.734585290475419012e-02 1.757744931963515708e-02 1.769334593023123847e-02 1.757064059638330927e-02 1.738507522305142786e-02 1.717184593119962244e-02 1.674090504325764436e-02 1.626770945413772915e-02 1.573276828591033821e-02 1.498355058700728652e-02 1.436324413862089151e-02 1.356050869047778148e-02 1.280085625887724884e-02 1.194366150346279007e-02 1.109263431333583350e-02 1.011688466268514594e-02 9.138719982391251689e-03 8.230264779489536442e-03 7.238150075678852560e-03 6.262312320640900029e-03 5.426019011564670036e-03 4.550688852809731469e-03 3.577597114120272329e-03 2.712767358119416543e-03 1.930113550099297505e-03 1.135079016669069329e-03
2.312960510550682216e-03 4.057966306312209628e-03 5.635871968786973149e-03 7.118874237726676747e-03 8.541182087849902294e-03 9.874552379778763975e-03 1.118570345658097438e-02 1.241096508129563986e-02 1.357379559213624590e-02 1.461248673724205999e-02 1.562639197210967043e-02 1.654264930612792811e-02 1.804526154029112428e-02 1.769695687988431451e-02 1.814691729211198937e-02 1.847345366062139865e-02 1.864000736064817115e-02 1.854622650182612825e-02 1.839558777438781920e-02 1.821337909772944783e-02 1.779291933827593583e-02 1.732543711598071370e-02 1.678644761322541437e-02 1.601968230505398938e-02 1.538350158433428837e-02 1.454624068218999568e-02 1.375264744263694772e-02 1.284783677069896261e-02 1.195154600656496077e-02 1.090993918064109280e-02 9.868219608658388570e-03 8.896295279936423245e-03 7.830574268958567091e-03 6.779866720212814578e-03 5.870571398034108053e-03 4.927415706119759979e-03 3.872101061262653993e-03 2.939148658086655850e-03 2.090847167994831866e-03 1.217822806317502915e-03
2.198114786417495938e-03 3.984842152189397961e-03 5.611429775510084345e-03 7.135203779231901779e-03 8.607735142669379821e-03 9.989732361228124968e-03 1.135755267554850942e-02 1.263851005866591451e-02 1.386191408981207740e-02 1.495735899519377160e-02 1.604166185150566679e-02 1.698477194337978322e-02 1.769695687988431451e-02 1.906650194048554320e-02 1.889257070319442025e-02 1.934244987989912345e-02 1.955453415765666739e-02 1.949435145168479031e-02 1.939418602998486257e-02 1.925811068056075201e-02 1.886329872363357030e-02 1.841870401188328357e-02 1.789057753356277161e-02 1.712881817455446862e-02 1.649525328408509364e-02 1.564254921724006139e-02 1.483526029924228662e-02 1.390419292659197774e-02 1.298544223174434749e-02 1.190042407280682280e-02 1.081673015741387023e-02 9.804912904055511705e-03 8.687317775267445683e-03 7.583300896422842489e-03 6.619050719898955139e-03 5.631538577039050392e-03 4.513789164575471129e-03 3.558374656317349859e-03 2.690184083182118723e-03 1.792457050699891889e-03
2.123613940663787204e-03 3.936864882873878160e-03 5.592724436870980670e-03 7.149101800919752982e-03 8.657136444257775704e-03 1.007371725129239254e-02 1.148290620145859219e-02 1.280492464529552066e-02 1.407308895797781262e-02 1.521385559953972177e-02 1.635578368897861595e-02 1.734585290475419012e-02 1.814691729211198937e-02 1.889257070319442025e-02 2.027380186507565796e-02 2.017267536479739470e-02 2.036028659550601777e-02 2.031892325102357261e-02 2.027652271462152336e-02 2.019177302230078588e-02 1.982690631928104782e-02 1.940927201789138801e-02 1.887246482781270579e-02 1.816581186714298288e-02 1.753313407497709975e-02 1.666718717134537536e-02 1.585137250254818955e-02 1.489638156917745364e-02 1.395770163307609446e-02 1.283206948788302541e-02 1.171093981282376496e-02 1.066417169036575074e-02 9.501397708621536417e-03 8.356477120986381679e-03 7.351911809714971324e-03 6.324435577958181960e-03 5.154678406581648768e-03 4.042710204497067424e-03 3.048127773537839987e-03 2.081016195535074012e-03
2.000375503542140259e-03 3.825993693239968657e-03 5.498473027544167717e-03 7.074808840745750067e-03 8.606990442387501758e-03 1.004811574121085987e-02 1.148855490447972180e-02 1.284364711351786842e-02 1.414845368720014582e-02 1.533149860784611615e-02 1.652940129576904033e-02 1.757744931963515708e-02 1.847345366062139865e-02 1.934244987989912345e-02 2.017267536479739470e-02 2.147798999481409857e-02 2.075008087666736431e-02 2.079599072531950268e-02 2.087259404190153905e-02 2.087528204172672125e-02 2.056789006285816498e-02 2.021069677859729449e-02 1.977739762724481723e-02 1.898180210888969488e-02 1.838776205427121099e-02 1.752483250195338224e-02 1.671454714994034460e-02 1.574307988343348619e-02 1.478886602085704820e-02 1.361267351179847908e-02 1.246737185746705882e-02 1.138188081108215677e-02 1.017390019425010173e-02 8.971766011103676081e-03 7.924732483819070181e-03 6.839023964885102003e-03 5.622111624686288757e-03 4.506385528891908472e-03 3.496241884458846632e-03 2.484975221258487171e-03
1.923385990914444144e-03 3.748734561701458877e-03 5.425714572608522114e-03 7.009768116515583194e-03 8.553823508670527903e-03 1.000766496537951016e-02 1.146574923877697466e-02 1.284164058498954604e-02 1.416770237318567063e-02 1.537796773553620766e-02 1.661166349245900287e-02 1.769334593023123847e-02 1.864000736064817115e-02 1.955453415765666739e-02 2.036028659550601777e-02 2.075008087666736431e-02 2.250598580568233947e-02 2.128184476377711562e-02 2.152319265682825847e-02 2.161597861945886018e-02 2.136348109845288834e-02 2.106714276366225894e-02 2.066924527874269141e-02 1.992440442877929999e-02 1.935664249152780139e-02 1.847469983223712364e-02 1.772560825207381702e-02 1.674437012322413376e-02 1.579193438617416956e-02 1.462895521923607799e-02 1.341644292932749234e-02 1.230965035964275665e-02 1.105254510926266358e-02 9.794523596158389439e-03 8.675009393700749971e-03 7.527590038864473074e-03 6.235127636614856347e-03 5.061527184142921090e-03 3.995891554485082528e-03 2.918138838815555886e-03
1.847973522358116330e-03 3.650956695933954468e-03 5.310558738639911333e-03 6.880318099780667086e-03 8.414054114895439321e-03 9.858876313207315042e-03 1.131025067237860504e-02 1.268901047504113720e-02 1.401261669283841195e-02 1.522898572827313321e-02 1.647639748292398926e-02 1.757064059638330927e-02 1.854622650182612825e-02 1.949435145168479031e-02 2.031892325102357261e-02 2.079599072531950268e-02 2.128184476377711562e-02 2.215888081240705368e-02 2.207282553762098670e-02 2.219125952115703557e-02 2.196405046374927394e-02 2.173089724622651042e-02 2.138382929796765752e-02 2.067946649953028918e-02 2.015582500857802245e-02 1.933062681680125863e-02 1.853172411671159120e-02 1.755484358882766077e-02 1.660373614827631572e-02 1.540386457131547211e-02 1.416719894830041973e-02 1.302762359038949457e-02 1.172925082996920457e-02 1.042967377044044276e-02 9.265183767127481082e-03 8.079101445576905224e-03 6.736030267913871265e-03 5.522101274857398739e-03 4.421548979372678413e-03 3.311144440733365408e-03
1.720418549332603745e-03 3.496310437837815352e-03 5.134601756257026542e-03 6.686210347212538825e-03 8.205857225188583487e-03 9.636218572995142867e-03 1.104094820457290904e-02 1.248540411173590554e-02 1.379502624141588397e-02 1.501532760753356011e-02 1.627575822446546833e-02 1.738507522305142786e-02 1.839558777438781920e-02 1.939418602998486257e-02 2.027652271462152336e-02 2.087259404190153905e-02 2.152319265682825847e-02 2.207282553762098670e-02 2.293082668869115062e-02 2.256360467807036821e-02 2.238554753581628587e-02 2.226446634275897063e-02 2.200286118097828647e-02 2.136216958257140461e-02 2.090431344400753982e-02 2.011623957928999201e-02 1.936259549459875759e-02 1.840152130284646720e-02 1.745631236126534910e-02 1.625844167773160889e-02 1.500976220483971925e-02 1.385708331478848442e-02 1.253389451114289392e-02 1.120330949149861595e-02 1.000181438766466376e-02 8.781636600339183529e-03 7.392025352798122298e-03 6.137228732763710601e-03 4.997442960964563509e-03 3.864023311218618868e-03
1.638954918808201589e-03 3.380591378567723675e-03 4.991038159458819137e-03 6.517391654415838342e-03 8.027240649888007715e-03 9.446994184259713614e-03 1.090076719194700040e-02 1.223140364546793091e-02 1.354841705203854545e-02 1.477633835200801125e-02 1.604942243241510094e-02 1.717184593119962244e-02 1.821337909772944783e-02 1.925811068056075201e-02 2.019177302230078588e-02 2.087528204172672125e-02 2.161597861945886018e-02 2.219125952115703557e-02 2.256360467807036821e-02 2.361201277962113668e-02 2.268471422323243419e-02 2.276129827574416981e-02 2.261619658305524458e-02 2.205927704731706906e-02 2.168981688271909292e-02 2.096014239501135454e-02 2.026471161427626996e-02 1.933253606937184593e-02 1.842762879818636221e-02 1.722555754394013150e-02 1.597064071800322407e-02 1.481177514510081603e-02 1.346930498002912868e-02 1.211112065234575680e-02 1.087567306288875733e-02 9.624492257839595277e-03 8.193359320077066299e-03 6.903417807076443237e-03 5.733588385231368038e-03 4.550913514001660859e-03
1.537089096101073443e-03 3.223441256229958325e-03 4.786735432895788088e-03 6.273691404499866404e-03 7.731663361040074303e-03 9.122832958666608760e-03 1.054217667805052404e-02 1.185706138147654860e-02 1.314617713353078039e-02 1.435982687671961966e-02 1.562544875980472620e-02 1.674090504325764436e-02 1.779291933827593583e-02 1.886329872363357030e-02 1.982690631928104782e-02 2.056789006285816498e-02 2.136348109845288834e-02 2.196405046374927394e-02 2.238554753581628587e-02 2.268471422323243419e-02 2.354987400413886128e-02 2.319891323298279087e-02 2.311333646689123569e-02 2.262031346401688348e-02 2.234541688249015723e-02 2.168310835957574720e-02 2.105681639076143960e-02 2.016463051882951690e-02 1.930643814370824884e-02 1.811597076530715306e-02 1.686378603870463538e-02 1.571421611044601652e-02 1.436312462412917858e-02 1.298728223648785811e-02 1.172718142626025077e-02 1.045519291399745962e-02 8.993381261145049974e-03 7.678689206130222961e-03 6.490758571820309103e-03 5.278545782532709577e-03
1.425329157352724519e-03 3.056210146144119986e-03 4.570842830004755337e-03 6.011467070519512478e-03 7.429086981266467930e-03 8.787298133656976790e-03 1.017126253002157039e-02 1.145786455284025437e-02 1.271536029457193476e-02 1.391034557651926046e-02 1.516378588784417399e-02 1.626770945413772915e-02 1.732543711598071370e-02 1.841870401188328357e-02 1.940927201789138801e-02 2.021069677859729449e-02 2.106714276366225894e-02 2.173089724622651042e-02 2.226446634275897063e-02 2.276129827574416981e-02 2.319891323298279087e-02 2.391834173400421426e-02 2.342381299807860459e-02 2.303506519062424249e-02 2.290846881491173312e-02 2.235319792496383642e-02 2.182901906065587427e-02 2.100258452855427796e-02 2.021620868950286393e-02 1.905938305487865636e-02 1.783835642546876057e-02 1.668823221423689288e-02 1.534515270859337747e-02 1.396308986182289054e-02 1.268798641426249069e-02 1.140242704679626622e-02 9.916405511766533329e-03 8.582037588339591280e-03 7.378431487701943466e-03 6.154861616178904093e-03
1.357566061054768817e-03 2.918282106237111897e-03 4.371239012284126695e-03 5.755641630688169801e-03 7.119868061721149576e-03 8.437134284442260324e-03 9.777934896944678531e-03 1.102699599217583926e-02 1.224540746277514441e-02 1.341444607268941179e-02 1.464844200618769035e-02 1.573276828591033821e-02 1.678644761322541437e-02 1.789057753356277161e-02 1.887246482781270579e-02 1.977739762724481723e-02 2.066924527874269141e-02 2.138382929796765752e-02 2.200286118097828647e-02 2.261619658305524458e-02 2.311333646689123569e-02 2.342381299807860459e-02 2.477303152409553871e-02 2.329390032423610257e-02 2.338545461036836692e-02 2.296519799808328585e-02 2.256738631154768873e-02 2.182293364512834927e-02 2.112834651217155441e-02 2.001584014229289624e-02 1.882502549262332625e-02 1.771184007243128272e-02 1.637966664621911747e-02 1.499721383800179178e-02 1.371322725552311453e-02 1.241773272306995884e-02 1.091466769343825763e-02 9.568057850532257075e-03 8.355713231066276211e-03 7.132624462442622125e-03
1.214760386042063609e-03 2.695435265124589315e-03 4.076195740114067594e-03 5.392522425988192925e-03 6.691089575006559619e-03 7.955486627612199518e-03 9.239830072810864200e-03 1.043731281630623682e-02 1.160197513000046400e-02 1.273059344640049655e-02 1.393159156937373230e-02 1.498355058700728652e-02 1.601968230505398938e-02 1.712881817455446862e-02 1.816581186714298288e-02 1.898180210888969488e-02 1.992440442877929999e-02 2.067946649953028918e-02 2.136216958257140461e-02 2.205927704731706906e-02 2.262031346401688348e-02 2.303506519062424249e-02 2.329390032423610257e-02 2.407605618987067667e-02 2.368815009017899084e-02 2.337026562015722189e-02 2.310842269522285150e-02 2.245709202575336266e-02 2.188284196333481479e-02 2.083257250899197763e-02 1.969750744101720144e-02 1.863904783830826195e-02 1.734186084141918494e-02 1.598185373554190936e-02 1.471145002158511482e-02 1.343143141163234168e-02 1.193383763229689115e-02 1.059755389266075348e-02 9.403166613800955503e-03 8.156117468636656445e-03
1.151714119528727490e-03 2.554473089632199479e-03 3.865890229239805822e-03 5.117603716379208641e-03 6.354648063886384965e-03 7.571451597138046351e-03 8.804079174229994392e-03 9.955119863990169460e-03 1.107213612699208330e-02 1.216555880552537723e-02 1.333890294410636224e-02 1.436324413862089151e-02 1.538350158433428837e-02 1.649525328408509364e-02 1.753313407497709975e-02 1.838776205427121099e-02 1.935664249152780139e-02 2.015582500857802245e-02 2.090431344400753982e-02 2.168981688271909292e-02 2.234541688249015723e-02 2.290846881491173312e-02 2.338545461036836692e-02 2.368815009017899084e-02 2.496502866099031478e-02 2.384470712165558115e-02 2.378698824165913217e-02 2.325884562205149039e-02 2.285228299252268017e-02 2.189046534945911227e-02 2.083578680307278733e-02 1.985174011958894258e-02 1.860326037498090043e-02 1.727752924310639246e-02 1.603109094254051570e-02 1.477254977401563397e-02 1.328784074472245426e-02 1.196892085369133558e-02 1.079449873590913704e-02 9.566372179919223687e-03
1.057654607086663161e-03 2.370888969090624403e-03 3.600236628878513215e-03 4.774800122175539702e-03 5.937755275408328377e-03 7.093250012904435062e-03 8.260604269122015855e-03 9.351604175860429857e-03 1.040611893523976823e-02 1.144879460842342274e-02 1.257949382353880721e-02 1.356050869047778148e-02 1.454624068218999568e-02 1.564254921724006139e-02 1.666718717134537536e-02 1.752483250195338224e-02 1.847469983223712364e-02 1.933062681680125863e-02 2.011623957928999201e-02 2.096014239501135454e-02 2.168310835957574720e-02 2.235319792496383642e-02 2.296519799808328585e-02 2.337026562015722189e-02 2.384470712165558115e-02 2.447206950120463589e-02 2.412207402364138775e-02 2.368803115953098393e-02 2.350425858492108042e-02 2.264501064234860847e-02 2.169371673733368894e-02 2.081289663832259704e-02 1.963638294497571310e-02 1.836676092987516232e-02 1.716612536735481406e-02 1.594951156107667425e-02 1.449564661839346583e-02 1.320836002122051031e-02 1.206547972665898000e-02 1.086636843770113180e-02
9.951671134424688869e-04 2.216950276864270309e-03 3.366527995459625555e-03 4.464427420253967889e-03 5.554609555418742531e-03 6.648751300430609697e-03 7.751390179609433592e-03 8.783601977260963381e-03 9.777148467609266674e-03 1.077011305996026548e-02 1.186030338091141785e-02 1.280085625887724884e-02 1.375264744263694772e-02 1.483526029924228662e-02 1.585137250254818955e-02 1.671454714994034460e-02 1.772560825207381702e-02 1.853172411671159120e-02 1.936259549459875759e-02 2.026471161427626996e-02 2.105681639076143960e-02 2.182901906065587427e-02 2.256738631154768873e-02 2.310842269522285150e-02 2.378698824165913217e-02 2.412207402364138775e-02 2.545601357182274843e-02 2.399634129634713869e-02 2.421972123835039459e-02 2.348680525657461868e-02 2.267792608435583238e-02 2.193798635556541352e-02 2.085748561627733672e-02 1.966568211225664178e-02 1.852889132866859107e-02 1.737239986364285879e-02 1.596572248689330509e-02 1.472652821562193959e-02 1.362880777706955426e-02 1.247536744157649174e-02
9.114723578101019451e-04 2.039324974320296663e-03 3.101877477598474070e-03 4.118835815602362067e-03 5.131430594917970114e-03 6.157165540132999992e-03 7.187843389910905829e-03 8.154407123167279128e-03 9.078880639039135086e-03 1.001315205877521645e-02 1.105340933195346834e-02 1.194366150346279007e-02 1.284783677069896261e-02 1.390419292659197774e-02 1.489638156917745364e-02 1.574307988343348619e-02 1.674437012322413376e-02 1.755484358882766077e-02 1.840152130284646720e-02 1.933253606937184593e-02 2.016463051882951690e-02 2.100258452855427796e-02 2.182293364512834927e-02 2.245709202575336266e-02 2.325884562205149039e-02 2.368803115953098393e-02 2.399634129634713869e-02 2.611734900825640054e-02 2.508925338657528106e-02 2.426785464160182912e-02 2.358824000942364232e-02 2.300871578885547303e-02 2.203832080244015265e-02 2.094405832922386843e-02 1.989757999499251404e-02 1.882542963350891316e-02 1.749217956472497171e-02 1.632875628827136494e-02 1.530454178762813595e-02 1.423126056878082010e-02
7.895115341691625807e-04 1.826776332557532518e-03 2.807166842629424831e-03 3.746171809836424879e-03 4.685431707419632739e-03 5.647338132139410535e-03 6.607966283498839695e-03 7.513555901805378523e-03 8.373163955843539175e-03 9.253535172273636561e-03 1.024779918597752866e-02 1.109263431333583350e-02 1.195154600656496077e-02 1.298544223174434749e-02 1.395770163307609446e-02 1.478886602085704820e-02 1.579193438617416956e-02 1.660373614827631572e-02 1.745631236126534910e-02 1.842762879818636221e-02 1.930643814370824884e-02 2.021620868950286393e-02 2.112834651217155441e-02 2.188284196333481479e-02 2.285228299252268017e-02 2.350425858492108042e-02 2.421972123835039459e-02 2.508925338657528106e-02 2.793833599687324531e-02 2.431117966726698693e-02 2.404950300618208942e-02 2.378910355305002486e-02 2.300344505559549085e-02 2.206487283104811500e-02 2.115480194849260129e-02 2.020240044729120638e-02 1.896692632195980110e-02 1.789293629210542830e-02 1.693880055867116180e-02 1.591539491997478323e-02
7.702803780612685206e-04 1.692066544349054213e-03 2.566565272708257704e-03 3.405332143562924633e-03 4.250187509855373955e-03 5.121757859989088842e-03 5.994697060224151407e-03 6.823044015102639089e-03 7.595797502943854584e-03 8.403716379260997918e-03 9.337984482242375067e-03 1.011688466268514594e-02 1.090993918064109280e-02 1.190042407280682280e-02 1.283206948788302541e-02 1.361267351179847908e-02 1.462895521923607799e-02 1.540386457131547211e-02 1.625844167773160889e-02 1.722555754394013150e-02 1.811597076530715306e-02 1.905938305487865636e-02 2.001584014229289624e-02 2.083257250899197763e-02 2.189046534945911227e-02 2.264501064234860847e-02 2.348680525657461868e-02 2.426785464160182912e-02 2.431117966726698693e-02 2.737842045941531188e-02 2.461624779948944422e-02 2.466526774861001539e-02 2.402671451726412152e-02 2.324424812426078776e-02 2.250460838359599758e-02 2.171417556401889978e-02 2.063332090605836389e-02 1.972271767948097915e-02 1.894718110274489983e-02 1.818033736853464852e-02
6.788629533676953558e-04 1.500983549711075275e-03 2.283394825300425011e-03 3.034103986036031271e-03 3.795462939674545521e-03 4.590864518150748058e-03 5.380339441067122537e-03 6.118289597053198393e-03 6.828226183051054957e-03 7.584749420748403137e-03 8.400149113521909738e-03 9.138719982391251689e-03 9.868219608658388570e-03 1.081673015741387023e-02 1.171093981282376496e-02 1.246737185746705882e-02 1.341644292932749234e-02 1.416719894830041973e-02 1.500976220483971925e-02 1.597064071800322407e-02 1.686378603870463538e-02 1.783835642546876057e-02 1.882502549262332625e-02 1.969750744101720144e-02 2.083578680307278733e-02 2.169371673733368894e-02 2.267792608435583238e-02 2.358824000942364232e-02 2.404950300618208942e-02 2.461624779948944422e-02 2.649668995643515365e-02 2.543410991495363010e-02 2.483174309124863352e-02 2.421365408074879072e-02 2.369060401673071109e-02 2.308821998410242812e-02 2.218856262777895924e-02 2.145804347666105741e-02 2.086315811322759714e-02 2.027534125956766131e-02
5.854004731068033259e-04 1.312168595728373157e-03 2.006367598402778937e-03 2.672717089202990715e-03 3.353831593813093575e-03 4.078781289865547437e-03 4.780732950230627901e-03 5.459546639783457132e-03 6.090293156924166465e-03 6.785918585490361213e-03 7.553719217892947146e-03 8.230264779489536442e-03 8.896295279936423245e-03 9.804912904055511705e-03 1.066417169036575074e-02 1.138188081108215677e-02 1.230965035964275665e-02 1.302762359038949457e-02 1.385708331478848442e-02 1.481177514510081603e-02 1.571421611044601652e-02 1.668823221423689288e-02 1.771184007243128272e-02 1.863904783830826195e-02 1.985174011958894258e-02 2.081289663832259704e-02 2.193798635556541352e-02 2.300871578885547303e-02 2.378910355305002486e-02 2.466526774861001539e-02 2.543410991495363010e-02 2.723496033918710105e-02 2.513872098169631780e-02 2.487989922869543458e-02 2.471961082307394530e-02 2.438947883275034006e-02 2.374228563330642999e-02 2.324616232962884582e-02 2.287984078621728076e-02 2.253281381997602681e-02
5.082852726760193809e-04 1.128664958509997211e-03 1.724393069662931302e-03 2.298004793817213978e-03 2.893116343069219130e-03 3.571688781981416198e-03 4.153344196905093579e-03 4.755898834353492269e-03 5.304212722208293158e-03 5.934668690028088202e-03 6.625454519253671549e-03 7.238150075678852560e-03 7.830574268958567091e-03 8.687317775267445683e-03 9.501397708621536417e-03 1.017390019425010173e-02 1.105254510926266358e-02 1.172925082996920457e-02 1.253389451114289392e-02 1.346930498002912868e-02 1.436312462412917858e-02 1.534515270859337747e-02 1.637966664621911747e-02 1.734186084141918494e-02 1.860326037498090043e-02 1.963638294497571310e-02 2.085748561627733672e-02 2.203832080244015265e-02 2.300344505559549085e-02 2.402671451726412152e-02 2.483174309124863352e-02 2.513872098169631780e-02 2.931325455312396369e-02 2.550534427673505425e-02 2.580343348158513350e-02 2.577332339085352392e-02 2.542035952885458167e-02 2.520874749862812153e-02 2.515214917369980319e-02 2.520905003734806582e-02
4.482086390300123527e-04 9.669571594444881625e-04 1.466874893860914712e-03 1.946915227096966032e-03 2.461008868037745621e-03 2.905294395381335850e-03 3.548398738042018476e-03 4.072762119067651308e-03 4.537924477609983284e-03 5.102174168806679691e-03 5.713555234125138917e-03 6.262312320640900029e-03 6.779866720212814578e-03 7.583300896422842489e-03 8.356477120986381679e-03 8.971766011103676081e-03 9.794523596158389439e-03 1.042967377044044276e-02 1.120330949149861595e-02 1.211112065234575680e-02 1.298728223648785811e-02 1.396308986182289054e-02 1.499721383800179178e-02 1.598185373554190936e-02 1.727752924310639246e-02 1.836676092987516232e-02 1.966568211225664178e-02 2.094405832922386843e-02 2.206487283104811500e-02 2.324424812426078776e-02 2.421365408074879072e-02 2.487989922869543458e-02 2.550534427673505425e-02 2.924735026172612176e-02 2.704124094271644421e-02 2.724128199878930387e-02 2.717950004257250335e-02 2.729158847282770611e-02 2.758935844246732452e-02 2.805029973343681551e-02
4.365201031203997805e-04 8.650358853053976768e-04 1.281276471160733288e-03 1.685213991106996245e-03 2.111962573824781308e-03 2.539108042564456290e-03 3.045478196968470948e-03 3.502747293679480105e-03 3.893975028213393468e-03 4.399432729746119430e-03 4.937178199039212595e-03 5.426019011564670036e-03 5.870571398034108053e-03 6.619050719898955139e-03 7.351911809714971324e-03 7.924732483819070181e-03 8.675009393700749971e-03 9.265183767127481082e-03 1.000181438766466376e-02 1.087567306288875733e-02 1.172718142626025077e-02 1.268798641426249069e-02 1.371322725552311453e-02 1.471145002158511482e-02 1.603109094254051570e-02 1.716612536735481406e-02 1.852889132866859107e-02 1.989757999499251404e-02 2.115480194849260129e-02 2.250460838359599758e-02 2.369060401673071109e-02 2.471961082307394530e-02 2.580343348158513350e-02 2.704124094271644421e-02 2.941778526739076763e-02 2.826642368344486900e-02 2.865848329654355556e-02 2.917988445033636857e-02 2.992150883047017124e-02 3.091106035385040793e-02
3.453437019429795619e-04 6.881707995128709399e-04 1.023375847671952141e-03 1.350861328410010199e-03 1.702793119998601522e-03 2.071158775939477194e-03 2.488907334670380223e-03 2.879648973429414175e-03 3.199461959824817080e-03 3.649002809576099449e-03 4.117683862647746225e-03 4.550688852809731469e-03 4.927415706119759979e-03 5.631538577039050392e-03 6.324435577958181960e-03 6.839023964885102003e-03 7.527590038864473074e-03 8.079101445576905224e-03 8.781636600339183529e-03 9.624492257839595277e-03 1.045519291399745962e-02 1.140242704679626622e-02 1.241773272306995884e-02 1.343143141163234168e-02 1.477254977401563397e-02 1.594951156107667425e-02 1.737239986364285879e-02 1.882542963350891316e-02 2.020240044729120638e-02 2.171417556401889978e-02 2.308821998410242812e-02 2.438947883275034006e-02 2.577332339085352392e-02 2.724128199878930387e-02 2.826642368344486900e-02 3.273710963211054481e-02 3.024065826163055762e-02 3.146008917795541093e-02 3.267497138780291188e-02 3.442713590839266424e-02
3.180344936006979377e-04 5.579757164640244439e-04 7.952062685227775972e-04 1.021735899104129651e-03 1.292134708959908262e-03 1.578198179963607659e-03 1.900312021133413951e-03 2.210781170838433882e-03 2.445591059215912119e-03 2.827134908458741203e-03 3.214065554563002181e-03 3.577597114120272329e-03 3.872101061262653993e-03 4.513789164575471129e-03 5.154678406581648768e-03 5.622111624686288757e-03 6.235127636614856347e-03 6.736030267913871265e-03 7.392025352798122298e-03 8.193359320077066299e-03 8.993381261145049974e-03 9.916405511766533329e-03 1.091466769343825763e-02 1.193383763229689115e-02 1.328784074472245426e-02 1.449564661839346583e-02 1.596572248689330509e-02 1.749217956472497171e-02 1.896692632195980110e-02 2.063332090605836389e-02 2.218856262777895924e-02 2.374228563330642999e-02 2.542035952885458167e-02 2.717950004257250335e-02 2.865848329654355556e-02 3.024065826163055762e-02 3.519170965998608125e-02 3.344177655551321127e-02 3.556990468329691846e-02 3.815313843095365781e-02
2.467299830902713550e-04 4.014438565185177578e-04 5.571571211922839292e-04 7.149657241773742320e-04 9.023591371786014162e-04 1.118382226865743435e-03 1.359858564282332045e-03 1.602721514303190190e-03 1.764110775073263540e-03 2.091101066581290552e-03 2.407664324674705855e-03 2.712767358119416543e-03 2.939148658086655850e-03 3.558374656317349859e-03 4.042710204497067424e-03 4.506385528891908472e-03 5.061527184142921090e-03 5.522101274857398739e-03 6.137228732763710601e-03 6.903417807076443237e-03 7.678689206130222961e-03 8.582037588339591280e-03 9.568057850532257075e-03 1.059755389266075348e-02 1.196892085369133558e-02 1.320836002122051031e-02 1.472652821562193959e-02 1.632875628827136494e-02 1.789293629210542830e-02 1.972271767948097915e-02 2.145804347666105741e-02 2.324616232962884582e-02 2.520874749862812153e-02 2.729158847282770611e-02 2.917988445033636857e-02 3.146008917795541093e-02 3.344177655551321127e-02 3.879022137902439493e-02 3.902203359243737457e-02 4.282574178172462304e-02
1.747008553569533076e-04 2.499002523920145716e-04 3.300703043462726465e-04 4.194153111311429527e-04 5.375456178764311758e-04 6.912894543272593952e-04 8.603096171065067023e-04 1.043848293032793775e-03 1.140028428626300430e-03 1.424449776555788581e-03 1.677820950274328850e-03 1.930113550099297505e-03 2.090847167994831866e-03 2.690184083182118723e-03 3.048127773537839987e-03 3.496241884458846632e-03 3.995891554485082528e-03 4.421548979372678413e-03 4.997442960964563509e-03 5.733588385231368038e-03 6.490758571820309103e-03 7.378431487701943466e-03 8.355713231066276211e-03 9.403166613800955503e-03 1.079449873590913704e-02 1.206547972665898000e-02 1.362880777706955426e-02 1.530454178762813595e-02 1.693880055867116180e-02 1.894718110274489983e-02 2.086315811322759714e-02 2.287984078621728076e-02 2.515214917369980319e-02 2.758935844246732452e-02 2.992150883047017124e-02 3.267497138780291188e-02 3.556990468329691846e-02 3.902203359243737457e-02 4.776531109547019205e-02 4.892345709714646107e-02
1.695345806754852279e-04 1.587891430156363620e-04 1.559065839154904847e-04 1.697496220204199708e-04 2.085115686444878982e-04 2.900090218277213061e-04 3.768577384792163904e-04 4.946278417697397203e-04 5.163138533986116668e-04 7.587249528014034308e-04 9.428958570764739379e-04 1.135079016669069329e-03 1.217822806317502915e-03 1.792457050699891889e-03 2.081016195535074012e-03 2.484975221258487171e-03 2.918138838815555886e-03 3.311144440733365408e-03 3.864023311218618868e-03 4.550913514001660859e-03 5.278545782532709577e-03 6.154861616178904093e-03 7.132624462442622125e-03 8.156117468636656445e-03 9.566372179919223687e-03 1.086636843770113180e-02 1.247536744157649174e-02 1.423126056878082010e-02 1.591539491997478323e-02 1.818033736853464852e-02 2.027534125956766131e-02 2.253281381997602681e-02 2.520905003734806582e-02 2.805029973343681551e-02 3.091106035385040793e-02 3.442713590839266424e-02 3.815313843095365781e-02 4.282574178172462304e-02 4.892345709714646107e-02 6.292493798437459596e-02
