3.403676720487858187e-03 2.496207733272231850e-03 2.394016872283701979e-03 2.290326475201654149e-03 2.185256817184107279e-03 2.079026549922148928e-03 1.971926570515939326e-03 1.864302910332208026e-03 1.756545618953040278e-03 1.649080174147215562e-03 1.542359341059729161e-03 1.436854564682072148e-03 1.333046546209662626e-03 1.231414914001197763e-03 1.132427104355301179e-03 1.036526770545318160e-03 9.441221963576725646e-04 8.555752810463357469e-04 7.711917222636597517e-04 6.912130946314535901e-04 6.158115794684451954e-04 5.450880415094858404e-04 4.790738652087387457e-04 4.177364518782080696e-04 3.609876759018795550e-04 3.086941335065509573e-04 2.606879048463278626e-04 2.167768528117763969e-04 1.767540518051239609e-04 1.404065684609614193e-04 1.075247412026104058e-04 7.791771010669976637e-05 3.403676929944257894e-03 2.469720237633210753e-03 2.380440622995529890e-03 2.270296133936919921e-03 2.152786615430114271e-03 2.038547388109954693e-03 1.940576461924366659e-03 1.834547884532522705e-03 1.729013481529688683e-03 1.629842289718199354e-03 1.532825718490594524e-03 1.440217670762615953e-03 1.361344871624807279e-03 1.268277844726311198e-03 1.198523495892327801e-03 1.114768667774122162e-03 1.046498974852020378e-03 9.625125625673275776e-04 9.360198526769155768e-04 8.594223387513202743e-04 7.711277911769136208e-04 6.775650138397029112e-04 6.285174756095005541e-04 5.611011065724104494e-04 5.029668356351940520e-04 4.259848407822406161e-04 3.726836647230247343e-04 3.094317937466511286e-04 2.791140497965312762e-04 2.105784342640577400e-04 1.475969918525685297e-04 9.902669704883756518e-05 6.347436233714839936e-04 8.929646812433391896e-04 9.112100727737607302e-04 9.474574731508294623e-04 9.858819778578234438e-04 9.617972858226537603e-04 9.281000070837952011e-04 8.724673661745048145e-04 7.711307624355308050e-04 6.718831322891431453e-04 5.905330141183602003e-04 5.134798576752353655e-04 4.108822460818934157e-04 2.715371890845033978e-04 1.479744986762724930e-04 9.119445049414458016e-06 -1.042811162876971772e-04 -2.313723207569047405e-04 -4.044189830209585007e-04 -5.677398360423879277e-04 -7.293485412267936311e-04 -8.851378678530923746e-04 -1.030927149777331438e-03 -1.164236213583812879e-03 -1.280079844223295160e-03 -1.377503747248783874e-03 -1.454011401505880038e-03 -1.532398903365916930e-03 -1.546305051296173027e-03 -1.534266041015565135e-03 -1.503008603505240045e-03 -1.472629112297680959e-03
2.496207733272231850e-03 1.369159757819910124e-02 1.439609452954170032e-02 1.497922147163730996e-02 1.543997226266530069e-02 1.577866474360761773e-02 1.599684892553487545e-02 1.609728404704754631e-02 1.608392233272590982e-02 1.596185661415528562e-02 1.573722151040262210e-02 1.541705761133265948e-02 1.500915328679315250e-02 1.452187615697950705e-02 1.396400194031833901e-02 1.334454523124358957e-02 1.267259526025954659e-02 1.195715934473746273e-02 1.120701693033479378e-02 1.043058742190478179e-02 9.635815126446583070e-03 8.830074349738030459e-03 8.020096856693094065e-03 7.211922554489488997e-03 6.410872620845055672e-03 5.621542746486040722e-03 4.847813076724535875e-03 4.092871057804611454e-03 3.359243669947131663e-03 2.648836257021889348e-03 1.962976796355514041e-03 1.302474003506205605e-03 2.496216332199195122e-03 1.398912576836949459e-02 1.470905706046497785e-02 1.527249175145481246e-02 1.569575060268382782e-02 1.600622084539398554e-02 1.620723752851320823e-02 1.629394776683176435e-02 1.627165745386534995e-02 1.617775773441986267e-02 1.599632313033319542e-02 1.575826572652259602e-02 1.544946045153799095e-02 1.506463047194460045e-02 1.466176250717093899e-02 1.419765850670570706e-02 1.368787459282182206e-02 1.313375629260274229e-02 1.255778612154904300e-02 1.187773632951151341e-02 1.122528721780467059e-02 1.046982671933141713e-02 9.678686269518373478e-03 8.872942558419114750e-03 7.980090094853498767e-03 7.018067299160508227e-03 6.062165414415477196e-03 5.048242175038256119e-03 4.004832427254678522e-03 2.818424941329495618e-03 1.619963924378119277e-03 4.327162262596841473e-04 3.987914355485714497e-04 2.500546751278399059e-03 3.936091264654780798e-03 5.615913891929042931e-03 7.504307146074659304e-03 9.522941139080653289e-03 1.150189251448091241e-02 1.345924409830637040e-02 1.537084203288967797e-02 1.713202614718232000e-02 1.868511901824809057e-02 2.001255248106340728e-02 2.105314836283087021e-02 2.174822422145400100e-02 2.223341581776581283e-02 2.227197729412233596e-02 2.186934387603687788e-02 2.121301723509368131e-02 2.012832444374482860e-02 1.869730028827778362e-02 1.695231407987524488e-02 1.494086947309744909e-02 1.270152848896062038e-02 1.027548630002002306e-02 7.724604898394995048e-03 5.124625219077036734e-03 2.583039033504002172e-03 2.809811291020889018e-05 -2.280624824989261126e-03 -4.366148125252720773e-03 -6.138894918748168464e-03 -7.626137149613402243e-03
2.394016872283701979e-03 1.439609452954170032e-02 1.517409545051293801e-02 1.582458096588659421e-02 1.634573964234902269e-02 1.673719544730298964e-02 1.699994507339875824e-02 1.713635123702183030e-02 1.715013167397066648e-02 1.704630335737271352e-02 1.683107407738140479e-02 1.651169303403162217e-02 1.609627677617504402e-02 1.559362365231254169e-02 1.501302515076892788e-02 1.436407906854965562e-02 1.365650784403545093e-02 1.289998503600450069e-02 1.210397314386157594e-02 1.127757627836861037e-02 1.042941131351616223e-02 9.567500844168802185e-03 8.699190390667143474e-03 7.831090862320925355e-03 6.969045557091278591e-03 6.118119313270159801e-03 5.282606236612905938e-03 4.466051951216378629e-03 3.671286528725872279e-03 2.900464942474812770e-03 2.155113531041924144e-03 1.436190706141358010e-03 2.394025505394269983e-03 1.472310796235559716e-02 1.551836222947059266e-02 1.614905006079747629e-02 1.663096906956737508e-02 1.699134941012683808e-02 1.723299794164830437e-02 1.735230716707300905e-02 1.735417069823535011e-02 1.727685376337994433e-02 1.710493752864577360e-02 1.687084939713213647e-02 1.655853912438196018e-02 1.616531856490495758e-02 1.574922507877380556e-02 1.526742048070223352e-02 1.473437556531793230e-02 1.415458729733276404e-02 1.354495832069020460e-02 1.282604920775452621e-02 1.213650585568289489e-02 1.133477221702832577e-02 1.049067223279940946e-02 9.630421545185249496e-03 8.673079278973655146e-03 7.641271328068906937e-03 6.612059665473891262e-03 5.519488614844456076e-03 4.390237609457838322e-03 3.108063941088144364e-03 1.808662006249869272e-03 5.184428883372176229e-04 3.786071327202503601e-04 2.420041390312253383e-03 3.943014055300599063e-03 5.734343732958742564e-03 7.760735509733149295e-03 9.940020468612465604e-03 1.208892737086741075e-02 1.422700863345188575e-02 1.633264296810256477e-02 1.828457084441414277e-02 2.001708904712832734e-02 2.151261993130212241e-02 2.270645786624965468e-02 2.353573366662338462e-02 2.414455519021759325e-02 2.427255252936348640e-02 2.392362469657960747e-02 2.329958685146352529e-02 2.221626974291274897e-02 2.075378393619514011e-02 1.894750345533395205e-02 1.684688822252864218e-02 1.449194843634217002e-02 1.192662154481708391e-02 9.217854246120744596e-03 6.448373060019451514e-03 3.735077246213740210e-03 1.003030415607823571e-03 -1.473688177583631085e-03 -3.715871055830044078e-03 -5.623807106731115897e-03 -7.219452429439610942e-03
2.290326475201654149e-03 1.497922147163730996e-02 1.582458096588659421e-02 1.653794802886638868e-02 1.711664567618034066e-02 1.755951507887301005e-02 1.786689226894019183e-02 1.804062372710469458e-02 1.808406431669772052e-02 1.800202107321160691e-02 1.780063812273661658e-02 1.748723662550925179e-02 1.707012758993870297e-02 1.655841166964982722e-02 1.596177489076913703e-02 1.529028562787765680e-02 1.455419648735806551e-02 1.376375441318497886e-02 1.292902256264107791e-02 1.205971782137514603e-02 1.116506793881753487e-02 1.025369192992001480e-02 9.333506453098029676e-03 8.411659367810313606e-03 7.494489844414977189e-03 6.587512630353164859e-03 5.695422773899373736e-03 4.822116528094647428e-03 3.970724281518732066e-03 3.143652004087154044e-03 2.342629319724362155e-03 1.568772201509222031e-03 2.290334994693849630e-03 1.533264496877940856e-02 1.619739455571512360e-02 1.689136573498593169e-02 1.742960302461710881e-02 1.783887268942052282e-02 1.812133068355880131e-02 1.827446260030253858e-02 1.830270507342629874e-02 1.824469675642336960e-02 1.808580096625719141e-02 1.785961064857245761e-02 1.754837895523542537e-02 1.715183593600413947e-02 1.672779804911149470e-02 1.623379158526005311e-02 1.568349620578025211e-02 1.508418376393922886e-02 1.444742959842572685e-02 1.369659695549914000e-02 1.297632336644195111e-02 1.213529275117894955e-02 1.124562708984643347e-02 1.033792950691476281e-02 9.323545428323086123e-03 8.229463249184465826e-03 7.134216450339647166e-03 5.970323526706550372e-03 4.762524898220404056e-03 3.392577353412736928e-03 1.999664398422429552e-03 6.135577358018400648e-04 3.590593171819776827e-04 2.299744845872941403e-03 3.892313562993503489e-03 5.776124604653489272e-03 7.921150995772598125e-03 1.024155263010367335e-02 1.254303287488846806e-02 1.484655509215213054e-02 1.713343867980239923e-02 1.926671109865729647e-02 2.117299181572070838e-02 2.283463122627677963e-02 2.418349817854131834e-02 2.515283799156520922e-02 2.589465363911401183e-02 2.612557824579910676e-02 2.584857260932200279e-02 2.527667263591024116e-02 2.421771209081886173e-02 2.274897201562674567e-02 2.090832998315732619e-02 1.874650378074516066e-02 1.630439871439814600e-02 1.362828244818571101e-02 1.078978146546722555e-02 7.878171738678158356e-03 5.019138820241088837e-03 2.135060243979763732e-03 -4.870910329442663359e-04 -2.865789131458071522e-03 -4.891289956977156426e-03 -6.578929555798029849e-03
2.185256817184107279e-03 1.543997226266530069e-02 1.634573964234902269e-02 1.711664567618034066e-02 1.774913306175445252e-02 1.824121303922533396e-02 1.859248801056952519e-02 1.880419421692705942e-02 1.887921261388286059e-02 1.882201624275970167e-02 1.863855269769009240e-02 1.833607761945112505e-02 1.792295827196517186e-02 1.740846204310322193e-02 1.680253929411760355e-02 1.611560625893319540e-02 1.535833203115460031e-02 1.454143335860985480e-02 1.367548121479910013e-02 1.277072343665872252e-02 1.183692781191668895e-02 1.088324963137322042e-02 9.918126732302632795e-03 8.949203476964888784e-03 7.983283185320160999e-03 7.026306666398493203e-03 6.083353076783269524e-03 5.158658643906034388e-03 4.255648819704612243e-03 3.376980004899216795e-03 2.524588573638967843e-03 1.699754879712117323e-03 2.185265096937331897e-03 1.581627372815572891e-02 1.674383143406944080e-02 1.749629271409739936e-02 1.808772065036750101e-02 1.854415649460602541e-02 1.886695227379594358e-02 1.905455190625832476e-02 1.911088657133678398e-02 1.907449469695452968e-02 1.893175991651564402e-02 1.871709300333698409e-02 1.841130650014004624e-02 1.801633428507353266e-02 1.758954258920399777e-02 1.708878406921508775e-02 1.652728767225501716e-02 1.591465761047428443e-02 1.525745652736425727e-02 1.448187049669999622e-02 1.373747704268783038e-02 1.286447395481343271e-02 1.193700552003390362e-02 1.098932431698292425e-02 9.925856141963436061e-03 8.777549414158447930e-03 7.624114914063787746e-03 6.396840795182739091e-03 5.118445132396834928e-03 3.669510059385469591e-03 2.191345454072137020e-03 7.172940659697362321e-04 3.400996358277512464e-04 2.145840687051289979e-03 3.789891883790937228e-03 5.746352029316440478e-03 7.989301780193559799e-03 1.042957621787871103e-02 1.286419060738914003e-02 1.531555335788976208e-02 1.776831690964462626e-02 2.007091031841545456e-02 2.214276969603052453e-02 2.396616240131928255e-02 2.546970603880625156e-02 2.658308842885739876e-02 2.746556404925867834e-02 2.781161282287877845e-02 2.762388019265668224e-02 2.712341340159545727e-02 2.611158061888528906e-02 2.466197280823767546e-02 2.281441683166724951e-02 2.062015985090753789e-02 1.812042125209083546e-02 1.536333899995697728e-02 1.242474165029022401e-02 9.399940873776253467e-03 6.422712905835007390e-03 3.413238858826848476e-03 6.697136153643708451e-04 -1.823932890846333881e-03 -3.948054709439706086e-03 -5.710095768182862040e-03
2.079026549922148928e-03 1.577866474360761773e-02 1.673719544730298964e-02 1.755951507887301005e-02 1.824121303922533396e-02 1.877946417909370780e-02 1.917309989004422136e-02 1.942268090969714173e-02 1.953052486067918120e-02 1.950066169664534457e-02 1.933871872639346401e-02 1.905175274718778552e-02 1.864804915194182358e-02 1.813690332151657661e-02 1.752839409372511717e-02 1.683315538932008207e-02 1.606215046337477331e-02 1.522645297598933245e-02 1.433703934119663452e-02 1.340459712351604535e-02 1.243935432209845350e-02 1.145093398020025598e-02 1.044823751736664863e-02 9.439358526980129796e-03 8.431526766230375974e-03 7.431080086682325878e-03 6.443460521741970620e-03 5.473229934883722982e-03 4.524100548663335768e-03 3.598976164225715316e-03 2.700001414878651883e-03 1.828626350954321239e-03 2.079034483946596776e-03 1.617394752755163187e-02 1.715685118911182069e-02 1.796223058530490441e-02 1.860295092847810000e-02 1.910411768994580220e-02 1.946610815808936037e-02 1.968820778109001482e-02 1.977379118513071868e-02 1.976085371519048506e-02 1.963699673179635993e-02 1.943710500866015906e-02 1.914083161922285753e-02 1.875206200823074931e-02 1.832751933373613640e-02 1.782531348485038442e-02 1.725860154494721077e-02 1.663882117521126025e-02 1.596789672150050049e-02 1.517486016627367200e-02 1.441311140674218609e-02 1.351571597564681440e-02 1.255849495316883890e-02 1.157861861757172352e-02 1.047446381649224344e-02 9.280460882596456781e-03 8.077200304964759700e-03 6.795050452391038220e-03 5.454625343669791682e-03 3.936248223603244258e-03 2.381889532101623495e-03 8.286708539855047002e-04 3.216840233982761876e-04 1.964833116864731898e-03 3.642354929442700312e-03 5.651228814368184326e-03 7.970435555195937508e-03 1.050797613548476971e-02 1.305450007402505531e-02 1.563397234694761592e-02 1.823475294268610269e-02 2.069199539256977652e-02 2.291859404901468861e-02 2.489679346592853226e-02 2.655221651796981983e-02 2.781135509066321593e-02 2.884002732734785093e-02 2.931162441133560587e-02 2.922911267770685398e-02 2.881830719119324313e-02 2.787565264125983419e-02 2.647024949301679531e-02 2.464327881467197334e-02 2.244577098054008346e-02 1.991865827099664754e-02 1.711144226594778564e-02 1.410359834539171194e-02 1.099587506857405660e-02 7.929361833997504092e-03 4.822512371461607286e-03 1.983018453411813323e-03 -6.027063449678207469e-04 -2.805286764231745746e-03 -4.623061469685331784e-03
1.971926570515939326e-03 1.599684892553487545e-02 1.699994507339875824e-02 1.786689226894019183e-02 1.859248801056952519e-02 1.917309989004422136e-02 1.960678419419400326e-02 1.989338994423671750e-02 2.003460602070705754e-02 2.003392902197653758e-02 1.989655603649493135e-02 1.962922087222621417e-02 1.923999394182284578e-02 1.873806128356074116e-02 1.813349273601668615e-02 1.743700569434160699e-02 1.665972937299153855e-02 1.581297428988739234e-02 1.490801197001873253e-02 1.395587016535588740e-02 1.296714893495537653e-02 1.195186249645161305e-02 1.091931067480366065e-02 9.877982053776657168e-03 8.835488835516526474e-03 7.798531334177837351e-03 6.772888379935825334e-03 5.763428965741068839e-03 4.774140256840362848e-03 3.808167467815727451e-03 2.867862567137246556e-03 1.954848659785320478e-03 1.971934071517618924e-03 1.640696334667389455e-02 1.743709629716130860e-02 1.828912471567875966e-02 1.897452113580607239e-02 1.951729777642994754e-02 1.991668085169466876e-02 2.017269823309213866e-02 2.028811554675692339e-02 2.029997585078977679e-02 2.019725223929460731e-02 2.001496529378878758e-02 1.973191066172603689e-02 1.935364227339507470e-02 1.893607666172231543e-02 1.843749399560881339e-02 1.787138748050385792e-02 1.725048418954210419e-02 1.657250131349232922e-02 1.576933923786512023e-02 1.499705207435552724e-02 1.408299298125925865e-02 1.310426025657683048e-02 1.210020818560876218e-02 1.096411518361017218e-02 9.733342996605002378e-03 8.489053215554162937e-03 7.161027062365547119e-03 5.767694948582865327e-03 4.190117246833541600e-03 2.569363315745788745e-03 9.465372131096840957e-04 3.037678244660412083e-04 1.763188225263658589e-03 3.456627009749916029e-03 5.497698310878655799e-03 7.870992669572644124e-03 1.048226872175613694e-02 1.311807870200244926e-02 1.580411110325256885e-02 1.853278365241864400e-02 2.112747780013037383e-02 2.349532673494504967e-02 2.561869196044877159e-02 2.742054524949173386e-02 2.882458572185479448e-02 3.000248594250187056e-02 3.060783695176118313e-02 3.064456104202874925e-02 3.034005340914006088e-02 2.948736455466205789e-02 2.815038079737736815e-02 2.637101723520280869e-02 2.419933961214688206e-02 2.167538351622291110e-02 1.884946595850003903e-02 1.580407542940337473e-02 1.264470913706589386e-02 9.518905200233284195e-03 6.343831785220483549e-03 3.434906774752225639e-03 7.811020010604856735e-04 -1.478703706992962703e-03 -3.332617710199269143e-03
1.864302910332208026e-03 1.609728404704754631e-02 1.713635123702183030e-02 1.804062372710469458e-02 1.880419421692705942e-02 1.942268090969714173e-02 1.989338994423671750e-02 2.021544994391406141e-02 2.038988050360265522e-02 2.041957609210910338e-02 2.030921135379232245e-02 2.006508671585329959e-02 1.969493432910735670e-02 1.920769966228874984e-02 1.861330881827557432e-02 1.792242827515203724e-02 1.714622241682952491e-02 1.629611409663379515e-02 1.538355378720953487e-02 1.441980316263257768e-02 1.341573898998231137e-02 1.238168275555890860e-02 1.132726033329197954e-02 1.026129422910827989e-02 9.191728761008330709e-03 8.125586361724973505e-03 7.068951423560679986e-03 6.026977020127588167e-03 5.003909481332165059e-03 4.003126056321990554e-03 3.027182251375042966e-03 2.077875192245013606e-03 1.864309908358202433e-03 1.651794723840375664e-02 1.758668446027755392e-02 1.847850432746072150e-02 1.920332176138682748e-02 1.978395241021859569e-02 2.021830150012864785e-02 2.050705769152068661e-02 2.065232599246976178e-02 2.068982428763937315e-02 2.061000670988931763e-02 2.044769911107869459e-02 2.018115645161173630e-02 1.981729513891037492e-02 1.941108253498309219e-02 1.892087774919909773e-02 1.836093674046895829e-02 1.774469906849642301e-02 1.706615858995256391e-02 1.626010209264723561e-02 1.548403763698264456e-02 1.456107440939171174e-02 1.356915329146616070e-02 1.254906848991794478e-02 1.139003218332594256e-02 1.013171906675974440e-02 8.855536168450814719e-03 7.491038535822373660e-03 6.054395401529451791e-03 4.428465002179579786e-03 2.751776274660530045e-03 1.069608098710533991e-03 2.863032138817221336e-04 1.547108330868574239e-03 3.239687940258044810e-03 5.293169410064435879e-03 7.698348021939208086e-03 1.035938857319947809e-02 1.306091869396293348e-02 1.583054777436187013e-02 1.866506730587066606e-02 2.137773663848301781e-02 2.387082944260804362e-02 2.612704127443157484e-02 2.806712282690705315e-02 2.961243218673367122e-02 3.093978674553072433e-02 3.168449049985808119e-02 3.185203853958674947e-02 3.166836548917836142e-02 3.092461964210859240e-02 2.967884311886425514e-02 2.797305808460718440e-02 2.585563496320967408e-02 2.336510996431296130e-02 2.055203534337023130e-02 1.750120388262184010e-02 1.432208308503584750e-02 1.116770652223707423e-02 7.954366651089209497e-03 5.003400160435132055e-03 2.306407398239202801e-03 1.147962197975944420e-05 -1.858249628115450245e-03
1.756545618953040278e-03 1.608392233272590982e-02 1.715013167397066648e-02 1.808406431669772052e-02 1.887921261388286059e-02 1.953052486067918120e-02 2.003460602070705754e-02 2.038988050360265522e-02 2.059668250001151640e-02 2.065725848101170048e-02 2.057568893908701818e-02 2.035774801557075492e-02 2.001072038631923969e-02 1.954319023328055654e-02 1.896481221747948684e-02 1.828607131545588807e-02 1.751803725663277425e-02 1.667211929081115554e-02 1.575982736611711982e-02 1.479254609739066341e-02 1.378132793722273985e-02 1.273671150984418202e-02 1.166856993840110698e-02 1.058599218814588842e-02 9.497198216830470344e-03 8.409486469180669013e-03 7.329210370885380632e-03 6.261779244038734836e-03 5.211678544069999960e-03 4.182504427904529601e-03 3.177008886941455439e-03 2.197161248695836486e-03 1.756552060081562104e-03 1.651083632492232611e-02 1.760920583981036985e-02 1.853349774922426543e-02 1.929194058012480631e-02 1.990610264206302618e-02 2.037241571527510786e-02 2.069216505478128562e-02 2.086674751809682385e-02 2.093022214035011180e-02 2.087458914858788747e-02 2.073415941843070529e-02 2.048697079673019589e-02 2.014098160768288542e-02 1.975007984220694679e-02 1.927262007268026878e-02 1.872405509567722989e-02 1.811793967684782042e-02 1.744507557064193734e-02 1.664314554359375489e-02 1.586989957323193048e-02 1.494569964757052824e-02 1.394888046054605472e-02 1.292091390589301426e-02 1.174806007368086637e-02 1.047162528694465383e-02 9.172915969049030491e-03 7.781654912683735707e-03 6.311673956278535808e-03 4.648732629723248411e-03 2.927132779750903427e-03 1.196496126774650040e-03 2.692391572034198255e-04 1.322396479627376432e-03 2.998392057351487606e-03 5.045299796691422520e-03 7.460576900716491856e-03 1.014746009576475948e-02 1.289068946447521208e-02 1.571999817251109460e-02 1.863682118555064215e-02 2.144605368539069176e-02 2.404610749555802923e-02 2.642029640284901046e-02 2.848766008304839600e-02 3.016771963627367173e-02 3.164174453457230252e-02 3.252848485766434566e-02 3.283558865811939814e-02 3.278472238682023782e-02 3.216656300493191123e-02 3.103278795559679878e-02 2.942491246745747302e-02 2.738891872665853711e-02 2.496126576604321481e-02 2.219214220024801759e-02 1.916786900158854931e-02 1.600101897626724987e-02 1.284908080749219694e-02 9.627846571896955807e-03 6.662738646736944895e-03 3.948051444485291619e-03 1.640719498279850008e-03 -2.240193844080216065e-04
1.649080174147215562e-03 1.596185661415528562e-02 1.704630335737271352e-02 1.800202107321160691e-02 1.882201624275970167e-02 1.950066169664534457e-02 2.003392902197653758e-02 2.041957609210910338e-02 2.065725848101170048e-02 2.074855186249615832e-02 2.069689294402590404e-02 2.050745678408676456e-02 2.018698878685390441e-02 1.974360540196086825e-02 1.918657307847021140e-02 1.852607234324726154e-02 1.777295299873713277e-02 1.693848656075960454e-02 1.603412246629226309e-02 1.507125490760538936e-02 1.406100720613710255e-02 1.301404021466649741e-02 1.194039012257301115e-02 1.084933922351432288e-02 9.749320940378908978e-03 8.647858084826619274e-03 7.551531341543299067e-03 6.465973580545349500e-03 5.395884899196289573e-03 4.345063234215311779e-03 3.316446453380075907e-03 2.312171151550818354e-03 1.649086019192749948e-03 1.639081666197575449e-02 1.750966652833539292e-02 1.845878620321498784e-02 1.924462939549942408e-02 1.988751466051814562e-02 2.038227467254190989e-02 2.073074432702957590e-02 2.093357285681720498e-02 2.102286915672297793e-02 2.099220267479211949e-02 2.087506282897380952e-02 2.064959183675000101e-02 2.032446330703650134e-02 1.995236002163305183e-02 1.949156606436641681e-02 1.895916137098454732e-02 1.836821045062481464e-02 1.770689504236905298e-02 1.691579154368997792e-02 1.615168901141500121e-02 1.523370571780236285e-02 1.424012850266531682e-02 1.321232046639183970e-02 1.203478437447687635e-02 1.074971909452033560e-02 9.437964695136254190e-03 8.029840485748365037e-03 6.536765386278699935e-03 4.848518096681396841e-03 3.093481729052051290e-03 1.325746151287352913e-03 2.525239058312638333e-04 1.094370454293626914e-03 2.739330105725502462e-03 4.761805673990161455e-03 7.166222789318129824e-03 9.855541523265664086e-03 1.261648134056022122e-02 1.548108497050884255e-02 1.845564096251859146e-02 2.133850509719185246e-02 2.402529139503427683e-02 2.650026713930984934e-02 2.868133948945556649e-02 3.048674800840726895e-02 3.210155019009793692e-02 3.312988516224554120e-02 3.358207897929782471e-02 3.367303073763073390e-02 3.319429448211586725e-02 3.219078630008618408e-02 3.070293333866710300e-02 2.877369549543516355e-02 2.643692114039846580e-02 2.374183393263598271e-02 2.077545177869212847e-02 1.765250905112704730e-02 1.453382791089822060e-02 1.133504077111284307e-02 8.383808692044743965e-03 5.677179427032354002e-03 3.380470871524793308e-03 1.541713066073184145e-03
1.542359341059729161e-03 1.573722151040262210e-02 1.683107407738140479e-02 1.780063812273661658e-02 1.863855269769009240e-02 1.933871872639346401e-02 1.989655603649493135e-02 2.030921135379232245e-02 2.057568893908701818e-02 2.069689294402590404e-02 2.067558902544821761e-02 2.051630186543178941e-02 2.022516548544966639e-02 1.980973932608169272e-02 1.927879907219678599e-02 1.864210893220599741e-02 1.791018147212842734e-02 1.709403137765713038e-02 1.620493000081428200e-02 1.525416792301827196e-02 1.425283287642056113e-02 1.321161000000696355e-02 1.214061034319700340e-02 1.104923174081426027e-02 9.946053917517036144e-03 8.838767325201753525e-03 7.734133138889699027e-03 6.637970296506926632e-03 5.555164572925129669e-03 4.489694424735873879e-03 3.444669231422110237e-03 2.422384556948859943e-03 1.542364564275638646e-03 1.616420938806622382e-02 1.729437220614692128e-02 1.826049124333938359e-02 1.906719966500671978e-02 1.973360565327502911e-02 2.025285095425211415e-02 2.062728954258700315e-02 2.085679566136952254e-02 2.097128237552954577e-02 2.096587359662058572e-02 2.087294891485733453e-02 2.067106509820362120e-02 2.036928652252703933e-02 2.001896316507668222e-02 1.957826608388115244e-02 1.906631835033686592e-02 1.849509182060823237e-02 1.785075333419549812e-02 1.707675599689106177e-02 1.632775454172074800e-02 1.542311178682591669e-02 1.444065211219621413e-02 1.342081549143027061e-02 1.224761983671127097e-02 1.096336409602652502e-02 9.648042314754837548e-03 8.233032063094955846e-03 6.727264212121835014e-03 5.025635972369543042e-03 3.248967095744460278e-03 1.455876099603985695e-03 2.361097640969159195e-04 8.678042331538686222e-04 2.468715012321789221e-03 4.450285945656395209e-03 6.824063925398651809e-03 9.493346825044993859e-03 1.224850299356454626e-02 1.512403476786398568e-02 1.813122166682502520e-02 2.106373019374077962e-02 2.381547505122174821e-02 2.637204376614410428e-02 2.865084179131981504e-02 3.056942784072286950e-02 3.231601783073376893e-02 3.348227672781722147e-02 3.408166154217454752e-02 3.432017315751054176e-02 3.399149128959819133e-02 3.313350952099783364e-02 3.178503739753794216e-02 2.998545748371749323e-02 2.776553767650832144e-02 2.517295101149707309e-02 2.229454191728218182e-02 1.924619615825196375e-02 1.619087639568353096e-02 1.304436397242507949e-02 1.013471055481759281e-02 7.461767405096593649e-03 5.198672628969594825e-03 3.406733612700102356e-03
1.436854564682072148e-03 1.541705761133265948e-02 1.651169303403162217e-02 1.748723662550925179e-02 1.833607761945112505e-02 1.905175274718778552e-02 1.962922087222621417e-02 2.006508671585329959e-02 2.035774801557075492e-02 2.050745678408676456e-02 2.051630186543178941e-02 2.038812796869822475e-02 2.012840644509253027e-02 1.974406953610687715e-02 1.924331633141660239e-02 1.863539681452775973e-02 1.793038003200381550e-02 1.713891284320591055e-02 1.627197627543353065e-02 1.534064695349258468e-02 1.435587126363514592e-02 1.332825963936339585e-02 1.226790738015813391e-02 1.118424669163208679e-02 1.008593240805635144e-02 8.980761501053678014e-03 7.875624332167692129e-03 6.776483919877738897e-03 5.688378393925540635e-03 4.615441344382012132e-03 3.560935457225761474e-03 2.527303451431232081e-03 1.436859152455848693e-03 1.583831724986881073e-02 1.697076586977962556e-02 1.794601078301103284e-02 1.876686237735713039e-02 1.945129128392741186e-02 1.999069480852069813e-02 2.038792999334959610e-02 2.064208430989301554e-02 2.078067775573493037e-02 2.080034146738002007e-02 2.073207998280583719e-02 2.055515480975993528e-02 2.027870620706248225e-02 1.995261878196925853e-02 1.953493282117844260e-02 1.904720714491583630e-02 1.849973151389319379e-02 1.787728704746077354e-02 1.712617057967072767e-02 1.639777685345846295e-02 1.551316523117664097e-02 1.454932736665412972e-02 1.354493736476908294e-02 1.238487405619709270e-02 1.111069375314171874e-02 9.801162522988004014e-03 8.389204390315761414e-03 6.881187797319591841e-03 5.178174307534653791e-03 3.391879852701847487e-03 1.585424135703387971e-03 2.199595131359278859e-04 6.468891037206067488e-04 2.192287648141860289e-03 4.118063172358799040e-03 6.442888333685687502e-03 9.070962492512371286e-03 1.179775564403774853e-02 1.466033030600303287e-02 1.767500997760197701e-02 2.063260766793412193e-02 2.342643961462490682e-02 2.604379037009246431e-02 2.840222716549204232e-02 3.041926259477686911e-02 3.228567562493758758e-02 3.358296627915343530e-02 3.432808920904180383e-02 3.471642590026408071e-02 3.454491819423771010e-02 3.384432019227486682e-02 3.265136240119661387e-02 3.100139180556479163e-02 2.892170744345095787e-02 2.645788029412743728e-02 2.369569096050732834e-02 2.075111645308395925e-02 1.778800958032612789e-02 1.472258197904079136e-02 1.188144011467522944e-02 9.267275763037598549e-03 7.060369119635863215e-03 5.335562388970959032e-03
1.333046546209662626e-03 1.500915328679315250e-02 1.609627677617504402e-02 1.707012758993870297e-02 1.792295827196517186e-02 1.864804915194182358e-02 1.923999394182284578e-02 1.969493432910735670e-02 2.001072038631923969e-02 2.018698878685390441e-02 2.022516548544966639e-02 2.012840644509253027e-02 1.990148994555453882e-02 1.955067084767808314e-02 1.908350418382220859e-02 1.850864397232292180e-02 1.783562305721849567e-02 1.707462033383808780e-02 1.623622237553015019e-02 1.533118700352328542e-02 1.437021663621389396e-02 1.336374910425092155e-02 1.232177276505399405e-02 1.125367113663528797e-02 1.016810012693764032e-02 9.072898617726907200e-03 7.975030979183264992e-03 6.880558271169263419e-03 5.794633583561202388e-03 4.721516276057806209e-03 3.664600335204697395e-03 2.626460259575141062e-03 1.333050495756141771e-03 1.542124822825051769e-02 1.654723802841919986e-02 1.752382304717360270e-02 1.835203171059691246e-02 1.904879394497135600e-02 1.960374940298710913e-02 2.002025378670486619e-02 2.029661399740984723e-02 2.045781022169534946e-02 2.050190735314678589e-02 2.045829814047799358e-02 2.030721160118208191e-02 2.005756519733574786e-02 1.975764091003407927e-02 1.936535213196093064e-02 1.890505558828064342e-02 1.838479071510797785e-02 1.778859629207325821e-02 1.706556368170247112e-02 1.636276509249617872e-02 1.550435294703340905e-02 1.456617383642315466e-02 1.358426752995100552e-02 1.244578704942511833e-02 1.119065471212436075e-02 9.896041934119449712e-03 8.496922257465497341e-03 6.997029128244288548e-03 5.304547627782394380e-03 3.520709763976297927e-03 1.713000036450470793e-03 2.040534595653413681e-04 4.352132331202236411e-04 1.915244818598941861e-03 3.772048437517082093e-03 6.031290324555062428e-03 8.598578218003211787e-03 1.127570842421538565e-02 1.410234637835372160e-02 1.709981918110045282e-02 2.005787177788205880e-02 2.287029482390155743e-02 2.552643498951520651e-02 2.794469557602681856e-02 3.004319644926018579e-02 3.201471291795265905e-02 3.343303569802735797e-02 3.431888692569776828e-02 3.485573850681612795e-02 3.484481190987982063e-02 3.430975407855887949e-02 3.328483629937138005e-02 3.180102276713323017e-02 2.988185143093919499e-02 2.757029186009480118e-02 2.495017221380273903e-02 2.213647076346692694e-02 1.929264029245223236e-02 1.633558369820752379e-02 1.358865218444108361e-02 1.105739674942826829e-02 8.928436133059122412e-03 7.290155787420307329e-03
1.231414914001197763e-03 1.452187615697950705e-02 1.559362365231254169e-02 1.655841166964982722e-02 1.740846204310322193e-02 1.813690332151657661e-02 1.873806128356074116e-02 1.920769966228874984e-02 1.954319023328055654e-02 1.974360540196086825e-02 1.980973932608169272e-02 1.974406953610687715e-02 1.955067084767808314e-02 1.923509055168343140e-02 1.880419130977456499e-02 1.826596705696693565e-02 1.762933732751140875e-02 1.690392609639102331e-02 1.609983196287686352e-02 1.522739711604195051e-02 1.429698293252346097e-02 1.331876005022811053e-02 1.230252006330861785e-02 1.125751452015653908e-02 1.019232489545078904e-02 9.114764979313809759e-03 8.031814946596618765e-03 6.949584438870321131e-03 5.873300486772621044e-03 4.807315172716225375e-03 3.755128146041094520e-03 2.719426815823960085e-03 1.231418232065883836e-03 1.492172969425593042e-02 1.603292414576402980e-02 1.700327404119258978e-02 1.783210826685480838e-02 1.853542720388436094e-02 1.910113978904251497e-02 1.953310366737118914e-02 1.982887041699457273e-02 2.001078501731056933e-02 2.007825295022279410e-02 2.005885206480171809e-02 1.993400858978922746e-02 1.971214020192022659e-02 1.943978795647053823e-02 1.907475695324129319e-02 1.864452871453717991e-02 1.815435188040530681e-02 1.758817005411786316e-02 1.689780483466220284e-02 1.622501828114572900e-02 1.539838015972722247e-02 1.449234694626927097e-02 1.353943558116537174e-02 1.243054700492118338e-02 1.120302969434255717e-02 9.932131833058799320e-03 8.555378006583307451e-03 7.073797462418538948e-03 5.403544001165098976e-03 3.634194561327403275e-03 1.837337617680837986e-03 1.883957361367771604e-04 2.357601494716848997e-04 1.642192180207427974e-03 3.418636101766547516e-03 5.597498674705158293e-03 8.086246454535551617e-03 1.069399461823417573e-02 1.346299333303237200e-02 1.641943401936826752e-02 1.935369781996362087e-02 2.216106769610594329e-02 2.483328525309298762e-02 2.729025229078394649e-02 2.945134972052012787e-02 3.151080132463298517e-02 3.303726091133143972e-02 3.405538439586178884e-02 3.473587638250092563e-02 3.488513487406499219e-02 3.451988261096572419e-02 3.367164191141878982e-02 3.236676780098969586e-02 3.062485169818733241e-02 2.848583050350140047e-02 2.603071627863203646e-02 2.337239181755493625e-02 2.067260036444568475e-02 1.784918469477732306e-02 1.522046966506645019e-02 1.279485991854394274e-02 1.076437516093326462e-02 9.230685952814345410e-03
1.132427104355301179e-03 1.396400194031833901e-02 1.501302515076892788e-02 1.596177489076913703e-02 1.680253929411760355e-02 1.752839409372511717e-02 1.813349273601668615e-02 1.861330881827557432e-02 1.896481221747948684e-02 1.918657307847021140e-02 1.927879907219678599e-02 1.924331633141660239e-02 1.908350418382220859e-02 1.880419130977456499e-02 1.841151878780001444e-02 1.791277465862005022e-02 1.731620492109859841e-02 1.663080663729204003e-02 1.586610962135526909e-02 1.503195388080114971e-02 1.413827050518171556e-02 1.319487384201804142e-02 1.221127227629722686e-02 1.119650365231860366e-02 1.015899954750780487e-02 9.106480522057003660e-03 8.045882337811496518e-03 6.983311130851415499e-03 5.924023829723694748e-03 4.872428946581052085e-03 3.832102822698533421e-03 2.805823599040057834e-03 1.132429805943954921e-03 1.434892158343331961e-02 1.543749885015987394e-02 1.639435878356330575e-02 1.721725245339232255e-02 1.792136684753988657e-02 1.849294547204633973e-02 1.893635432080069750e-02 1.924843363771783222e-02 1.944884856930777228e-02 1.953823857387548824e-02 1.954220150700674424e-02 1.944355382194662418e-02 1.924996255181725402e-02 1.900609458959842332e-02 1.866967105960052470e-02 1.827158727472457181e-02 1.781379328452965469e-02 1.728077791077731878e-02 1.662701583431560812e-02 1.598805418690003172e-02 1.519811820120767210e-02 1.433010149448739334e-02 1.341209777540028521e-02 1.234028198227384542e-02 1.114843953357324245e-02 9.909631425664736440e-03 8.564413018148652607e-03 7.111045139006030510e-03 5.474363731821888131e-03 3.731363709339538624e-03 1.957344716631095362e-03 1.730183982960260326e-04 5.092597772780838131e-05 1.377122911247461107e-03 3.063631058115388623e-03 5.149241854077083076e-03 7.543679798667795276e-03 1.006414176889950524e-02 1.275538524486356101e-02 1.564822625225480157e-02 1.853528061135653604e-02 2.131426400302888907e-02 2.397959532990323259e-02 2.645330346435705027e-02 2.865666483108626414e-02 3.078480988924708547e-02 3.240391245815524984e-02 3.354262185442059147e-02 3.435843323002875371e-02 3.466370003061343408e-02 3.446855176973073059e-02 3.380156722500161220e-02 3.268439153371552330e-02 3.113259680596879714e-02 2.918273745067194100e-02 2.691219456501604129e-02 2.443067709849684049e-02 2.189691246395736313e-02 1.922992796091943513e-02 1.674130265907557841e-02 1.444225842579446514e-02 1.252913819961787648e-02 1.111635960435449627e-02
1.036526770545318160e-03 1.334454523124358957e-02 1.436407906854965562e-02 1.529028562787765680e-02 1.611560625893319540e-02 1.683315538932008207e-02 1.743700569434160699e-02 1.792242827515203724e-02 1.828607131545588807e-02 1.852607234324726154e-02 1.864210893220599741e-02 1.863539681452775973e-02 1.850864397232292180e-02 1.826596705696693565e-02 1.791277465862005022e-02 1.745562135379806132e-02 1.690203686390532103e-02 1.626033547648233005e-02 1.553941172011782598e-02 1.474852904188416955e-02 1.389710886583979746e-02 1.299452770052543678e-02 1.204992962177777426e-02 1.107206039178030427e-02 1.006912787112412139e-02 9.048691489820733652e-03 8.017581513427745818e-03 6.981846792937406593e-03 5.946727830955240122e-03 4.916650603086514595e-03 3.895236264592845301e-03 2.885328501449741477e-03 1.036528877697835953e-03 1.371223348181319079e-02 1.477097264295498119e-02 1.570750272583489385e-02 1.651815491567040772e-02 1.721741554731156740e-02 1.778996339844485589e-02 1.824067752175080603e-02 1.856574804899101261e-02 1.878216435977261844e-02 1.889168537130764963e-02 1.891780502514599574e-02 1.884488470411822131e-02 1.867961963652197202e-02 1.846468142143577879e-02 1.815772825204650318e-02 1.779331945192618239e-02 1.736963489171319819e-02 1.687233202635040480e-02 1.625845165209543683e-02 1.565650803291731077e-02 1.490752284194317781e-02 1.408272738096580032e-02 1.320488948218035904e-02 1.217702756694760864e-02 1.102832417710257647e-02 9.829481809026617556e-03 8.524522090375812391e-03 7.108879391153189939e-03 5.516647278760631289e-03 3.811574052551102657e-03 2.072147356455506916e-03 1.579821603797135308e-04 -1.174461531068361422e-04 1.123420610065873878e-03 2.712207635557236079e-03 4.693651047585711486e-03 6.980089524084590914e-03 9.397342366036433303e-03 1.199254335607573795e-02 1.480079551434989281e-02 1.761842410784302329e-02 2.034642336057243886e-02 2.298210666698186425e-02 2.545020477849858215e-02 2.767448524752281688e-02 2.985043519040653584e-02 3.154445613728675685e-02 3.278914354563624428e-02 3.372872388297602775e-02 3.418217238994996493e-02 3.415349779628858162e-02 3.366823607817449188e-02 3.274334715954937275e-02 3.139042463485618162e-02 2.964238209815314370e-02 2.757222689482363709e-02 2.528546018373558149e-02 2.293651420645031330e-02 2.044584921411471065e-02 1.811664264249840395e-02 1.596285954768956322e-02 1.418394527901571667e-02 1.290623758557886587e-02
