3.403676720487858187e-03 2.496207733272231850e-03 2.394016872283701979e-03 2.290326475201654149e-03 2.185256817184107279e-03 2.079026549922148928e-03 1.971926570515939326e-03 1.864302910332208026e-03 1.756545618953040278e-03 1.649080174147215562e-03 1.542359341059729161e-03 1.436854564682072148e-03 1.333046546209662626e-03 1.231414914001197763e-03 1.132427104355301179e-03 1.036526770545318160e-03 9.441221963576725646e-04 8.555752810463357469e-04 7.711917222636597517e-04 6.912130946314535901e-04 6.158115794684451954e-04 5.450880415094858404e-04 4.790738652087387457e-04 4.177364518782080696e-04 3.609876759018795550e-04 3.086941335065509573e-04 2.606879048463278626e-04 2.167768528117763969e-04 1.767540518051239609e-04 1.404065684609614193e-04 1.075247412026104058e-04 7.791771010669976637e-05 3.403676929944257894e-03 2.469720237633210753e-03 2.380440622995529890e-03 2.270296133936919921e-03 2.152786615430114271e-03 2.038547388109954693e-03 1.940576461924366659e-03 1.834547884532522705e-03 1.729013481529688683e-03 1.629842289718199354e-03 1.532825718490594524e-03 1.440217670762615953e-03 1.361344871624807279e-03 1.268277844726311198e-03 1.198523495892327801e-03 1.114768667774122162e-03 1.046498974852020378e-03 9.625125625673275776e-04 9.360198526769155768e-04 8.594223387513202743e-04 7.711277911769136208e-04 6.775650138397029112e-04 6.285174756095005541e-04 5.611011065724104494e-04 5.029668356351940520e-04 4.259848407822406161e-04 3.726836647230247343e-04 3.094317937466511286e-04 2.791140497965312762e-04 2.105784342640577400e-04 1.475969918525685297e-04 9.902669704883756518e-05 2.838584778772303974e+00 7.567590037064144196e-03 5.515269162565554495e-03 3.808171082230842313e-03 2.379157244860835834e-03 1.182849018712479189e-03 1.875218079454906036e-04 -6.300967533319660552e-04 -1.288065274565119902e-03 -1.801525070335976628e-03 -2.184356080796842018e-03 -2.450025131365954779e-03 -2.612086444440481822e-03 -2.684352151719321660e-03 -2.680674110152586349e-03 -2.614631069502032674e-03 -2.499292259409868332e-03 -2.346930650363913008e-03 -2.168629600050550523e-03 -1.974114651361060478e-03 -1.771593562972411219e-03 -1.567662593433836841e-03 -1.367319491923783912e-03 -1.173917591584636112e-03 -9.870034134785779512e-04 -8.196617471920823609e-04 -8.257132863232587768e-04 -5.939486179536306075e-04 -3.758101110658657279e-04 -2.297150003276482737e-04 -1.154163291368166859e-04 0.000000000000000000e+00
2.496207733272231850e-03 1.369159757819910124e-02 1.439609452954170032e-02 1.497922147163730996e-02 1.543997226266530069e-02 1.577866474360761773e-02 1.599684892553487545e-02 1.609728404704754631e-02 1.608392233272590982e-02 1.596185661415528562e-02 1.573722151040262210e-02 1.541705761133265948e-02 1.500915328679315250e-02 1.452187615697950705e-02 1.396400194031833901e-02 1.334454523124358957e-02 1.267259526025954659e-02 1.195715934473746273e-02 1.120701693033479378e-02 1.043058742190478179e-02 9.635815126446583070e-03 8.830074349738030459e-03 8.020096856693094065e-03 7.211922554489488997e-03 6.410872620845055672e-03 5.621542746486040722e-03 4.847813076724535875e-03 4.092871057804611454e-03 3.359243669947131663e-03 2.648836257021889348e-03 1.962976796355514041e-03 1.302474003506205605e-03 2.496216332199195122e-03 1.398912576836949459e-02 1.470905706046497785e-02 1.527249175145481246e-02 1.569575060268382782e-02 1.600622084539398554e-02 1.620723752851320823e-02 1.629394776683176435e-02 1.627165745386534995e-02 1.617775773441986267e-02 1.599632313033319542e-02 1.575826572652259602e-02 1.544946045153799095e-02 1.506463047194460045e-02 1.466176250717093899e-02 1.419765850670570706e-02 1.368787459282182206e-02 1.313375629260274229e-02 1.255778612154904300e-02 1.187773632951151341e-02 1.122528721780467059e-02 1.046982671933141713e-02 9.678686269518373478e-03 8.872942558419114750e-03 7.980090094853498767e-03 7.018067299160508227e-03 6.062165414415477196e-03 5.048242175038256119e-03 4.004832427254678522e-03 2.818424941329495618e-03 1.619963924378119277e-03 4.327162262596841473e-04 1.670717544658362783e+02 3.130600789807577722e-01 2.731910899862401987e-01 2.392818180309689569e-01 2.098077490554417779e-01 1.837880774682348339e-01 1.605788026250137002e-01 1.397478588916864495e-01 1.209973818807131424e-01 1.041144232846791806e-01 8.893917007021963361e-02 7.534436101340778735e-02 6.322214109625275136e-02 5.247558461495999138e-02 4.301381119122097557e-02 3.474893430260803107e-02 2.759452801004409414e-02 2.146484335692053907e-02 1.627475971273987382e-02 1.193998358695869295e-02 8.377580961033562548e-03 5.506566036198976173e-03 3.249070464568727407e-03 1.532188763116650249e-03 2.974026501830070936e-04 -5.650788277483085893e-04 -1.704093324559439928e-03 -1.589937058960504048e-03 -1.241054647787773624e-03 -9.296188712653724595e-04 -5.395020283095013081e-04 0.000000000000000000e+00
2.394016872283701979e-03 1.439609452954170032e-02 1.517409545051293801e-02 1.582458096588659421e-02 1.634573964234902269e-02 1.673719544730298964e-02 1.699994507339875824e-02 1.713635123702183030e-02 1.715013167397066648e-02 1.704630335737271352e-02 1.683107407738140479e-02 1.651169303403162217e-02 1.609627677617504402e-02 1.559362365231254169e-02 1.501302515076892788e-02 1.436407906854965562e-02 1.365650784403545093e-02 1.289998503600450069e-02 1.210397314386157594e-02 1.127757627836861037e-02 1.042941131351616223e-02 9.567500844168802185e-03 8.699190390667143474e-03 7.831090862320925355e-03 6.969045557091278591e-03 6.118119313270159801e-03 5.282606236612905938e-03 4.466051951216378629e-03 3.671286528725872279e-03 2.900464942474812770e-03 2.155113531041924144e-03 1.436190706141358010e-03 2.394025505394269983e-03 1.472310796235559716e-02 1.551836222947059266e-02 1.614905006079747629e-02 1.663096906956737508e-02 1.699134941012683808e-02 1.723299794164830437e-02 1.735230716707300905e-02 1.735417069823535011e-02 1.727685376337994433e-02 1.710493752864577360e-02 1.687084939713213647e-02 1.655853912438196018e-02 1.616531856490495758e-02 1.574922507877380556e-02 1.526742048070223352e-02 1.473437556531793230e-02 1.415458729733276404e-02 1.354495832069020460e-02 1.282604920775452621e-02 1.213650585568289489e-02 1.133477221702832577e-02 1.049067223279940946e-02 9.630421545185249496e-03 8.673079278973655146e-03 7.641271328068906937e-03 6.612059665473891262e-03 5.519488614844456076e-03 4.390237609457838322e-03 3.108063941088144364e-03 1.808662006249869272e-03 5.184428883372176229e-04 1.809289698156337920e+02 3.417793721631095516e-01 2.987327801221413837e-01 2.621161497096838322e-01 2.302706408099208235e-01 2.021310800057902757e-01 1.769999470397215224e-01 1.544110383502583228e-01 1.340445987642481518e-01 1.156734833507950116e-01 9.912845800229616589e-02 8.427568125000982346e-02 7.100231086672785519e-02 5.920721427251578878e-02 4.879558369068631718e-02 3.967556921300509354e-02 3.175657619637643758e-02 2.494837661891050745e-02 1.916101838744314889e-02 1.430501875827516409e-02 1.029193249160984674e-02 7.034993480159436319e-03 4.450416372208033065e-03 2.459424359819493196e-03 9.982846604161487412e-04 -5.093663107499839200e-05 -1.375243486065132973e-03 -1.361671701161170419e-03 -1.087329519829279174e-03 -8.414452695119558484e-04 -5.030376156354444397e-04 0.000000000000000000e+00
2.290326475201654149e-03 1.497922147163730996e-02 1.582458096588659421e-02 1.653794802886638868e-02 1.711664567618034066e-02 1.755951507887301005e-02 1.786689226894019183e-02 1.804062372710469458e-02 1.808406431669772052e-02 1.800202107321160691e-02 1.780063812273661658e-02 1.748723662550925179e-02 1.707012758993870297e-02 1.655841166964982722e-02 1.596177489076913703e-02 1.529028562787765680e-02 1.455419648735806551e-02 1.376375441318497886e-02 1.292902256264107791e-02 1.205971782137514603e-02 1.116506793881753487e-02 1.025369192992001480e-02 9.333506453098029676e-03 8.411659367810313606e-03 7.494489844414977189e-03 6.587512630353164859e-03 5.695422773899373736e-03 4.822116528094647428e-03 3.970724281518732066e-03 3.143652004087154044e-03 2.342629319724362155e-03 1.568772201509222031e-03 2.290334994693849630e-03 1.533264496877940856e-02 1.619739455571512360e-02 1.689136573498593169e-02 1.742960302461710881e-02 1.783887268942052282e-02 1.812133068355880131e-02 1.827446260030253858e-02 1.830270507342629874e-02 1.824469675642336960e-02 1.808580096625719141e-02 1.785961064857245761e-02 1.754837895523542537e-02 1.715183593600413947e-02 1.672779804911149470e-02 1.623379158526005311e-02 1.568349620578025211e-02 1.508418376393922886e-02 1.444742959842572685e-02 1.369659695549914000e-02 1.297632336644195111e-02 1.213529275117894955e-02 1.124562708984643347e-02 1.033792950691476281e-02 9.323545428323086123e-03 8.229463249184465826e-03 7.134216450339647166e-03 5.970323526706550372e-03 4.762524898220404056e-03 3.392577353412736928e-03 1.999664398422429552e-03 6.135577358018400648e-04 1.938479237904076911e+02 3.688148814174953549e-01 3.228549417631262908e-01 2.837621410250311116e-01 2.497492710854978260e-01 2.196705433077410508e-01 1.927773903680042589e-01 1.685712404287487975e-01 1.467118631943539753e-01 1.269591702977201086e-01 1.091356973776208272e-01 9.310219439119757356e-02 7.874199709088229582e-02 6.595092526372986486e-02 5.463138878711339130e-02 4.468869814887827668e-02 3.602918075755533189e-02 2.855917649855332918e-02 2.218489274220941665e-02 1.681257941628511859e-02 1.234912171514381853e-02 8.702727915500932387e-03 5.784358668958165632e-03 3.509931701693689687e-03 1.810923964474284815e-03 5.619558597695652712e-04 -9.581598575146361074e-04 -1.062649755077685419e-03 -8.810724344399283644e-04 -7.181109251748691094e-04 -4.487371107674844282e-04 0.000000000000000000e+00
2.185256817184107279e-03 1.543997226266530069e-02 1.634573964234902269e-02 1.711664567618034066e-02 1.774913306175445252e-02 1.824121303922533396e-02 1.859248801056952519e-02 1.880419421692705942e-02 1.887921261388286059e-02 1.882201624275970167e-02 1.863855269769009240e-02 1.833607761945112505e-02 1.792295827196517186e-02 1.740846204310322193e-02 1.680253929411760355e-02 1.611560625893319540e-02 1.535833203115460031e-02 1.454143335860985480e-02 1.367548121479910013e-02 1.277072343665872252e-02 1.183692781191668895e-02 1.088324963137322042e-02 9.918126732302632795e-03 8.949203476964888784e-03 7.983283185320160999e-03 7.026306666398493203e-03 6.083353076783269524e-03 5.158658643906034388e-03 4.255648819704612243e-03 3.376980004899216795e-03 2.524588573638967843e-03 1.699754879712117323e-03 2.185265096937331897e-03 1.581627372815572891e-02 1.674383143406944080e-02 1.749629271409739936e-02 1.808772065036750101e-02 1.854415649460602541e-02 1.886695227379594358e-02 1.905455190625832476e-02 1.911088657133678398e-02 1.907449469695452968e-02 1.893175991651564402e-02 1.871709300333698409e-02 1.841130650014004624e-02 1.801633428507353266e-02 1.758954258920399777e-02 1.708878406921508775e-02 1.652728767225501716e-02 1.591465761047428443e-02 1.525745652736425727e-02 1.448187049669999622e-02 1.373747704268783038e-02 1.286447395481343271e-02 1.193700552003390362e-02 1.098932431698292425e-02 9.925856141963436061e-03 8.777549414158447930e-03 7.624114914063787746e-03 6.396840795182739091e-03 5.118445132396834928e-03 3.669510059385469591e-03 2.191345454072137020e-03 7.172940659697362321e-04 2.057843313579780329e+02 3.939318481193878618e-01 3.453387584342570982e-01 3.040164916519022542e-01 2.680558920715300220e-01 2.362343675114242925e-01 2.077546414763196680e-01 1.820873325940112752e-01 1.588729290093107149e-01 1.378594542386113453e-01 1.188622462834852955e-01 1.017377044720568502e-01 8.636643699682254594e-02 7.264234271507449825e-02 6.046619414701295131e-02 4.974161200140093941e-02 4.037298278759595543e-02 3.226432258843528467e-02 2.531906022249050606e-02 1.944017660308273651e-02 1.453080678155694444e-02 1.049496428698207771e-02 7.239090696042694076e-03 4.674430609349028085e-03 2.728153007313874855e-03 1.268192495528036806e-03 -4.566780515785852823e-04 -6.955854127830520721e-04 -6.241025064304704445e-04 -5.606875915352651412e-04 -3.770725289492911033e-04 0.000000000000000000e+00
2.079026549922148928e-03 1.577866474360761773e-02 1.673719544730298964e-02 1.755951507887301005e-02 1.824121303922533396e-02 1.877946417909370780e-02 1.917309989004422136e-02 1.942268090969714173e-02 1.953052486067918120e-02 1.950066169664534457e-02 1.933871872639346401e-02 1.905175274718778552e-02 1.864804915194182358e-02 1.813690332151657661e-02 1.752839409372511717e-02 1.683315538932008207e-02 1.606215046337477331e-02 1.522645297598933245e-02 1.433703934119663452e-02 1.340459712351604535e-02 1.243935432209845350e-02 1.145093398020025598e-02 1.044823751736664863e-02 9.439358526980129796e-03 8.431526766230375974e-03 7.431080086682325878e-03 6.443460521741970620e-03 5.473229934883722982e-03 4.524100548663335768e-03 3.598976164225715316e-03 2.700001414878651883e-03 1.828626350954321239e-03 2.079034483946596776e-03 1.617394752755163187e-02 1.715685118911182069e-02 1.796223058530490441e-02 1.860295092847810000e-02 1.910411768994580220e-02 1.946610815808936037e-02 1.968820778109001482e-02 1.977379118513071868e-02 1.976085371519048506e-02 1.963699673179635993e-02 1.943710500866015906e-02 1.914083161922285753e-02 1.875206200823074931e-02 1.832751933373613640e-02 1.782531348485038442e-02 1.725860154494721077e-02 1.663882117521126025e-02 1.596789672150050049e-02 1.517486016627367200e-02 1.441311140674218609e-02 1.351571597564681440e-02 1.255849495316883890e-02 1.157861861757172352e-02 1.047446381649224344e-02 9.280460882596456781e-03 8.077200304964759700e-03 6.795050452391038220e-03 5.454625343669791682e-03 3.936248223603244258e-03 2.381889532101623495e-03 8.286708539855047002e-04 2.166857104678076666e+02 4.168907245298685282e-01 3.659601815254202029e-01 3.226697808676162182e-01 2.849955599238306880e-01 2.516421814806465984e-01 2.217659894467773618e-01 1.948082155837633778e-01 1.703910723024246732e-01 1.482515572377780533e-01 1.281986701852709520e-01 1.100853773090126192e-01 9.379055050671331051e-02 7.920722789235799810e-02 6.623565681786014459e-02 5.477891414831276978e-02 4.474060265657878177e-02 3.602356209780618879e-02 2.852955780372209288e-02 2.215936242577013979e-02 1.681334782732458663e-02 1.239223290327706034e-02 8.798742850481038047e-03 5.940146109537149631e-03 3.739844110590798652e-03 2.059908178183378694e-03 1.233633527440475177e-04 -2.647462250049617137e-04 -3.193684416421370821e-04 -3.709809116717581890e-04 -2.888750688271838219e-04 0.000000000000000000e+00
1.971926570515939326e-03 1.599684892553487545e-02 1.699994507339875824e-02 1.786689226894019183e-02 1.859248801056952519e-02 1.917309989004422136e-02 1.960678419419400326e-02 1.989338994423671750e-02 2.003460602070705754e-02 2.003392902197653758e-02 1.989655603649493135e-02 1.962922087222621417e-02 1.923999394182284578e-02 1.873806128356074116e-02 1.813349273601668615e-02 1.743700569434160699e-02 1.665972937299153855e-02 1.581297428988739234e-02 1.490801197001873253e-02 1.395587016535588740e-02 1.296714893495537653e-02 1.195186249645161305e-02 1.091931067480366065e-02 9.877982053776657168e-03 8.835488835516526474e-03 7.798531334177837351e-03 6.772888379935825334e-03 5.763428965741068839e-03 4.774140256840362848e-03 3.808167467815727451e-03 2.867862567137246556e-03 1.954848659785320478e-03 1.971934071517618924e-03 1.640696334667389455e-02 1.743709629716130860e-02 1.828912471567875966e-02 1.897452113580607239e-02 1.951729777642994754e-02 1.991668085169466876e-02 2.017269823309213866e-02 2.028811554675692339e-02 2.029997585078977679e-02 2.019725223929460731e-02 2.001496529378878758e-02 1.973191066172603689e-02 1.935364227339507470e-02 1.893607666172231543e-02 1.843749399560881339e-02 1.787138748050385792e-02 1.725048418954210419e-02 1.657250131349232922e-02 1.576933923786512023e-02 1.499705207435552724e-02 1.408299298125925865e-02 1.310426025657683048e-02 1.210020818560876218e-02 1.096411518361017218e-02 9.733342996605002378e-03 8.489053215554162937e-03 7.161027062365547119e-03 5.767694948582865327e-03 4.190117246833541600e-03 2.569363315745788745e-03 9.465372131096840957e-04 2.264930938851663598e+02 4.374543351896172938e-01 3.844969658402646040e-01 3.395132549493800056e-01 3.003725430947145614e-01 2.657112648717154801e-01 2.346418676260424163e-01 2.065775937934788975e-01 1.811232638526997230e-01 1.580055478462043528e-01 1.370277957468053198e-01 1.180403014395955547e-01 1.009210614920613008e-01 8.556321435802249908e-02 7.186752740185835264e-02 5.973764242057095358e-02 4.907752507088016664e-02 3.978999827176294551e-02 3.177630891095491183e-02 2.493612569953722324e-02 1.916809704515444815e-02 1.437060561414073637e-02 1.044352306797959561e-02 7.290898420871408554e-03 4.832961686735396181e-03 2.926803813258626197e-03 7.741279205434817160e-04 2.240415871706775768e-04 2.904170212311016287e-05 -1.515402934235564509e-04 -1.853415119790136002e-04 0.000000000000000000e+00
1.864302910332208026e-03 1.609728404704754631e-02 1.713635123702183030e-02 1.804062372710469458e-02 1.880419421692705942e-02 1.942268090969714173e-02 1.989338994423671750e-02 2.021544994391406141e-02 2.038988050360265522e-02 2.041957609210910338e-02 2.030921135379232245e-02 2.006508671585329959e-02 1.969493432910735670e-02 1.920769966228874984e-02 1.861330881827557432e-02 1.792242827515203724e-02 1.714622241682952491e-02 1.629611409663379515e-02 1.538355378720953487e-02 1.441980316263257768e-02 1.341573898998231137e-02 1.238168275555890860e-02 1.132726033329197954e-02 1.026129422910827989e-02 9.191728761008330709e-03 8.125586361724973505e-03 7.068951423560679986e-03 6.026977020127588167e-03 5.003909481332165059e-03 4.003126056321990554e-03 3.027182251375042966e-03 2.077875192245013606e-03 1.864309908358202433e-03 1.651794723840375664e-02 1.758668446027755392e-02 1.847850432746072150e-02 1.920332176138682748e-02 1.978395241021859569e-02 2.021830150012864785e-02 2.050705769152068661e-02 2.065232599246976178e-02 2.068982428763937315e-02 2.061000670988931763e-02 2.044769911107869459e-02 2.018115645161173630e-02 1.981729513891037492e-02 1.941108253498309219e-02 1.892087774919909773e-02 1.836093674046895829e-02 1.774469906849642301e-02 1.706615858995256391e-02 1.626010209264723561e-02 1.548403763698264456e-02 1.456107440939171174e-02 1.356915329146616070e-02 1.254906848991794478e-02 1.139003218332594256e-02 1.013171906675974440e-02 8.855536168450814719e-03 7.491038535822373660e-03 6.054395401529451791e-03 4.428465002179579786e-03 2.751776274660530045e-03 1.069608098710533991e-03 2.351430644243746144e+02 4.553952558524019256e-01 4.007357074312915546e-01 3.543455229815325458e-01 3.139966304520826479e-01 2.782624106452765145e-01 2.462142198884439692e-01 2.172388119492853764e-01 1.909244634770130566e-01 1.669880999661438881e-01 1.452279572178874767e-01 1.254922569552025802e-01 1.076588316277477114e-01 9.162175336715322471e-02 7.728325443749498036e-02 6.454857859612406212e-02 5.332315690709351491e-02 4.351093592149007233e-02 3.501379167100245049e-02 2.773141352726278541e-02 2.156179996631369875e-02 1.640199928705532786e-02 1.214994154342689293e-02 8.707264965568570561e-03 5.991675077195665784e-03 3.856221230378233805e-03 1.485826218307046689e-03 7.634184442237723243e-04 4.159128881125195051e-04 9.434537359328761842e-05 -6.803385577887266966e-05 0.000000000000000000e+00
1.756545618953040278e-03 1.608392233272590982e-02 1.715013167397066648e-02 1.808406431669772052e-02 1.887921261388286059e-02 1.953052486067918120e-02 2.003460602070705754e-02 2.038988050360265522e-02 2.059668250001151640e-02 2.065725848101170048e-02 2.057568893908701818e-02 2.035774801557075492e-02 2.001072038631923969e-02 1.954319023328055654e-02 1.896481221747948684e-02 1.828607131545588807e-02 1.751803725663277425e-02 1.667211929081115554e-02 1.575982736611711982e-02 1.479254609739066341e-02 1.378132793722273985e-02 1.273671150984418202e-02 1.166856993840110698e-02 1.058599218814588842e-02 9.497198216830470344e-03 8.409486469180669013e-03 7.329210370885380632e-03 6.261779244038734836e-03 5.211678544069999960e-03 4.182504427904529601e-03 3.177008886941455439e-03 2.197161248695836486e-03 1.756552060081562104e-03 1.651083632492232611e-02 1.760920583981036985e-02 1.853349774922426543e-02 1.929194058012480631e-02 1.990610264206302618e-02 2.037241571527510786e-02 2.069216505478128562e-02 2.086674751809682385e-02 2.093022214035011180e-02 2.087458914858788747e-02 2.073415941843070529e-02 2.048697079673019589e-02 2.014098160768288542e-02 1.975007984220694679e-02 1.927262007268026878e-02 1.872405509567722989e-02 1.811793967684782042e-02 1.744507557064193734e-02 1.664314554359375489e-02 1.586989957323193048e-02 1.494569964757052824e-02 1.394888046054605472e-02 1.292091390589301426e-02 1.174806007368086637e-02 1.047162528694465383e-02 9.172915969049030491e-03 7.781654912683735707e-03 6.311673956278535808e-03 4.648732629723248411e-03 2.927132779750903427e-03 1.196496126774650040e-03 2.425701682610006742e+02 4.705030135762283683e-01 4.144785755698955354e-01 3.669789123998241642e-01 3.256891342534182221e-01 2.891255600221514510e-01 2.563217356160714666e-01 2.266396577776509658e-01 1.996519673694822083e-01 1.750663755444966108e-01 1.526764194877869574e-01 1.323286965834612749e-01 1.139014270382569666e-01 9.729030036463087727e-02 8.239982881908047840e-02 6.913779008525362813e-02 5.741210477978742760e-02 4.712893134402300344e-02 3.819189461191811047e-02 3.050182270275440810e-02 2.395714888483769719e-02 1.845461408227342878e-02 1.389115347907794035e-02 1.016684434555694370e-02 7.197558046959648577e-03 4.833290232188285594e-03 2.246819149591811754e-03 1.344562104300781654e-03 8.349484702092277444e-04 3.626733320488179004e-04 6.113140212024311770e-05 0.000000000000000000e+00
1.649080174147215562e-03 1.596185661415528562e-02 1.704630335737271352e-02 1.800202107321160691e-02 1.882201624275970167e-02 1.950066169664534457e-02 2.003392902197653758e-02 2.041957609210910338e-02 2.065725848101170048e-02 2.074855186249615832e-02 2.069689294402590404e-02 2.050745678408676456e-02 2.018698878685390441e-02 1.974360540196086825e-02 1.918657307847021140e-02 1.852607234324726154e-02 1.777295299873713277e-02 1.693848656075960454e-02 1.603412246629226309e-02 1.507125490760538936e-02 1.406100720613710255e-02 1.301404021466649741e-02 1.194039012257301115e-02 1.084933922351432288e-02 9.749320940378908978e-03 8.647858084826619274e-03 7.551531341543299067e-03 6.465973580545349500e-03 5.395884899196289573e-03 4.345063234215311779e-03 3.316446453380075907e-03 2.312171151550818354e-03 1.649086019192749948e-03 1.639081666197575449e-02 1.750966652833539292e-02 1.845878620321498784e-02 1.924462939549942408e-02 1.988751466051814562e-02 2.038227467254190989e-02 2.073074432702957590e-02 2.093357285681720498e-02 2.102286915672297793e-02 2.099220267479211949e-02 2.087506282897380952e-02 2.064959183675000101e-02 2.032446330703650134e-02 1.995236002163305183e-02 1.949156606436641681e-02 1.895916137098454732e-02 1.836821045062481464e-02 1.770689504236905298e-02 1.691579154368997792e-02 1.615168901141500121e-02 1.523370571780236285e-02 1.424012850266531682e-02 1.321232046639183970e-02 1.203478437447687635e-02 1.074971909452033560e-02 9.437964695136254190e-03 8.029840485748365037e-03 6.536765386278699935e-03 4.848518096681396841e-03 3.093481729052051290e-03 1.325746151287352913e-03 2.487096971542043491e+02 4.825907483207203530e-01 4.255494676648549635e-01 3.772452688644264418e-01 3.352884076331816843e-01 2.981450544331602504e-01 2.648148194049372850e-01 2.346370178464079193e-01 2.071697171577772112e-01 1.821119611833356688e-01 1.592529280729277907e-01 1.384379074015183453e-01 1.195459015767071781e-01 1.024747389810243825e-01 8.713187434272674781e-02 7.342841695580849815e-02 6.127569027504264909e-02 5.058306746954815275e-02 4.125698206942449153e-02 3.320048349072057120e-02 2.631351044037675072e-02 2.049352741667220465e-02 1.563743922055719701e-02 1.164463984295456903e-02 8.429890519202192303e-03 5.841161287067049915e-03 3.043791414710724213e-03 1.957313072642804120e-03 1.278855541101753431e-03 6.487785967714444638e-04 1.999067177225372115e-04 0.000000000000000000e+00
1.542359341059729161e-03 1.573722151040262210e-02 1.683107407738140479e-02 1.780063812273661658e-02 1.863855269769009240e-02 1.933871872639346401e-02 1.989655603649493135e-02 2.030921135379232245e-02 2.057568893908701818e-02 2.069689294402590404e-02 2.067558902544821761e-02 2.051630186543178941e-02 2.022516548544966639e-02 1.980973932608169272e-02 1.927879907219678599e-02 1.864210893220599741e-02 1.791018147212842734e-02 1.709403137765713038e-02 1.620493000081428200e-02 1.525416792301827196e-02 1.425283287642056113e-02 1.321161000000696355e-02 1.214061034319700340e-02 1.104923174081426027e-02 9.946053917517036144e-03 8.838767325201753525e-03 7.734133138889699027e-03 6.637970296506926632e-03 5.555164572925129669e-03 4.489694424735873879e-03 3.444669231422110237e-03 2.422384556948859943e-03 1.542364564275638646e-03 1.616420938806622382e-02 1.729437220614692128e-02 1.826049124333938359e-02 1.906719966500671978e-02 1.973360565327502911e-02 2.025285095425211415e-02 2.062728954258700315e-02 2.085679566136952254e-02 2.097128237552954577e-02 2.096587359662058572e-02 2.087294891485733453e-02 2.067106509820362120e-02 2.036928652252703933e-02 2.001896316507668222e-02 1.957826608388115244e-02 1.906631835033686592e-02 1.849509182060823237e-02 1.785075333419549812e-02 1.707675599689106177e-02 1.632775454172074800e-02 1.542311178682591669e-02 1.444065211219621413e-02 1.342081549143027061e-02 1.224761983671127097e-02 1.096336409602652502e-02 9.648042314754837548e-03 8.233032063094955846e-03 6.727264212121835014e-03 5.025635972369543042e-03 3.248967095744460278e-03 1.455876099603985695e-03 2.535007419682098657e+02 4.915010718880828411e-01 4.337993811589420656e-01 3.850010257501093602e-01 3.426547156769334523e-01 3.051843491092086080e-01 2.715601442145105238e-01 2.411012415667762310e-01 2.133524353948872410e-01 1.880047362449034365e-01 1.648432785118071342e-01 1.437122613048099629e-01 1.244917201386611244e-01 1.070819800131273675e-01 9.139393427130752812e-02 7.734266472877046605e-02 6.484367197710827480e-02 5.381043038384397681e-02 4.415315102571238520e-02 3.577812189647028296e-02 2.858781690314156354e-02 2.248143583513445565e-02 1.735681608501575199e-02 1.311355837316061264e-02 9.666059740273864193e-03 6.861322030980968219e-03 3.861994034429899574e-03 2.590354191129224000e-03 1.739470081467244531e-03 9.474116528153287038e-04 3.457497871421450430e-04 0.000000000000000000e+00
1.436854564682072148e-03 1.541705761133265948e-02 1.651169303403162217e-02 1.748723662550925179e-02 1.833607761945112505e-02 1.905175274718778552e-02 1.962922087222621417e-02 2.006508671585329959e-02 2.035774801557075492e-02 2.050745678408676456e-02 2.051630186543178941e-02 2.038812796869822475e-02 2.012840644509253027e-02 1.974406953610687715e-02 1.924331633141660239e-02 1.863539681452775973e-02 1.793038003200381550e-02 1.713891284320591055e-02 1.627197627543353065e-02 1.534064695349258468e-02 1.435587126363514592e-02 1.332825963936339585e-02 1.226790738015813391e-02 1.118424669163208679e-02 1.008593240805635144e-02 8.980761501053678014e-03 7.875624332167692129e-03 6.776483919877738897e-03 5.688378393925540635e-03 4.615441344382012132e-03 3.560935457225761474e-03 2.527303451431232081e-03 1.436859152455848693e-03 1.583831724986881073e-02 1.697076586977962556e-02 1.794601078301103284e-02 1.876686237735713039e-02 1.945129128392741186e-02 1.999069480852069813e-02 2.038792999334959610e-02 2.064208430989301554e-02 2.078067775573493037e-02 2.080034146738002007e-02 2.073207998280583719e-02 2.055515480975993528e-02 2.027870620706248225e-02 1.995261878196925853e-02 1.953493282117844260e-02 1.904720714491583630e-02 1.849973151389319379e-02 1.787728704746077354e-02 1.712617057967072767e-02 1.639777685345846295e-02 1.551316523117664097e-02 1.454932736665412972e-02 1.354493736476908294e-02 1.238487405619709270e-02 1.111069375314171874e-02 9.801162522988004014e-03 8.389204390315761414e-03 6.881187797319591841e-03 5.178174307534653791e-03 3.391879852701847487e-03 1.585424135703387971e-03 2.568893629416480167e+02 4.971109748066422918e-01 4.391108826913769358e-01 3.901314327647131264e-01 3.476743452047408312e-01 3.101300626950191375e-01 2.764446512107125442e-01 2.459200689634196413e-01 2.180894407506479560e-01 1.926365288353151795e-01 1.693427692528492456e-01 1.480514292340518734e-01 1.286437097137352326e-01 1.110226363428827995e-01 9.510286775656419389e-02 8.080392871868542770e-02 6.804611075813166154e-02 5.674773307162195995e-02 4.682363334388568721e-02 3.818426138151442134e-02 3.073558814070462622e-02 2.437951697640612994e-02 1.901575859458921880e-02 1.454500556220262274e-02 1.088204503436856693e-02 7.873984819035638461e-03 4.685545790972697223e-03 3.231436782243956533e-03 2.207916549718268173e-03 1.252838842620931188e-03 4.958710693040575520e-04 0.000000000000000000e+00
1.333046546209662626e-03 1.500915328679315250e-02 1.609627677617504402e-02 1.707012758993870297e-02 1.792295827196517186e-02 1.864804915194182358e-02 1.923999394182284578e-02 1.969493432910735670e-02 2.001072038631923969e-02 2.018698878685390441e-02 2.022516548544966639e-02 2.012840644509253027e-02 1.990148994555453882e-02 1.955067084767808314e-02 1.908350418382220859e-02 1.850864397232292180e-02 1.783562305721849567e-02 1.707462033383808780e-02 1.623622237553015019e-02 1.533118700352328542e-02 1.437021663621389396e-02 1.336374910425092155e-02 1.232177276505399405e-02 1.125367113663528797e-02 1.016810012693764032e-02 9.072898617726907200e-03 7.975030979183264992e-03 6.880558271169263419e-03 5.794633583561202388e-03 4.721516276057806209e-03 3.664600335204697395e-03 2.626460259575141062e-03 1.333050495756141771e-03 1.542124822825051769e-02 1.654723802841919986e-02 1.752382304717360270e-02 1.835203171059691246e-02 1.904879394497135600e-02 1.960374940298710913e-02 2.002025378670486619e-02 2.029661399740984723e-02 2.045781022169534946e-02 2.050190735314678589e-02 2.045829814047799358e-02 2.030721160118208191e-02 2.005756519733574786e-02 1.975764091003407927e-02 1.936535213196093064e-02 1.890505558828064342e-02 1.838479071510797785e-02 1.778859629207325821e-02 1.706556368170247112e-02 1.636276509249617872e-02 1.550435294703340905e-02 1.456617383642315466e-02 1.358426752995100552e-02 1.244578704942511833e-02 1.119065471212436075e-02 9.896041934119449712e-03 8.496922257465497341e-03 6.997029128244288548e-03 5.304547627782394380e-03 3.520709763976297927e-03 1.713000036450470793e-03 2.588316996333019802e+02 4.993357137223296549e-01 4.414016215967346835e-01 3.925538894790812638e-01 3.502628865395158164e-01 3.128952777355760717e-01 2.793788918106168140e-01 2.490020013407376331e-01 2.212880109569228537e-01 1.959144227836140673e-01 1.726594019983294925e-01 1.513654286654680936e-01 1.319149165192695927e-01 1.142136628989801200e-01 9.818025674637501088e-02 8.373896198602405472e-02 7.081530121193420346e-02 5.933301916791756253e-02 4.921228509137296619e-02 4.036851364866746172e-02 3.271204092646078782e-02 2.614837454063271421e-02 2.057999558596020073e-02 1.590955039525113190e-02 1.205296407252382830e-02 8.858527285913561644e-03 5.497779002346604195e-03 3.867642217844450073e-03 2.674793957463192026e-03 1.558960345731731732e-03 6.472900767048828065e-04 0.000000000000000000e+00
1.231414914001197763e-03 1.452187615697950705e-02 1.559362365231254169e-02 1.655841166964982722e-02 1.740846204310322193e-02 1.813690332151657661e-02 1.873806128356074116e-02 1.920769966228874984e-02 1.954319023328055654e-02 1.974360540196086825e-02 1.980973932608169272e-02 1.974406953610687715e-02 1.955067084767808314e-02 1.923509055168343140e-02 1.880419130977456499e-02 1.826596705696693565e-02 1.762933732751140875e-02 1.690392609639102331e-02 1.609983196287686352e-02 1.522739711604195051e-02 1.429698293252346097e-02 1.331876005022811053e-02 1.230252006330861785e-02 1.125751452015653908e-02 1.019232489545078904e-02 9.114764979313809759e-03 8.031814946596618765e-03 6.949584438870321131e-03 5.873300486772621044e-03 4.807315172716225375e-03 3.755128146041094520e-03 2.719426815823960085e-03 1.231418232065883836e-03 1.492172969425593042e-02 1.603292414576402980e-02 1.700327404119258978e-02 1.783210826685480838e-02 1.853542720388436094e-02 1.910113978904251497e-02 1.953310366737118914e-02 1.982887041699457273e-02 2.001078501731056933e-02 2.007825295022279410e-02 2.005885206480171809e-02 1.993400858978922746e-02 1.971214020192022659e-02 1.943978795647053823e-02 1.907475695324129319e-02 1.864452871453717991e-02 1.815435188040530681e-02 1.758817005411786316e-02 1.689780483466220284e-02 1.622501828114572900e-02 1.539838015972722247e-02 1.449234694626927097e-02 1.353943558116537174e-02 1.243054700492118338e-02 1.120302969434255717e-02 9.932131833058799320e-03 8.555378006583307451e-03 7.073797462418538948e-03 5.403544001165098976e-03 3.634194561327403275e-03 1.837337617680837986e-03 2.592968417044161811e+02 4.981316421355668211e-01 4.406268614440629339e-01 3.922203558300363935e-01 3.503676479067446836e-01 3.134220350422998735e-01 2.802996349818398514e-01 2.502790191928777608e-01 2.228761830345871997e-01 1.977635956514084414e-01 1.747167056745576041e-01 1.535773817364870231e-01 1.342292517865680268e-01 1.165808521776631745e-01 1.005547234066741374e-01 8.607999704744907776e-02 7.308768940576185202e-02 6.150737639889533592e-02 5.126510140277203836e-02 4.228190490711600941e-02 3.447323916846609798e-02 2.774902627742744862e-02 2.201535000650280474e-02 1.717763047193579876e-02 1.315365643214031280e-02 9.793965996510126115e-03 6.281613417323394719e-03 4.485666456244615137e-03 3.130379460874245425e-03 1.859439955379534222e-03 7.968976009711539960e-04 0.000000000000000000e+00
1.132427104355301179e-03 1.396400194031833901e-02 1.501302515076892788e-02 1.596177489076913703e-02 1.680253929411760355e-02 1.752839409372511717e-02 1.813349273601668615e-02 1.861330881827557432e-02 1.896481221747948684e-02 1.918657307847021140e-02 1.927879907219678599e-02 1.924331633141660239e-02 1.908350418382220859e-02 1.880419130977456499e-02 1.841151878780001444e-02 1.791277465862005022e-02 1.731620492109859841e-02 1.663080663729204003e-02 1.586610962135526909e-02 1.503195388080114971e-02 1.413827050518171556e-02 1.319487384201804142e-02 1.221127227629722686e-02 1.119650365231860366e-02 1.015899954750780487e-02 9.106480522057003660e-03 8.045882337811496518e-03 6.983311130851415499e-03 5.924023829723694748e-03 4.872428946581052085e-03 3.832102822698533421e-03 2.805823599040057834e-03 1.132429805943954921e-03 1.434892158343331961e-02 1.543749885015987394e-02 1.639435878356330575e-02 1.721725245339232255e-02 1.792136684753988657e-02 1.849294547204633973e-02 1.893635432080069750e-02 1.924843363771783222e-02 1.944884856930777228e-02 1.953823857387548824e-02 1.954220150700674424e-02 1.944355382194662418e-02 1.924996255181725402e-02 1.900609458959842332e-02 1.866967105960052470e-02 1.827158727472457181e-02 1.781379328452965469e-02 1.728077791077731878e-02 1.662701583431560812e-02 1.598805418690003172e-02 1.519811820120767210e-02 1.433010149448739334e-02 1.341209777540028521e-02 1.234028198227384542e-02 1.114843953357324245e-02 9.909631425664736440e-03 8.564413018148652607e-03 7.111045139006030510e-03 5.474363731821888131e-03 3.731363709339538624e-03 1.957344716631095362e-03 2.582692905494413935e+02 4.934979396937696494e-01 4.367809977747579286e-01 3.891188108408250579e-01 3.479691683008759862e-01 3.116829759313529125e-01 2.791716782427032806e-01 2.497085694881641671e-01 2.228048984280779632e-01 1.981295845208337902e-01 1.754560744239181125e-01 1.546258726368267000e-01 1.355238170897402894e-01 1.180610815848028433e-01 1.021640617816964025e-01 8.776673367434993656e-02 7.480569827141086980e-02 6.321658986949545145e-02 5.293169539249197031e-02 4.387818383564341673e-02 3.597723829348516839e-02 2.914389457836861694e-02 2.328858671996515348e-02 1.832026839130846546e-02 1.415927970744346003e-02 1.065944276763037581e-02 7.019941529686720728e-03 5.072114664860031576e-03 3.564840152535090137e-03 2.147840603018821327e-03 9.415208999076740389e-04 0.000000000000000000e+00
1.036526770545318160e-03 1.334454523124358957e-02 1.436407906854965562e-02 1.529028562787765680e-02 1.611560625893319540e-02 1.683315538932008207e-02 1.743700569434160699e-02 1.792242827515203724e-02 1.828607131545588807e-02 1.852607234324726154e-02 1.864210893220599741e-02 1.863539681452775973e-02 1.850864397232292180e-02 1.826596705696693565e-02 1.791277465862005022e-02 1.745562135379806132e-02 1.690203686390532103e-02 1.626033547648233005e-02 1.553941172011782598e-02 1.474852904188416955e-02 1.389710886583979746e-02 1.299452770052543678e-02 1.204992962177777426e-02 1.107206039178030427e-02 1.006912787112412139e-02 9.048691489820733652e-03 8.017581513427745818e-03 6.981846792937406593e-03 5.946727830955240122e-03 4.916650603086514595e-03 3.895236264592845301e-03 2.885328501449741477e-03 1.036528877697835953e-03 1.371223348181319079e-02 1.477097264295498119e-02 1.570750272583489385e-02 1.651815491567040772e-02 1.721741554731156740e-02 1.778996339844485589e-02 1.824067752175080603e-02 1.856574804899101261e-02 1.878216435977261844e-02 1.889168537130764963e-02 1.891780502514599574e-02 1.884488470411822131e-02 1.867961963652197202e-02 1.846468142143577879e-02 1.815772825204650318e-02 1.779331945192618239e-02 1.736963489171319819e-02 1.687233202635040480e-02 1.625845165209543683e-02 1.565650803291731077e-02 1.490752284194317781e-02 1.408272738096580032e-02 1.320488948218035904e-02 1.217702756694760864e-02 1.102832417710257647e-02 9.829481809026617556e-03 8.524522090375812391e-03 7.108879391153189939e-03 5.516647278760631289e-03 3.811574052551102657e-03 2.072147356455506916e-03 2.557508586937203745e+02 4.854771772290317755e-01 4.298980147691330300e-01 3.832737203790123059e-01 3.430817906900845426e-01 3.076820890977476908e-01 2.759888094542382597e-01 2.472747572981452147e-01 2.210494156718005310e-01 1.969798915317559074e-01 1.748385239572904093e-01 1.544668046334803369e-01 1.357508092883209228e-01 1.186042155820057342e-01 1.029570920542580564e-01 8.874810815787141649e-02 7.591938389486310723e-02 6.441266657539841678e-02 5.416668040793715111e-02 4.511505797700351983e-02 3.718517736952099695e-02 3.029775949274318703e-02 2.436823379531907058e-02 1.930976987433796407e-02 1.504589346553728696e-02 1.143470323560135185e-02 7.696008537652210789e-03 5.613792975820716159e-03 3.968443681996858610e-03 2.417759535429946701e-03 1.077988843361369015e-03 0.000000000000000000e+00
