6.905082555702377056e-02 5.097589339904992634e-02 4.895395711255833004e-02 4.680860822689372758e-02 4.457627597288001120e-02 4.222078313569002650e-02 3.973893404051376255e-02 3.722773273070439232e-02 3.468942427365728082e-02 3.215598534019543236e-02 2.965907845913448582e-02 2.722266065051517220e-02 2.486953470334824987e-02 2.260663382824755485e-02 2.046888090955622033e-02 1.845942053762206214e-02 1.653689854264706396e-02 1.480833635525837487e-02 1.314833037974580399e-02 1.164307773686015790e-02 1.026336299222146628e-02 9.010149651471158552e-03 7.806190993146488837e-03 6.831270198929805318e-03 5.899375575533383209e-03 5.079920949188589628e-03 4.327179830102123766e-03 3.670482710402372863e-03 3.093052049758174792e-03 2.590124012030260107e-03 2.225272058526375080e-03 2.115746098564713195e-03 7.439459338500328811e-02 6.071139416769929381e-02 5.868504787265832467e-02 5.632681422841018248e-02 5.376367494182288792e-02 5.091868741758716344e-02 4.782715384124811703e-02 4.458346379315226982e-02 4.127026989101074961e-02 3.792738638132219647e-02 3.461645505976505832e-02 3.138354824699201434e-02 2.827404432901202413e-02 2.528376971623349026e-02 2.249523118076153863e-02 1.989169223190011965e-02 1.750688710095153061e-02 1.533405178909294335e-02 1.330746519916195351e-02 1.145272017920778533e-02 9.809214803994818765e-03 8.352561427802702651e-03 7.017026350400165473e-03 5.927757786861719523e-03 4.945168447700534417e-03 4.090958160951731551e-03 3.372353387000497863e-03 2.741643970322304048e-03 2.142453124552021367e-03 1.654357225399198184e-03 1.275981516768597132e-03 1.081119202035677428e-03 1.643442629835431697e-04 4.383085720142894425e-05 -2.150599496903163798e-04 -4.172759679939739771e-04 -8.566856564950055351e-05 -2.015185137168554088e-04 -3.498275869232331421e-04 -4.946229960804648636e-04 -6.603559393846842457e-04 -8.565550257812486103e-04 -1.070887404443709176e-03 -1.253778926787679250e-03 -1.368360686974201372e-03 -1.410825799979481413e-03 -1.376383423751929716e-03 -1.250886835308820475e-03 -1.100612490976391215e-03 -1.028542491153029183e-03 -1.437934916479489825e-03 -1.337334250356011014e-03 -1.270354147414711095e-03 -1.307630870872520962e-03 -1.353190273293253037e-03 -1.345221039425079047e-03 -1.331497550117357329e-03 -1.337858054317159423e-03 -1.336631635844278288e-03 -1.294838901814191661e-03 -1.218482672256119594e-03 -1.139312585060280351e-03 -1.065375513726816862e-03 -1.018720003184905767e-03
5.097589339904992634e-02 6.211982946423649787e-02 6.264758947816419232e-02 6.285685174816017795e-02 6.273787549918102835e-02 6.222927598578829878e-02 6.129585390021977803e-02 6.003710134540733712e-02 5.842805240965600472e-02 5.651115905419579200e-02 5.433093581150730961e-02 5.193439909484089123e-02 4.937308764638084074e-02 4.668061560876499150e-02 4.392436116024801135e-02 4.113523339410497803e-02 3.830655672710327198e-02 3.553962583981210011e-02 3.276493818612478959e-02 3.007983993843126383e-02 2.746277641281809692e-02 2.493242393924878161e-02 2.245921227945714416e-02 2.012655911523013666e-02 1.785723214486907573e-02 1.569244857992923778e-02 1.359540219917956816e-02 1.159987198955063185e-02 9.683112068712475609e-03 7.841014196289637639e-03 6.112585795981937721e-03 4.616117621796382055e-03 5.507120568355510642e-02 7.343756781579711956e-02 7.486343298240374922e-02 7.571837725421280696e-02 7.605916307222272688e-02 7.574737828499657211e-02 7.475821003735994008e-02 7.317528986449724215e-02 7.102959568038082205e-02 6.838037873182507831e-02 6.531633591185431742e-02 6.193389369882502937e-02 5.834103181435338487e-02 5.458284888353791275e-02 5.081140647515849235e-02 4.705122971510646707e-02 4.339416572712871678e-02 3.983082405930218201e-02 3.634171723719865910e-02 3.298773470305797761e-02 2.979631853880022538e-02 2.675780698992707984e-02 2.384017032239510794e-02 2.109253434371882382e-02 1.844945060091840450e-02 1.591167671428263611e-02 1.349201311602364270e-02 1.114361584512513388e-02 8.764577208782991721e-03 6.459689241233435367e-03 4.167293092782974745e-03 1.902858802859555207e-03 1.310271990263358352e-04 9.779075346817967494e-04 1.907744582553148579e-03 2.959407201435856546e-03 4.586798936075656662e-03 5.607176874710285280e-03 6.447243418943031379e-03 7.176402466936205975e-03 7.761058974383963638e-03 8.185191379014376822e-03 8.454750576438178900e-03 8.605082700090839476e-03 8.665560196872734364e-03 8.644163605410934773e-03 8.549235056779404610e-03 8.394478212669356440e-03 8.144435010912673759e-03 7.740503417147635151e-03 6.938360948365402889e-03 6.342529243781097267e-03 5.625218535481949118e-03 4.749611415372911351e-03 3.808261192783894168e-03 2.872076078144587038e-03 1.922081604723733074e-03 9.509808002244800286e-04 -1.138315361653027567e-05 -9.330203731771391550e-04 -1.831639673152440613e-03 -2.760743665219086811e-03 -3.729180467400506228e-03 -4.725319589177509258e-03
4.895395711255833004e-02 6.264758947816419232e-02 6.359456556652795522e-02 6.409643778046950069e-02 6.432079948576460704e-02 6.412889092742699026e-02 6.347890651207974133e-02 6.246585965437950055e-02 6.105588238032663706e-02 5.928924504181563165e-02 5.721084892729919047e-02 5.487070840174865238e-02 5.232472238159220634e-02 4.961122798620783841e-02 4.680247908801266760e-02 4.393440060325150970e-02 4.100725217253924776e-02 3.811966744277909408e-02 3.521085723661161043e-02 3.239081607035151911e-02 2.962734047594208289e-02 2.694750272393877516e-02 2.432017338224618311e-02 2.182522484556539966e-02 1.939385659595995251e-02 1.706443130304627007e-02 1.480073922830908023e-02 1.263699621992415284e-02 1.054868536821629808e-02 8.530853246876154636e-03 6.618327797203868261e-03 4.921551807023200574e-03 5.290667385590142741e-02 7.402809448928675262e-02 7.598595475344331607e-02 7.727575689813974413e-02 7.810519699300345897e-02 7.824089514255817834e-02 7.764886816934830904e-02 7.640086101786490447e-02 7.451405017351411808e-02 7.204380457755257816e-02 6.908122649163006557e-02 6.573079330437664458e-02 6.211123458534246328e-02 5.827827909118654670e-02 5.439432245048359676e-02 5.049328425305889267e-02 4.667626826913361809e-02 4.294231891567503595e-02 3.927969454962416257e-02 3.574027613473712561e-02 3.236370195770267577e-02 2.913913842268978094e-02 2.603598462470958427e-02 2.309669318079453706e-02 2.026095395990241965e-02 1.752653554234030395e-02 1.490609672977708487e-02 1.234873644185126816e-02 9.750310047282250911e-03 7.211598802487349628e-03 4.662136316733605373e-03 2.099491025578898145e-03 1.192223496565474001e-04 9.779813094518432191e-04 2.040856176991622493e-03 3.241961176362581892e-03 5.028912428183188524e-03 6.205202430857568313e-03 7.182015079485268988e-03 8.036290429038341065e-03 8.733092852259106628e-03 9.255608554359869011e-03 9.608749464563443032e-03 9.825132845271169341e-03 9.932196051244566656e-03 9.937862001080134677e-03 9.850586207186833379e-03 9.683911310135436337e-03 9.405836963459150019e-03 8.962919452982966856e-03 8.128928403247583437e-03 7.466510999579240547e-03 6.672563949374049272e-03 5.714396363808913609e-03 4.683050175116198685e-03 3.649189037568779416e-03 2.596669166051227690e-03 1.519984269264419621e-03 4.487606618070361813e-04 -5.854917054123550974e-04 -1.601200823032355698e-03 -2.652070221017919973e-03 -3.744945598255037915e-03 -4.867621845381002108e-03
4.680860822689372758e-02 6.285685174816017795e-02 6.409643778046950069e-02 6.507431442852798509e-02 6.562000333735625024e-02 6.576835487545643066e-02 6.543154117931214431e-02 6.469777934683199061e-02 6.351981323569347304e-02 6.193396533449188612e-02 5.998457924433922561e-02 5.772426905397374380e-02 5.521323698698170357e-02 5.249461537095096580e-02 4.964569776308908750e-02 4.670752923818790453e-02 4.368660861957277680e-02 4.071305932701325264e-02 3.765788676873022683e-02 3.470397797796195838e-02 3.179884066845423130e-02 2.896460886247126734e-02 2.618996533611473929e-02 2.353665838307062927e-02 2.094661723556421468e-02 1.845565869693198066e-02 1.602788190089412049e-02 1.369863301284418577e-02 1.144097149604203154e-02 9.249137412517656476e-03 7.153425198251517347e-03 5.254998510363265846e-03 5.061074211034362336e-02 7.421744957208505078e-02 7.659570676918370236e-02 7.856077728721674869e-02 7.982528102291967798e-02 8.044277716649922416e-02 8.029425794327219035e-02 7.943143121313550603e-02 7.785177066946927238e-02 7.560279923282553494e-02 7.277652421850908104e-02 6.948520132055356624e-02 6.585884432535270283e-02 6.196466971588784900e-02 5.797636328288935381e-02 5.393882861152068942e-02 4.996563768863786920e-02 4.602869106182818498e-02 4.221168858390770412e-02 3.849005948824795603e-02 3.492997799170766138e-02 3.152040757113182268e-02 2.823485655072511744e-02 2.510776442901037700e-02 2.208376051877000701e-02 1.915750140801196141e-02 1.634215695022239734e-02 1.357994678665375501e-02 1.076752239335046317e-02 7.998971620849441855e-03 5.195015706671150292e-03 2.333086507408539071e-03 1.122271612821358345e-04 1.021520497520818967e-03 2.163950076325565648e-03 3.491497332384873621e-03 5.427788156635129577e-03 6.760281546229982182e-03 7.878725654215082766e-03 8.866283945587858858e-03 9.685822795213289496e-03 1.031912998405481140e-02 1.076958013021375900e-02 1.106655783579251970e-02 1.123513912278027715e-02 1.128284313601214672e-02 1.121785724925845537e-02 1.105312866850833090e-02 1.075970095026454118e-02 1.028902665479270763e-02 9.433060255005577474e-03 8.712798678248673268e-03 7.850321569419782541e-03 6.817382656723062519e-03 5.703321047322495660e-03 4.578308546179413012e-03 3.429107581960278393e-03 2.252145066975902790e-03 1.076826418981332396e-03 -6.586047527037310208e-05 -1.194552985216780321e-03 -2.361921203763892810e-03 -3.571624366822337068e-03 -4.810746136053267036e-03
4.457627597288001120e-02 6.273787549918102835e-02 6.432079948576460704e-02 6.562000333735625024e-02 6.655477417561730946e-02 6.707089453242832955e-02 6.707410825918759534e-02 6.665460323918590002e-02 6.574393013974136335e-02 6.437311680993459961e-02 6.258465267625014372e-02 6.043293671575627329e-02 5.798207444418614770e-02 5.527981582023615975e-02 5.240865595670123056e-02 4.941528745383229337e-02 4.631534451096755434e-02 4.322365069099515233e-02 4.005968882471825504e-02 3.697956360455392083e-02 3.393743985753037290e-02 3.096126438944276152e-02 2.804035793518723160e-02 2.523238770158094113e-02 2.248698905636657003e-02 1.983733799812726836e-02 1.724676498849941203e-02 1.475385593953626624e-02 1.232729383325048729e-02 9.960693719422085771e-03 7.679402355458793579e-03 5.573934328182441299e-03 4.821651428039260695e-02 7.400420043370425915e-02 7.684646509966593098e-02 7.923578734445055338e-02 8.106319245816037689e-02 8.220963346405009420e-02 8.255229511569278644e-02 8.213009196361827080e-02 8.091348724050427543e-02 7.893783859567055083e-02 7.629376043100058458e-02 7.310010997405542998e-02 6.949796608182860769e-02 6.556623404148546885e-02 6.149027835490054883e-02 5.732671248543222409e-02 5.320075384765707294e-02 4.911189238230097981e-02 4.511113690674940085e-02 4.120870240093821996e-02 3.746756348407459525e-02 3.387711628189296609e-02 3.041248116962490949e-02 2.710186796770338094e-02 2.389393860568165065e-02 2.077989071873266244e-02 1.777574178249502132e-02 1.480984003495233389e-02 1.178577930521805192e-02 8.787228476508221128e-03 5.725822142914528505e-03 2.556723849584325962e-03 1.172856009495625051e-04 8.003687159788540903e-04 2.083358723432111089e-03 3.558648352822243836e-03 5.652384271792998578e-03 7.146489105397668684e-03 8.409695283682476832e-03 9.533231647871282313e-03 1.047875029108077602e-02 1.122716097562112200e-02 1.178050062109307732e-02 1.216484715476468144e-02 1.240274605552745511e-02 1.250111856559488026e-02 1.246757870321288549e-02 1.231405432005085523e-02 1.201418180863761224e-02 1.152400433178125787e-02 1.065384112761501648e-02 9.883030541098195010e-03 8.959389806969959499e-03 7.859298249042490428e-03 6.669972594828441417e-03 5.460648845094841566e-03 4.220942718149036862e-03 2.949218697068078585e-03 1.674480171174827026e-03 4.269609940755772709e-04 -8.118322924209988353e-04 -2.092464070414722706e-03 -3.414544086048761258e-03 -4.765038597614237696e-03
4.222078313569002650e-02 6.222927598578829878e-02 6.412889092742699026e-02 6.576835487545643066e-02 6.707089453242832955e-02 6.796269632725163157e-02 6.830548494332246146e-02 6.823570649412072364e-02 6.762614578672611343e-02 6.650549394516035162e-02 6.491261001400716601e-02 6.290210302074028537e-02 6.054093346900796951e-02 5.788068334940198872e-02 5.500889806772689405e-02 5.197758106860763533e-02 4.881177054815998700e-02 4.562723577961368820e-02 4.235552475867684907e-02 3.915697108358041217e-02 3.598561161426135774e-02 3.287338511153430759e-02 2.981316009855866297e-02 2.685722730119580876e-02 2.396269857376354465e-02 2.116060568190008054e-02 1.840803383306767460e-02 1.575911793195398231e-02 1.316819664334399967e-02 1.063050109244568359e-02 8.166336150957289805e-03 5.854812560873770208e-03 4.568779698492761443e-02 7.331511692442473083e-02 7.657449210836834996e-02 7.942823443954726004e-02 8.177732063604935264e-02 8.346317348224269184e-02 8.431023083100699922e-02 8.437885100140343764e-02 8.357962705435519057e-02 8.193234498997481463e-02 7.952251635239060423e-02 7.647279845723135849e-02 7.293391055007697465e-02 6.899568940915812298e-02 6.485529882450850880e-02 6.058197625518210033e-02 5.631499723076575231e-02 5.206626068144545871e-02 4.789707475659683855e-02 4.381879568280042103e-02 3.990065910319210568e-02 3.613338928822133755e-02 3.249427796011028491e-02 2.900569815500184112e-02 2.561970953649286495e-02 2.232319907702388223e-02 1.914943400447557606e-02 1.597900416799142090e-02 1.275020441819164907e-02 9.527816979180698045e-03 6.214223650239061002e-03 2.741129021409819365e-03 1.182827775128390818e-04 6.442035550464211358e-04 2.035283934527459468e-03 3.639048719087542311e-03 5.877035403395443856e-03 7.526480053911242980e-03 8.931675453812258636e-03 1.019113960999657592e-02 1.126498888359718509e-02 1.213297752573791292e-02 1.279558553585476675e-02 1.327538878699792597e-02 1.359222990564180021e-02 1.375221689259072469e-02 1.376201751305006042e-02 1.363198655677106373e-02 1.333767944425513947e-02 1.283923250351295085e-02 1.196531345617519310e-02 1.115434771780966956e-02 1.018023777057749241e-02 9.024144066337858386e-03 7.770724754993399951e-03 6.487795462875694565e-03 5.167723110823266297e-03 3.810810791851654972e-03 2.445492794797672620e-03 1.101039930986342109e-03 -2.403676008882604386e-04 -1.625802740559985056e-03 -3.049692744908516929e-03 -4.499178007975226760e-03
3.973893404051376255e-02 6.129585390021977803e-02 6.347890651207974133e-02 6.543154117931214431e-02 6.707410825918759534e-02 6.830548494332246146e-02 6.917150708575459106e-02 6.936415640844273423e-02 6.907436042745201954e-02 6.823462392135994092e-02 6.687312030954944975e-02 6.504078052722438164e-02 6.280497686552014014e-02 6.021910693287216981e-02 5.737644976129849250e-02 5.433153141988215223e-02 5.112066217575791244e-02 4.786228184189043888e-02 4.449840056097955493e-02 4.119525231399617793e-02 3.790751253059909676e-02 3.467099303231458568e-02 3.148246518442971570e-02 2.838939635445470247e-02 2.535511284431117562e-02 2.240560935113093330e-02 1.954442170671137277e-02 1.672156140524750506e-02 1.397252647607827476e-02 1.127107037489390867e-02 8.631101369202483220e-03 6.119575993316902184e-03 4.301595826871558448e-02 7.212174923143312155e-02 7.574751399619714110e-02 7.902627107482221303e-02 8.185735818886616388e-02 8.404531484598057323e-02 8.557443622560925722e-02 8.605596249504778028e-02 8.571684466345246001e-02 8.445242930556415284e-02 8.233561416036876135e-02 7.948694471220581204e-02 7.606316224953188487e-02 7.216251407710370935e-02 6.799346309187773163e-02 6.363738992893418212e-02 5.924954617020832676e-02 5.485522503665222344e-02 5.053041811515346371e-02 4.628680495285612817e-02 4.220128235117052984e-02 3.826689973016118851e-02 3.446365825470499439e-02 3.080942444611073361e-02 2.726046549449651427e-02 2.380783706320174775e-02 2.036096622509103726e-02 1.707188959519398072e-02 1.365923958141804055e-02 1.022882680262401055e-02 6.677305994985154730e-03 2.913342014761398022e-03 9.949726099855661545e-05 5.214012640297141120e-04 1.992407226979298930e-03 3.697149672485613905e-03 6.054345804423908600e-03 7.841617796155872511e-03 9.379075280126301234e-03 1.077396968242001762e-02 1.198611370082553786e-02 1.299370057698917905e-02 1.379354700547119096e-02 1.440155677639394852e-02 1.483160996308685760e-02 1.508645487272513956e-02 1.517019660172936636e-02 1.509073478128802361e-02 1.482505996080060208e-02 1.433741461791406165e-02 1.347542217193478838e-02 1.263866422574889091e-02 1.162783413578769368e-02 1.042934395469232410e-02 9.125071010828024465e-03 7.781058640680813508e-03 6.392392874560661083e-03 4.961374420745399624e-03 3.515745420169569518e-03 2.083625490862095302e-03 6.484789182793404463e-04 -8.317880860389998982e-04 -2.345293379311157167e-03 -3.879724066521070529e-03
3.722773273070439232e-02 6.003710134540733712e-02 6.246585965437950055e-02 6.469777934683199061e-02 6.665460323918590002e-02 6.823570649412072364e-02 6.936415640844273423e-02 6.998469623941634687e-02 7.003511375271510853e-02 6.950584354753944205e-02 6.841087968793806151e-02 6.679435913587521145e-02 6.472140586864295886e-02 6.224627856281420013e-02 5.945944754445555563e-02 5.642789773109518209e-02 5.319408194225883069e-02 4.988069038420676893e-02 4.644096695360450111e-02 4.304686344173962176e-02 3.965520827359950845e-02 3.630592272927677527e-02 3.299997548719688090e-02 2.978127044087084535e-02 2.661927954195003956e-02 2.353939972119089424e-02 2.052131632474811160e-02 1.757035254026040674e-02 1.467563873067133200e-02 1.181995043837540463e-02 9.012040012165994582e-03 6.306034190327135421e-03 4.031484068900265810e-02 7.052537466950417611e-02 7.445653398872585649e-02 7.810297143644133466e-02 8.136594867007243548e-02 8.404261824641713619e-02 8.598480850197304237e-02 8.708788882022588940e-02 8.722538905374221940e-02 8.638928888270928919e-02 8.462231695948381482e-02 8.203461564854327981e-02 7.878323641848540559e-02 7.497110473903770278e-02 7.081363018733793924e-02 6.640694434298105575e-02 6.192170099104434000e-02 5.739867374701353858e-02 5.293075712853344966e-02 4.853115185269649134e-02 4.428546491446825467e-02 4.019015053605901056e-02 3.622826939837328619e-02 3.241378373049667166e-02 2.870495059234863186e-02 2.508610313586638954e-02 2.153074102341957438e-02 1.803530863716602817e-02 1.444024997431793411e-02 1.080889090926152180e-02 7.027633317311062118e-03 2.979944162143249343e-03 9.589883274956146936e-05 2.981146266466553956e-04 1.855647728010667574e-03 3.668252733115610204e-03 6.152803208760593973e-03 8.088985370347866882e-03 9.770030997480864260e-03 1.130855853131574641e-02 1.266107959984004959e-02 1.380266366248657402e-02 1.472744148144369998e-02 1.544773609699146358e-02 1.597521519730927750e-02 1.631222534419890513e-02 1.646177288404862202e-02 1.642929516990055544e-02 1.619222506564054267e-02 1.571782400589274292e-02 1.487223445700932081e-02 1.401706541568257212e-02 1.297961720141178714e-02 1.175106193656535840e-02 1.040942289154988230e-02 9.017983437139826322e-03 7.574068910624886901e-03 6.081657272072260416e-03 4.567342871588268849e-03 3.057627668123617023e-03 1.537529950463215229e-03 -2.908118697663556493e-05 -1.623560721891658884e-03 -3.235544994606970055e-03
3.468942427365728082e-02 5.842805240965600472e-02 6.105588238032663706e-02 6.351981323569347304e-02 6.574393013974136335e-02 6.762614578672611343e-02 6.907436042745201954e-02 7.003511375271510853e-02 7.043265110827824638e-02 7.023369752893811324e-02 6.943799470326882106e-02 6.807785347256904707e-02 6.621141709480761472e-02 6.388889637850710124e-02 6.120196229307444530e-02 5.821898882059306501e-02 5.499372141022068616e-02 5.165306829906891189e-02 4.816244612999692754e-02 4.469866755852441170e-02 4.122236765832229533e-02 3.777785595557110743e-02 3.437039773780563301e-02 3.104167839119691477e-02 2.776623010321272594e-02 2.456796958356487551e-02 2.142486904891173841e-02 1.834747389500082995e-02 1.531853715805694439e-02 1.232013502408412647e-02 9.355092580807303909e-03 6.463765751342269439e-03 3.757819146379033637e-02 6.851307605831813419e-02 7.268004189160895412e-02 7.662216519774107948e-02 8.024501142717660462e-02 8.334216740191900674e-02 8.574967243470063560e-02 8.733416123745450788e-02 8.797431728424374986e-02 8.760721948701694073e-02 8.625052237770640395e-02 8.399498626105994514e-02 8.098949167755090106e-02 7.733462740826227422e-02 7.325067858650652353e-02 6.884379378448772513e-02 6.430193368596624770e-02 5.968296015709396996e-02 5.509812955371620746e-02 5.056385509125883859e-02 4.617566423330163317e-02 4.193489597063305985e-02 3.782854769999887540e-02 3.386846537416422082e-02 3.001518471524006540e-02 2.625034801461891693e-02 2.255265184906816989e-02 1.889667388966278019e-02 1.513836089485658988e-02 1.132355009421987489e-02 7.329780047616587906e-03 3.015205210568045174e-03 9.239972135612285937e-05 9.742551421068174858e-05 1.728013686183728576e-03 3.629703281927871422e-03 6.218089572320069369e-03 8.278272821426759659e-03 1.007827811860095152e-02 1.173814730895456938e-02 1.321428056069896134e-02 1.448074892735719960e-02 1.552944729782722820e-02 1.636811731065081210e-02 1.700444597867263943e-02 1.743855288731865211e-02 1.767082162816011742e-02 1.770300337523268361e-02 1.751187604603311743e-02 1.706714267357052617e-02 1.625366908200503308e-02 1.539728830485405722e-02 1.435214321678633838e-02 1.311417994166432649e-02 1.175698677721125074e-02 1.034049708444990771e-02 8.864098390088847451e-03 7.333386198081023703e-03 5.773624794834027359e-03 4.209449684037803487e-03 2.627832872458503964e-03 9.996015099475528531e-04 -6.494251048873327841e-04 -2.312032192842539569e-03
3.215598534019543236e-02 5.651115905419579200e-02 5.928924504181563165e-02 6.193396533449188612e-02 6.437311680993459961e-02 6.650549394516035162e-02 6.823462392135994092e-02 6.950584354753944205e-02 7.023369752893811324e-02 7.036886299988112659e-02 6.989410531126967474e-02 6.882500089296714196e-02 6.720708947412395995e-02 6.508175749731522075e-02 6.253732447909673975e-02 5.964297528532799125e-02 5.646229467945110270e-02 5.312657272357761140e-02 4.961432767453095166e-02 4.610600289757945530e-02 4.256773725680978310e-02 3.904857277316994141e-02 3.555819975658388449e-02 3.213774614833348614e-02 2.876587747721246272e-02 2.546547680633821573e-02 2.221488648028013477e-02 1.902553108310484423e-02 1.587735274433114963e-02 1.275085462480106575e-02 9.642662392958798942e-03 6.578540566589557298e-03 3.484352472438983356e-02 6.613911131786529007e-02 7.046967166553982920e-02 7.462918754814371058e-02 7.852971694017825410e-02 8.196607664739534449e-02 8.476976486552742496e-02 8.679559692164309781e-02 8.791319517320571320e-02 8.802668967598001326e-02 8.712269913799665366e-02 8.526267823860933515e-02 8.257628742657599497e-02 7.915233133934816701e-02 7.520976024094883083e-02 7.086178566553177904e-02 6.631273405759920136e-02 6.163866701894839956e-02 5.696999687241243587e-02 5.232795065333827739e-02 4.781914545563393376e-02 4.345140453884990817e-02 3.921667232746717940e-02 3.512666490120053969e-02 3.114412404832499551e-02 2.724910034755793214e-02 2.342064503824813765e-02 1.962334922680374766e-02 1.571979379235825813e-02 1.174035381646394705e-02 7.553910521797311574e-03 2.993197759472572897e-03 8.499279143010588769e-05 -1.217017260116633643e-04 1.570438162491154385e-03 3.546340394960204988e-03 6.221526373001149725e-03 8.389869002374041387e-03 1.029604114457198689e-02 1.206762722941474679e-02 1.366157016484202506e-02 1.505090535423291888e-02 1.622495033291512442e-02 1.718647218127179396e-02 1.793872945021408871e-02 1.847918939532158800e-02 1.880532155174642964e-02 1.891501173152900991e-02 1.878412023669989023e-02 1.838446983427041714e-02 1.761904911155869752e-02 1.677918485517181091e-02 1.574537632345098664e-02 1.451834448311398879e-02 1.316687175710354665e-02 1.174709408513776622e-02 1.026027684549292093e-02 8.713482868500519590e-03 7.130368302100187523e-03 5.533370439668702616e-03 3.911617666485011323e-03 2.243530941145651519e-03 5.621361744147192934e-04 -1.129594875205194382e-03
2.965907845913448582e-02 5.433093581150730961e-02 5.721084892729919047e-02 5.998457924433922561e-02 6.258465267625014372e-02 6.491261001400716601e-02 6.687312030954944975e-02 6.841087968793806151e-02 6.943799470326882106e-02 6.989410531126967474e-02 6.974687558593058168e-02 6.899302902462402243e-02 6.766026620897996890e-02 6.577531041931085343e-02 6.341862331820932730e-02 6.065715983401012007e-02 5.756267174085653859e-02 5.427014829272013008e-02 5.077160983666416383e-02 4.724945315699130566e-02 4.367680846351808255e-02 4.010776661947552946e-02 3.655658124653353436e-02 3.306565064070014770e-02 2.961689991316371687e-02 2.623283373968259002e-02 2.289301777728889806e-02 1.960856440100472095e-02 1.635783358020610756e-02 1.311957119130844132e-02 9.884067335975884119e-03 6.661844434223043038e-03 3.214525596515507150e-02 6.346067932517637789e-02 6.788475153957095054e-02 7.218401069970756256e-02 7.627866912998364224e-02 7.996830659312877121e-02 8.308753381273896454e-02 8.548635278429346507e-02 8.703361214144483826e-02 8.761129676952689183e-02 8.717819245816321727e-02 8.576181384692385667e-02 8.346186438802973007e-02 8.034351755163227082e-02 7.661683481454960309e-02 7.239667902113321174e-02 6.790136792633658103e-02 6.322482534700692158e-02 5.851634022916001043e-02 5.380292187846844737e-02 4.920319762817419035e-02 4.473306515811305978e-02 4.039056501283445899e-02 3.618954108575073852e-02 3.209504935489793098e-02 2.808671480828786246e-02 2.414295587574802684e-02 2.022242465147391227e-02 1.619200746033028909e-02 1.206759233878376518e-02 7.709710689337389948e-03 2.926029238685840753e-03 7.745173486866592017e-05 -3.532721368754948945e-04 1.384282587346401250e-03 3.415373633162378190e-03 6.156114361984759732e-03 8.411185465240439765e-03 1.040408583624251142e-02 1.227023236917823557e-02 1.396830543770210750e-02 1.547074251964451232e-02 1.676428410876440456e-02 1.784654242560891266e-02 1.871603325423458475e-02 1.936735312850450252e-02 1.979528260853637145e-02 1.999466094995266605e-02 1.994140981309447738e-02 1.960942111577575545e-02 1.891718990519666854e-02 1.811978836378595401e-02 1.712224957351896407e-02 1.593044103347274545e-02 1.460882719116315780e-02 1.320992121251487669e-02 1.173693176375956160e-02 1.019824022270286214e-02 8.615599239707002338e-03 7.008996869478784086e-03 5.369999001915661506e-03 3.685295451228382674e-03 1.995308596844692917e-03 2.989689455524576628e-04
2.722266065051517220e-02 5.193439909484089123e-02 5.487070840174865238e-02 5.772426905397374380e-02 6.043293671575627329e-02 6.290210302074028537e-02 6.504078052722438164e-02 6.679435913587521145e-02 6.807785347256904707e-02 6.882500089296714196e-02 6.899302902462402243e-02 6.856162691996306457e-02 6.753825751477801620e-02 6.592965292473405847e-02 6.380419409099458150e-02 6.122200467640404736e-02 5.826001584077424023e-02 5.505501073010116847e-02 5.161196204989115105e-02 4.811298715816540728e-02 4.453921299140668061e-02 4.094997279708808419e-02 3.736421137018473143e-02 3.382746239182076592e-02 3.032417814038531820e-02 2.687719690216703802e-02 2.346806193670984697e-02 2.010722816349417089e-02 1.677224282006439110e-02 1.344021971961168078e-02 1.009519934467461265e-02 6.732278316967139561e-03 2.950926625642831883e-02 6.053721363307650039e-02 6.499075552931685151e-02 6.935777071439701291e-02 7.356767279860389197e-02 7.742683493065875833e-02 8.077779540231407041e-02 8.347074433940293581e-02 8.538140238681417304e-02 8.637957587737089826e-02 8.640457544645589738e-02 8.545262551649714100e-02 8.358779892737164263e-02 8.083959273461353845e-02 7.740262635487447918e-02 7.338511527967160608e-02 6.901463597743605349e-02 6.440023092165139684e-02 5.970813905942084360e-02 5.497093416299105029e-02 5.031961643520285743e-02 4.577951907108571833e-02 4.135596468759301231e-02 3.706732029349444485e-02 3.288130381805170338e-02 2.877848228767171390e-02 2.473683615068178465e-02 2.071143953335969137e-02 1.657291962783839431e-02 1.232377965577958860e-02 7.816817792212186686e-03 2.835756583430818021e-03 7.114745720304892728e-05 -5.876804752063114054e-04 1.175317780890481776e-03 3.240004761385530032e-03 6.023000654504982905e-03 8.340591061060853920e-03 1.039731744264950353e-02 1.233662033732539631e-02 1.412016780483396801e-02 1.572020973912455211e-02 1.712099226006866606e-02 1.831510862061478881e-02 1.929650113900422195e-02 2.005721522356491981e-02 2.059015576123667673e-02 2.088865795832834521e-02 2.093049096019848274e-02 2.069174843177179479e-02 2.010264901247020564e-02 1.937799025569988606e-02 1.844468186791019954e-02 1.731419040125893247e-02 1.604760330067321952e-02 1.469433356593044006e-02 1.325966706086493391e-02 1.175302092005811420e-02 1.019385941390867946e-02 8.599586651630221346e-03 6.964699417962108910e-03 5.285123949033209735e-03 3.609456076857414999e-03 1.935505262173143996e-03
2.486953470334824987e-02 4.937308764638084074e-02 5.232472238159220634e-02 5.521323698698170357e-02 5.798207444418614770e-02 6.054093346900796951e-02 6.280497686552014014e-02 6.472140586864295886e-02 6.621141709480761472e-02 6.720708947412395995e-02 6.766026620897996890e-02 6.753825751477801620e-02 6.683162533577105546e-02 6.551900597455330433e-02 6.366197646778015695e-02 6.130462232950872198e-02 5.852460099748615918e-02 5.545680736938658761e-02 5.211737738566518674e-02 4.868521698174817225e-02 4.514971056380598369e-02 4.157538973483418387e-02 3.798597860123878456e-02 3.443182296098265538e-02 3.089931804724168132e-02 2.741286031533568882e-02 2.395614325692266289e-02 2.053933375047460597e-02 1.713985966609032907e-02 1.373357588253003476e-02 1.029862740771385343e-02 6.815117219430976737e-03 2.695998585707971851e-02 5.743201574829710776e-02 6.185886613523353117e-02 6.622980132158244604e-02 7.048400811749316874e-02 7.443546626294006430e-02 7.793742119998507689e-02 8.084381648930782926e-02 8.304196203927179110e-02 8.439755818407652932e-02 8.483928697470642655e-02 8.433983515071638570e-02 8.293453334336302329e-02 8.058970421513045324e-02 7.750851347402010205e-02 7.376961862923081537e-02 6.960306834737044201e-02 6.512671134174767562e-02 6.051985266621707354e-02 5.581871987159105902e-02 5.116620155372809259e-02 4.659795340915784401e-02 4.212767414442181862e-02 3.778055589946207465e-02 3.352760471233279249e-02 2.935189362348850084e-02 2.523172671797194525e-02 2.112056785728804245e-02 1.689304015347459914e-02 1.253969478377863801e-02 7.906592382637085692e-03 2.755452352225883691e-03 6.350284849605411454e-05 -8.124788929216394560e-04 9.555018199228830457e-04 3.033028483180441950e-03 5.835974903262826363e-03 8.192117776026413764e-03 1.028926674138406355e-02 1.227910820496570625e-02 1.412759150248887006e-02 1.580706011616240386e-02 1.729928740333210729e-02 1.859213183874331918e-02 1.967536890969153601e-02 2.053890256481042884e-02 2.117429172925460942e-02 2.157413146536739379e-02 2.171891411894268098e-02 2.158714380271551866e-02 2.111944815409199858e-02 2.048811235833923258e-02 1.964062376282693298e-02 1.859371871611805241e-02 1.740502874004615924e-02 1.612073475952385121e-02 1.474789168805804712e-02 1.329630925289006400e-02 1.178259374483469832e-02 1.022149898842088234e-02 8.611064599548703957e-03 6.957600486927963644e-03 5.319260425331710090e-03 3.699084923298141554e-03
2.260663382824755485e-02 4.668061560876499150e-02 4.961122798620783841e-02 5.249461537095096580e-02 5.527981582023615975e-02 5.788068334940198872e-02 6.021910693287216981e-02 6.224627856281420013e-02 6.388889637850710124e-02 6.508175749731522075e-02 6.577531041931085343e-02 6.592965292473405847e-02 6.551900597455330433e-02 6.451843965354663035e-02 6.295345011043997074e-02 6.086148686246103945e-02 5.831304008541132039e-02 5.543567305465448708e-02 5.225306200573858612e-02 4.893740481343561433e-02 4.548563402990921101e-02 4.196708822514468723e-02 3.841024892952975972e-02 3.487149517892230294e-02 3.133904259041751794e-02 2.783936330102311160e-02 2.435938561657323420e-02 2.090921111842655722e-02 1.746692690867280781e-02 1.400773615033512956e-02 1.050458280296492214e-02 6.923744206349112182e-03 2.450620959423718478e-02 5.419196369747564940e-02 5.854416172490177483e-02 6.286369479500004964e-02 6.709977964384342131e-02 7.107363968182416059e-02 7.464981898099705415e-02 7.769200321632400985e-02 8.009541545730297640e-02 8.173074813452639586e-02 8.252267205110079551e-02 8.242830333222654626e-02 8.144600061453488582e-02 7.955700181280271621e-02 7.687273674498654175e-02 7.348110323120553289e-02 6.959974704171632831e-02 6.534469433139372674e-02 6.090174230906207631e-02 5.630719905167811540e-02 5.171436518742458799e-02 4.716939319573513340e-02 4.269516841910638710e-02 3.832559861566316173e-02 3.403586065012380313e-02 2.981309071870979349e-02 2.563708776310181375e-02 2.146155826848127751e-02 1.716591493916360192e-02 1.273056769006633386e-02 7.996345108042542116e-03 2.705848093663128315e-03 4.958563595806968736e-05 -1.030643633656751776e-03 7.183744368326163343e-04 2.785615442111214791e-03 5.583544189486300963e-03 7.951260504326485012e-03 1.006219552835406310e-02 1.207680989543254840e-02 1.396699179404707093e-02 1.570560298461276885e-02 1.727211485621982928e-02 1.865019867617212501e-02 1.982611718464976150e-02 2.078807435887241109e-02 2.152640863786459829e-02 2.203271186015274066e-02 2.228984152452039708e-02 2.227860409576049028e-02 2.195117347942854291e-02 2.143511431004720136e-02 2.069879730775227300e-02 1.976291955979287210e-02 1.868046775750472482e-02 1.749373229676946112e-02 1.621107194326680545e-02 1.484205468359960089e-02 1.339998745561173099e-02 1.189712744295419108e-02 1.033574865500253015e-02 8.733691540364817152e-03 7.160475844899413800e-03 5.633337267375758232e-03
2.046888090955622033e-02 4.392436116024801135e-02 4.680247908801266760e-02 4.964569776308908750e-02 5.240865595670123056e-02 5.500889806772689405e-02 5.737644976129849250e-02 5.945944754445555563e-02 6.120196229307444530e-02 6.253732447909673975e-02 6.341862331820932730e-02 6.380419409099458150e-02 6.366197646778015695e-02 6.295345011043997074e-02 6.169344750943330652e-02 5.990012439374015757e-02 5.763072317826709035e-02 5.499756489629438472e-02 5.202756840199623811e-02 4.888224708055280421e-02 4.556428685193687766e-02 4.214702267879109898e-02 3.866350337326061870e-02 3.517652186655460811e-02 3.167637151568500342e-02 2.819228009501411822e-02 2.471505310404053385e-02 2.125532639687138445e-02 1.779267499947465372e-02 1.430241622522412590e-02 1.075313885441687989e-02 7.098829236009141126e-03 2.218456412172576178e-02 5.089370343077225661e-02 5.513142285753448030e-02 5.935296591423719348e-02 6.351797189300185942e-02 6.745400634546487584e-02 7.104006586625775943e-02 7.413266637079728161e-02 7.666336998883062359e-02 7.849641671627545503e-02 7.956023117423836888e-02 7.980622858952328424e-02 7.921896542236411820e-02 7.774917374738675446e-02 7.549440791957198749e-02 7.251264584880222352e-02 6.899980613292661102e-02 6.505371880911799132e-02 6.086080494390135737e-02 5.645233436884457973e-02 5.198956021295628865e-02 4.752843433364150466e-02 4.310137238967824691e-02 3.875207390173409511e-02 3.446100830963559625e-02 3.022081255712829109e-02 2.601409743381400894e-02 2.179667461220074695e-02 1.745388356550364381e-02 1.295802087056652924e-02 8.146407515076012698e-03 2.745762392149845264e-03 3.189894756455887299e-05 -1.220526807882720780e-03 4.904406782382518841e-04 2.529996490021153930e-03 5.302666175100678898e-03 7.658044134423824638e-03 9.757250751265284655e-03 1.177037946868132907e-02 1.367725354938912827e-02 1.545174754831138593e-02 1.707102608061881674e-02 1.851477080492333963e-02 1.976595515679319473e-02 2.081114976683941242e-02 2.163939113137976211e-02 2.224103826085598382e-02 2.260184951260375830e-02 2.270629907279091836e-02 2.252305364804047666e-02 2.212667052131777820e-02 2.151101453738624505e-02 2.070014713059929734e-02 1.974123464973255582e-02 1.867199552105990382e-02 1.750158836143789545e-02 1.623858175455414332e-02 1.489228825076224609e-02 1.347220345189163726e-02 1.198470953753177567e-02 1.045921380203547121e-02 8.977602939639749147e-03 7.579411332966220008e-03
1.845942053762206214e-02 4.113523339410497803e-02 4.393440060325150970e-02 4.670752923818790453e-02 4.941528745383229337e-02 5.197758106860763533e-02 5.433153141988215223e-02 5.642789773109518209e-02 5.821898882059306501e-02 5.964297528532799125e-02 6.065715983401012007e-02 6.122200467640404736e-02 6.130462232950872198e-02 6.086148686246103945e-02 5.990012439374015757e-02 5.842463978292340709e-02 5.646975467033327895e-02 5.412827198096362147e-02 5.142413510485611267e-02 4.850382468288130106e-02 4.537234272234159232e-02 4.210560899899172538e-02 3.874063594646857955e-02 3.534575171425247131e-02 3.191401329453749658e-02 2.847766892293919494e-02 2.503201972144529150e-02 2.158887221548600605e-02 1.813015186550687857e-02 1.463217581052827371e-02 1.106020958311891220e-02 7.357838347390763083e-03 2.000046671947759008e-02 4.757670664802002292e-02 5.166802127511745807e-02 5.575305735749539610e-02 5.980323314015764669e-02 6.364971858998487442e-02 6.718328032945385109e-02 7.026796001451632301e-02 7.284842434066214623e-02 7.479761223987649310e-02 7.605020754700869690e-02 7.655895791689316943e-02 7.630377845545072146e-02 7.522222632142289145e-02 7.339865491732899816e-02 7.086295601019428070e-02 6.779181609396736641e-02 6.423048129994703148e-02 6.037037560371040501e-02 5.622923178681873274e-02 5.197199671104239804e-02 4.766220108175209247e-02 4.334113335039194853e-02 3.906198337229535578e-02 3.481166207770051285e-02 3.058932129131667482e-02 2.638166810140577662e-02 2.214839017166403759e-02 1.778210258977243677e-02 1.324917882979016748e-02 8.385449386587624440e-03 2.905388965154583492e-03 1.421838657778265337e-05 -1.394694958625197594e-03 2.584969196975818581e-04 2.253613816171552448e-03 4.981631360646943119e-03 7.302322936417923217e-03 9.366320300175460037e-03 1.135393153130854170e-02 1.325442907325802278e-02 1.504279209761109903e-02 1.669372689303755264e-02 1.818322949541573488e-02 1.949143334673494182e-02 2.060353647348122166e-02 2.150720443183250924e-02 2.219107573140295664e-02 2.264615167272055959e-02 2.286403632341028197e-02 2.284471828022869092e-02 2.257033022181688733e-02 2.208033810367578814e-02 2.140434430815968750e-02 2.058294625010527110e-02 1.964870913730704105e-02 1.861121698457755477e-02 1.747751650839405105e-02 1.625240081719700469e-02 1.494224545596772868e-02 1.355674808057429070e-02 1.213566213181121317e-02 1.077299898665882126e-02 9.535484558843978359e-03
