3.376915457717843093e-03 2.642318452545267156e-03 2.560686355085782344e-03 2.463562662473196396e-03 2.374051412259459062e-03 2.281241227577458872e-03 2.191688181159712895e-03 2.094799513922477111e-03 2.009871645425854135e-03 1.900520236322961578e-03 1.799670175410470613e-03 1.702339608759570293e-03 1.604291240982054717e-03 1.509086343422154624e-03 1.408499775124705212e-03 1.295134159138051563e-03 1.210929622301863164e-03 1.120385960082103446e-03 1.028314664607356353e-03 9.444245797529635415e-04 8.673778019293341491e-04 7.881527650979772408e-04 6.813906755089126207e-04 6.054097516273073808e-04 5.007147722262611034e-04 4.362121383283292637e-04 3.712785189211629893e-04 3.239961135836429856e-04 2.376828275920941306e-04 1.868749808721307918e-04 1.083817172265258557e-04 5.424423153949417932e-05 3.376917206644281227e-03 2.621203150120450260e-03 2.537576971265172610e-03 2.416362269565228236e-03 2.327147738322175863e-03 2.228017691821153855e-03 2.132181085459033867e-03 2.032812714560967848e-03 1.942730364363158936e-03 1.829519571938181214e-03 1.725033311236635154e-03 1.625177710184728518e-03 1.529025258294501935e-03 1.432160626725595930e-03 1.333785958879844542e-03 1.225145972629357663e-03 1.151262646588043425e-03 1.065378803745938583e-03 9.848541202636031805e-04 9.170162162919039735e-04 8.414474935109664093e-04 7.880498042327975213e-04 6.959819116791867094e-04 6.153741169643834035e-04 5.134227732391008188e-04 4.791502701715591342e-04 4.213360272014792071e-04 3.505003782497525459e-04 3.014757314798279311e-04 2.635882457116682271e-04 1.592727324187104678e-04 1.150116061490501294e-04 5.797912766012326604e-04 8.205017607840064953e-04 9.379364681423873768e-04 9.872880117525464298e-04 1.040540217556118257e-03 1.089710608724124520e-03 1.191049139703046237e-03 1.241293237484440183e-03 1.249610169823262614e-03 1.262461739123745376e-03 1.271374493114774519e-03 1.269243932972634022e-03 1.232209141769440974e-03 1.174807591421734437e-03 1.182470042571214051e-03 1.160154023196400793e-03 1.154186488808646742e-03 1.104958852693636038e-03 1.061243453456858776e-03 1.006872541926888799e-03 9.480129622894061751e-04 8.870191374057534005e-04 8.259898745418069827e-04 7.681937674407445481e-04 7.145268930477883303e-04 6.653867148654962413e-04 6.213678049915751910e-04 5.801429171028838318e-04 5.387069433971033994e-04 5.378953090528552873e-04 5.140367978329386540e-04 5.642992869636563819e-04
2.642318452545267156e-03 1.277249652825490633e-02 1.332743664651875153e-02 1.389583259790534188e-02 1.437366552029815600e-02 1.471070026269276181e-02 1.498103158532030493e-02 1.513480538245831446e-02 1.520050646469957127e-02 1.513753835289276262e-02 1.499643104416540848e-02 1.474530695067894151e-02 1.443216953172543442e-02 1.401005552017167005e-02 1.354475496417867353e-02 1.293676345062134102e-02 1.232788806082882500e-02 1.165914997641276547e-02 1.095473938703007619e-02 1.019594378219293614e-02 9.406688095248355932e-03 8.622307802309821939e-03 7.795085630204952667e-03 6.980347814036918196e-03 6.125963801869174254e-03 5.332168799806171790e-03 4.534143394526447997e-03 3.810424713449534449e-03 2.991666559731853779e-03 2.259095107738810955e-03 1.517151906497229280e-03 7.773986247457465634e-04 2.642350478778115585e-03 1.305711356419941155e-02 1.358015866776785853e-02 1.413143195445818075e-02 1.460865797691437290e-02 1.491131005893541091e-02 1.513043205218103648e-02 1.521282939540249783e-02 1.520705918323431334e-02 1.506719774981275448e-02 1.484543567047913806e-02 1.450598702952870037e-02 1.411224063455356753e-02 1.360861081454810100e-02 1.306221853438467410e-02 1.238865418513061638e-02 1.172621321159738467e-02 1.099759246480037055e-02 1.024693069247820283e-02 9.458685140171219780e-03 8.638601940639001678e-03 7.845447153985194572e-03 6.973385976764581023e-03 6.125492456977872820e-03 5.249017712141411732e-03 4.452620569795050567e-03 3.632268836501993236e-03 2.844455475078204280e-03 2.038286882971426708e-03 1.276711104252778103e-03 4.156729202356259961e-04 -4.409338454957781143e-04 3.843964943424228015e-04 2.285637410639623952e-03 3.660521315136389987e-03 5.026062394877052475e-03 6.556679878699441487e-03 8.196203623690669418e-03 1.011125673279508579e-02 1.183606288794101548e-02 1.338089466878670912e-02 1.487224759898261167e-02 1.618748605653772682e-02 1.729887351101186757e-02 1.817073851552465993e-02 1.878808988095712756e-02 1.923541064568541278e-02 1.937865910146700094e-02 1.933967011589942178e-02 1.894750853860829171e-02 1.835965230170938378e-02 1.745774800215257883e-02 1.631596896096649055e-02 1.495875845609342079e-02 1.341290788537817004e-02 1.170674985590998765e-02 9.894146615753275989e-03 8.028672155430365345e-03 6.143993517771595934e-03 4.263349782013675648e-03 2.424370250691665254e-03 7.341620985693315254e-04 -7.987596544721404504e-04 -1.963683908566066054e-03
2.560686355085782344e-03 1.332743664651875153e-02 1.412063243407248210e-02 1.473250773246089461e-02 1.528329591622843396e-02 1.567712357016213739e-02 1.600304508492897404e-02 1.620028185826845324e-02 1.629923222189366694e-02 1.625955566006237821e-02 1.613206163848611083e-02 1.588583931259917106e-02 1.556986261564181559e-02 1.513408590373750348e-02 1.465042345520851420e-02 1.401095131042173238e-02 1.336681062083300633e-02 1.265627599268883199e-02 1.190551763810887044e-02 1.109584934765544748e-02 1.025084339837532832e-02 9.426682434168302469e-03 8.443019621043934553e-03 7.606141217270482278e-03 6.689371099371818445e-03 5.830689836153748681e-03 4.963879232640248246e-03 4.173142911559498368e-03 3.284123638479831409e-03 2.484501872602621741e-03 1.681034818636207738e-03 8.793655752270090453e-04 2.560715748654496769e-03 1.359713486304153611e-02 1.445357770794677976e-02 1.500599143931593063e-02 1.556042377615412566e-02 1.591677717090681649e-02 1.618673937853349828e-02 1.630542159625821691e-02 1.632615163124977870e-02 1.620202625689886808e-02 1.598604419742573682e-02 1.564331406223121515e-02 1.523870609836003483e-02 1.471364251050631504e-02 1.414092114716877270e-02 1.342924274397183475e-02 1.272508628177537217e-02 1.194877957818439584e-02 1.114647102331111847e-02 1.030164478452093128e-02 9.420423839733063284e-03 8.571316595312586384e-03 7.601792024872065789e-03 6.698995961964533327e-03 5.752430859545894747e-03 4.886589117971892014e-03 3.992733696114842898e-03 3.133494050741982354e-03 2.252629988971741656e-03 1.418594598442458801e-03 4.854451559344808071e-04 -4.490353771482880497e-04 3.689410438534381506e-04 2.240183346379218468e-03 3.677651581985029710e-03 5.121603409449029115e-03 6.750567619613969360e-03 8.497537871846967336e-03 1.057266331907092544e-02 1.242605504936369551e-02 1.407946668922601882e-02 1.568130922975576741e-02 1.709882127159066678e-02 1.830696159497912159e-02 1.927276830070131022e-02 1.998129752218146676e-02 2.051707548414261062e-02 2.074132649754685878e-02 2.077742123244257291e-02 2.043175611347189391e-02 1.986578078209088466e-02 1.894970587393863398e-02 1.776347271165335320e-02 1.633472618175373439e-02 1.469421907146088724e-02 1.287470554518419658e-02 1.093664231207087424e-02 8.939331026247897966e-03 6.919373272478484584e-03 4.901315212153981721e-03 2.924872835295047342e-03 1.103418136293210332e-03 -5.512542722316942636e-04 -1.814980765080921685e-03
2.463562662473196396e-03 1.389583259790534188e-02 1.473250773246089461e-02 1.546533337318432323e-02 1.608570977141445674e-02 1.653394340295356521e-02 1.692427984962865950e-02 1.717196685660100919e-02 1.731060166077864546e-02 1.730109112068396390e-02 1.719450461832534860e-02 1.695895966382797784e-02 1.664679809106199906e-02 1.620397432076119831e-02 1.570791316265968823e-02 1.504315681151104610e-02 1.436916871932686184e-02 1.362172582491444524e-02 1.282863778500558348e-02 1.197098820029383719e-02 1.106921479427994473e-02 1.018309766214634156e-02 9.176704341383158658e-03 8.261861255504696078e-03 7.278884189788165440e-03 6.357157943729757101e-03 5.424290081201173404e-03 4.569462906760825976e-03 3.612957564178460000e-03 2.747063185347083276e-03 1.881173787938831459e-03 1.014049711247954786e-03 2.463589726472778605e-03 1.419818529509318979e-02 1.505823092812285172e-02 1.583986910879855992e-02 1.641537085857442888e-02 1.681953720805368091e-02 1.714892072580726651e-02 1.731121663386522500e-02 1.736532262686587072e-02 1.726420231401361305e-02 1.706162643669008674e-02 1.672160387094468945e-02 1.631293518850113547e-02 1.577310552007792077e-02 1.518011473935109400e-02 1.443659836791012958e-02 1.369628780449573362e-02 1.287768302049270737e-02 1.202870539990110940e-02 1.113184131197189966e-02 1.019279642307552997e-02 9.284664572583893258e-03 8.261513455320780921e-03 7.290407385368655006e-03 6.275697855435425840e-03 5.344569692574725403e-03 4.381337980140483437e-03 3.454743648081796698e-03 2.502931097399978180e-03 1.598865761754572493e-03 5.940578643562640206e-04 -4.196533288201406871e-04 3.465396012452424328e-04 2.168544004138882927e-03 3.662109263646160656e-03 5.180734029096920393e-03 6.907922441893458824e-03 8.775076140248114914e-03 1.097881384512242216e-02 1.296073696735471417e-02 1.474454708255393612e-02 1.647846532429846772e-02 1.801960837529576961e-02 1.934088976672941954e-02 2.040672869817154733e-02 2.119787991665586166e-02 2.179604231350476540e-02 2.206058783555782041e-02 2.212411415032407291e-02 2.178209045040448502e-02 2.120877628521221359e-02 2.026694596865763823e-02 1.904110313167236071e-02 1.755883378593639174e-02 1.585086658202888160e-02 1.395025649003556710e-02 1.192029202350630354e-02 9.823237702630577273e-03 7.697050409715367088e-03 5.566855326913597649e-03 3.474130429838389461e-03 1.538655025577463425e-03 -2.248785058986365920e-04 -1.578410713708104695e-03
2.374051412259459062e-03 1.437366552029815600e-02 1.528329591622843396e-02 1.608570977141445674e-02 1.680612545857101958e-02 1.726340385317235229e-02 1.774174814249259574e-02 1.804967030161806069e-02 1.823569959149898972e-02 1.826460015160571299e-02 1.818733725679639451e-02 1.796968826770565034e-02 1.766923982860412606e-02 1.722726612162484711e-02 1.672640924601134782e-02 1.604279374876196526e-02 1.534538365841807764e-02 1.456684592937886567e-02 1.373652427351192487e-02 1.283594264482440517e-02 1.188257845858235393e-02 1.094424158328062210e-02 9.885138229126955167e-03 8.909692541577462002e-03 7.865478201035306857e-03 6.884882500983320955e-03 5.889149028842761285e-03 4.973294511838585903e-03 3.951927678235017671e-03 3.021080452590875574e-03 2.093578124390560805e-03 1.160609892656501397e-03 2.374076324901105723e-03 1.470949924407792195e-02 1.565081632030581107e-02 1.645521978169154839e-02 1.716519121969919612e-02 1.758018141601079207e-02 1.799763087743326204e-02 1.821644858069758691e-02 1.831407668196050401e-02 1.824626471541207495e-02 1.806735103757159400e-02 1.773897221949222169e-02 1.733570321052455357e-02 1.679037952425845373e-02 1.618591778495158742e-02 1.541817215257382592e-02 1.464889447993624610e-02 1.379449661891859330e-02 1.290446213384124560e-02 1.196055911286977511e-02 1.096818361670116003e-02 1.000638224791366299e-02 8.922224701483171330e-03 7.889486405208818998e-03 6.808818480571996595e-03 5.814597367141839841e-03 4.783335930819308454e-03 3.790572024454966129e-03 2.768651130101795668e-03 1.794702361909862121e-03 7.174109221369060364e-04 -3.768686768786889334e-04 3.327983433075630765e-04 2.046820939254883048e-03 3.576686223522461319e-03 5.150960772698290335e-03 6.956755640129714223e-03 8.922694647667876039e-03 1.124788859071859659e-02 1.334352958969389248e-02 1.524052455537527190e-02 1.709419540519192121e-02 1.875117370093639865e-02 2.018277409675776901e-02 2.135143241840030057e-02 2.223453918747587271e-02 2.291116569406682901e-02 2.323871840978601611e-02 2.335607024840268345e-02 2.304394049083982599e-02 2.248590619555636272e-02 2.153575912216387084e-02 2.028213402954672992e-02 1.875331168444891589e-02 1.698138413082676129e-02 1.500132071110837212e-02 1.288072310350292342e-02 1.068606210739067239e-02 8.457454600328730837e-03 6.220739128910414764e-03 4.018688244226718137e-03 1.976984679879835796e-03 1.117290895075690138e-04 -1.325663100008887601e-03
2.281241227577458872e-03 1.471070026269276181e-02 1.567712357016213739e-02 1.653394340295356521e-02 1.726340385317235229e-02 1.803670081699440195e-02 1.847356154358848965e-02 1.882991716829354387e-02 1.906297469170623038e-02 1.913655275355556976e-02 1.909743976248620689e-02 1.890683175051536408e-02 1.862895626449938627e-02 1.819942909840641110e-02 1.770526679002349529e-02 1.701478081478158960e-02 1.630569735596487657e-02 1.550797319196417848e-02 1.465254557870773224e-02 1.372166093428375637e-02 1.273012342464708430e-02 1.175356474287215895e-02 1.065069273073207014e-02 9.626470168243306258e-03 8.527775826270346873e-03 7.491761215021690117e-03 6.433131875050044496e-03 5.456537737559680884e-03 4.368939161521526691e-03 3.372085349125380008e-03 2.382510695011454214e-03 1.383838192329217304e-03 2.281264071707048580e-03 1.506817411940273091e-02 1.606940034118788801e-02 1.692564924199637874e-02 1.764894034916099710e-02 1.838454053749530304e-02 1.875915430481150253e-02 1.902168939512395573e-02 1.916204557169852787e-02 1.913331063760325898e-02 1.898625295905513946e-02 1.867794325694412463e-02 1.829006163671292873e-02 1.774978808882717030e-02 1.714421531201320778e-02 1.636298050277151458e-02 1.557496881468486624e-02 1.469503626885013126e-02 1.377404338549598900e-02 1.279307291202121284e-02 1.175765080298760840e-02 1.075247762434972977e-02 9.616348473063500088e-03 8.531976663024973609e-03 7.393436060422186977e-03 6.343456681803565783e-03 5.250159743070322189e-03 4.197161185829035787e-03 3.109857622434519450e-03 2.070986954282162760e-03 9.257062144646171706e-04 -2.431061693447317457e-04 3.177702148398557462e-04 1.918162585957600532e-03 3.469296912339239931e-03 5.086410362500497044e-03 6.959070297994278051e-03 9.014177776622459004e-03 1.145397315256315753e-02 1.365920758556457039e-02 1.566970920590368688e-02 1.764715580494892119e-02 1.942683570642976185e-02 2.097719239153827617e-02 2.225766475741312173e-02 2.324233434413763844e-02 2.400738264235523917e-02 2.441028675387495184e-02 2.459567947681199490e-02 2.433072496954177821e-02 2.380790473809054134e-02 2.287301995011983835e-02 2.161896808605670572e-02 2.007480855529233249e-02 1.827349044591717458e-02 1.625073259587368063e-02 1.407697080305330556e-02 1.182179883849326929e-02 9.527092709227899525e-03 7.219477868041286606e-03 4.943371719108194222e-03 2.831205093696330475e-03 9.014093644748804408e-04 -5.790159655839814765e-04
2.191688181159712895e-03 1.498103158532030493e-02 1.600304508492897404e-02 1.692427984962865950e-02 1.774174814249259574e-02 1.847356154358848965e-02 1.907190830728731912e-02 1.946715973027033156e-02 1.975703947183899550e-02 1.988750721094485405e-02 1.989718460048619381e-02 1.974145921593125144e-02 1.949472375826216686e-02 1.908586454997148601e-02 1.860570442530904908e-02 1.791490925172496002e-02 1.719974258250876048e-02 1.638741210520671884e-02 1.550991859188103131e-02 1.455073028275411309e-02 1.352148372802581752e-02 1.250551805818763025e-02 1.135712404697994220e-02 1.028451811643314208e-02 9.134034803124484528e-03 8.050461239793589574e-03 6.932968608644799781e-03 5.920691981573269341e-03 4.764045062101967404e-03 3.705283584348836867e-03 2.656860877524054327e-03 1.593808454512431541e-03 2.191709140854971368e-03 1.535886017840233306e-02 1.641976176051841707e-02 1.734260325766983843e-02 1.816000241768194606e-02 1.885681132450849756e-02 1.939742900528111311e-02 1.969128812624270503e-02 1.988721643125872240e-02 1.991203463485645073e-02 1.980934122821404950e-02 1.953072372795864806e-02 1.916832686901400948e-02 1.864259000719006854e-02 1.804435275298966676e-02 1.725730648804969097e-02 1.645714711232414834e-02 1.555757014472364252e-02 1.461041108552572215e-02 1.359635338612007714e-02 1.252099811132922035e-02 1.147409644452872073e-02 1.028760459904382203e-02 9.152759328888223841e-03 7.957632361590182349e-03 6.854260786890972561e-03 5.699582475031398678e-03 4.597317078669766084e-03 3.441372660828500695e-03 2.337695719564308189e-03 1.123645288988323011e-03 -1.224002858689292436e-04 3.088299121649543491e-04 1.731229720750411538e-03 3.283447156577722244e-03 4.921406621349171465e-03 6.835989375142225224e-03 8.951736297986163590e-03 1.147609146103950942e-02 1.376045886626175128e-02 1.585454413946141630e-02 1.792888978786140800e-02 1.980922052285169488e-02 2.146191194986402095e-02 2.284308100937629260e-02 2.392277413581161971e-02 2.477337094071829088e-02 2.525234547430586785e-02 2.550958527839803161e-02 2.529820064127575804e-02 2.481924077211131868e-02 2.391025502240583245e-02 2.266817142492530412e-02 2.112254479820108166e-02 1.930663813231412243e-02 1.725597407770083913e-02 1.504273277729108356e-02 1.273868542765637171e-02 1.038669957707062316e-02 8.013430886376831513e-03 5.664080337915498690e-03 3.477082363166918676e-03 1.470884804837441912e-03 -7.344324863382629064e-05
2.094799513922477111e-03 1.513480538245831446e-02 1.620028185826845324e-02 1.717196685660100919e-02 1.804967030161806069e-02 1.882991716829354387e-02 1.946715973027033156e-02 1.996642844097069880e-02 2.029936603867868797e-02 2.050303191258420407e-02 2.057364039611752488e-02 2.046128350808597285e-02 2.025662044481075022e-02 1.987964254965184085e-02 1.942418413935388666e-02 1.874333796331240434e-02 1.803167639409033324e-02 1.721385034445869697e-02 1.632267644195306913e-02 1.534324457925530065e-02 1.428410285866647984e-02 1.323208088121263955e-02 1.205115709421003892e-02 1.093728953857376479e-02 9.746116678981635653e-03 8.601242855070381083e-03 7.443472719664012867e-03 6.345886250813379849e-03 5.153250880669878013e-03 4.038981581245958997e-03 2.935262656187562300e-03 1.810596740858641182e-03 2.094818654600720878e-03 1.552603730528549428e-02 1.663390334625331965e-02 1.760980671785792803e-02 1.849251736655922393e-02 1.924054385634349496e-02 1.981627618800900492e-02 2.022962531062156774e-02 2.046164427739654082e-02 2.055678919764375098e-02 2.051098395915575481e-02 2.027121962382621989e-02 1.994578733638724052e-02 1.944605409790564968e-02 1.886595237155709939e-02 1.808342841312071334e-02 1.728047985361993999e-02 1.637012901036757548e-02 1.540481396170837597e-02 1.436495847883687178e-02 1.325664287797521761e-02 1.216990294745142441e-02 1.094544360091672178e-02 9.765503130019068459e-03 8.520011302920155183e-03 7.365759153181830436e-03 6.158857643368783816e-03 4.983990684734322836e-03 3.778155024927701017e-03 2.614951904022110550e-03 1.336343041713822103e-03 1.650597748628152483e-05 3.186772552920552485e-04 1.578587211293073318e-03 3.117940311094812272e-03 4.762451171024955493e-03 6.702988260334953249e-03 8.859954510378357379e-03 1.144939646953435815e-02 1.379483732219521745e-02 1.595246323166565547e-02 1.810218317063510760e-02 2.006075554297252067e-02 2.179381684813177719e-02 2.325616708958997900e-02 2.441625967861380669e-02 2.534381514967502108e-02 2.589783582634915329e-02 2.623246645753971734e-02 2.608647768049444926e-02 2.566802361246056999e-02 2.480572293684959670e-02 2.359965044516131039e-02 2.207923454029764310e-02 2.027744241579832601e-02 1.822884509730286762e-02 1.600660963885146976e-02 1.368406835680296453e-02 1.130464115821784056e-02 8.894712009983452364e-03 6.500112668806218470e-03 4.265550334692330171e-03 2.209161369108342265e-03 6.274685628132645838e-04
2.009871645425854135e-03 1.520050646469957127e-02 1.629923222189366694e-02 1.731060166077864546e-02 1.823569959149898972e-02 1.906297469170623038e-02 1.975703947183899550e-02 2.029936603867868797e-02 2.085904314214027944e-02 2.103746477055192313e-02 2.117530747963693172e-02 2.110991315359238979e-02 2.095809187339977772e-02 2.062510869586680479e-02 2.020644762106021605e-02 1.954723124690154953e-02 1.885004366367636075e-02 1.803708642755060682e-02 1.714157915395015178e-02 1.615062721053156167e-02 1.507049487538707558e-02 1.400780959749482399e-02 1.277464465132219402e-02 1.162541009065098940e-02 1.039129480398066040e-02 9.213826485902477589e-03 8.003451284694420784e-03 6.859020300376325770e-03 5.611082331413727933e-03 4.441147032388509733e-03 3.282252567736259740e-03 2.096538467206210572e-03 2.009889048268425661e-03 1.560069799573976512e-02 1.674525062405902293e-02 1.776408811221862755e-02 1.869990826959345293e-02 1.950001571978339163e-02 2.013792208841824055e-02 2.059099644094616530e-02 2.105389575313231301e-02 2.112520507466322459e-02 2.114333450801781505e-02 2.094762279341409392e-02 2.067139538630865733e-02 2.021066066256798147e-02 1.966136295811063764e-02 1.889560674468925006e-02 1.810103486541294812e-02 1.719051642488273954e-02 1.621661213195118439e-02 1.515971006229251301e-02 1.402790256639324315e-02 1.292747151957460844e-02 1.164498128526856788e-02 1.042710738424941150e-02 9.136018975350448934e-03 7.938530557095578935e-03 6.678862029358047063e-03 5.453447351215863839e-03 4.189831343035564128e-03 2.968616560999645486e-03 1.628209047753032251e-03 2.360897282051492390e-04 1.461603428913757713e-04 1.443885891489302088e-03 2.963729737174529335e-03 4.608241584173363228e-03 6.565717881519559165e-03 8.749970303089726203e-03 1.139107883802028924e-02 1.378757731817319317e-02 1.599890878306764463e-02 1.821652862943189816e-02 2.024909399889419925e-02 2.206161007730032472e-02 2.360717714060766789e-02 2.485242499177814715e-02 2.586316350212084295e-02 2.650006506851827759e-02 2.691994316671086213e-02 2.684767895090130890e-02 2.649791751264741688e-02 2.569082609561011352e-02 2.452977927783921153e-02 2.304456852176572229e-02 2.126841879866840299e-02 1.923519697065711673e-02 1.701901731234476550e-02 1.469441606372163915e-02 1.230478593760957196e-02 9.875584330146593842e-03 7.452668655223454452e-03 5.186659989584578925e-03 3.094423864932877716e-03 1.489035296681808342e-03
1.900520236322961578e-03 1.513753835289276262e-02 1.625955566006237821e-02 1.730109112068396390e-02 1.826460015160571299e-02 1.913655275355556976e-02 1.988750721094485405e-02 2.050303191258420407e-02 2.103746477055192313e-02 2.136931118825050741e-02 2.160695464509280669e-02 2.158629834610993267e-02 2.150052914934590109e-02 2.122575185307491383e-02 2.085820366812683388e-02 2.023418706549320531e-02 1.956435306766745805e-02 1.876855729261558275e-02 1.787975107005531153e-02 1.688747164284792185e-02 1.579450299335514660e-02 1.471511600097269098e-02 1.346035289713769754e-02 1.228296564284473563e-02 1.101509502401314469e-02 9.803732198475292522e-03 8.550034688395711721e-03 7.360642996925906116e-03 6.064311294688018092e-03 4.844058364912816154e-03 3.633044075015389503e-03 2.388410280129575885e-03 1.900535956882296344e-03 1.554138609496445028e-02 1.671205620547272161e-02 1.776411133558988137e-02 1.874387227721211607e-02 1.959434079532185874e-02 2.029517296493855982e-02 2.082594263681602706e-02 2.126913722395710679e-02 2.149486660392279508e-02 2.160337624862006256e-02 2.145177585997954522e-02 2.124038590207553631e-02 2.083381403070498974e-02 2.032990604491952125e-02 1.959473653208017654e-02 1.882111468972217511e-02 1.792241215129162721e-02 1.695059844265481980e-02 1.588614678390082996e-02 1.474071477895147475e-02 1.361751848016195740e-02 1.230859991308006288e-02 1.105889591614627430e-02 9.730687636342251479e-03 8.495670549073953276e-03 7.190612260445474954e-03 5.919246386731739050e-03 4.605145769971183758e-03 3.332260673788661667e-03 1.937651997968522144e-03 4.776652287403553802e-04 2.060464649503312594e-04 1.224914635544488038e-03 2.689917011267557202e-03 4.301737427035429509e-03 6.243887921538988396e-03 8.421186717322044421e-03 1.108355425319295685e-02 1.350539880737143365e-02 1.574550459714088579e-02 1.800952047855845783e-02 2.009881410577915931e-02 2.197842082502041855e-02 2.360022451937415430e-02 2.492953974841590967e-02 2.602766544816449007e-02 2.675685302836335391e-02 2.727554766278348850e-02 2.729548023894488515e-02 2.703827369422648341e-02 2.631676170723449421e-02 2.523748101508565059e-02 2.382904085190159366e-02 2.212207406701659218e-02 2.014663812868179929e-02 1.797574847720318642e-02 1.568433565309955771e-02 1.331562504743529808e-02 1.089423360006791866e-02 8.466029594263712807e-03 6.187370723975251473e-03 4.072530944608049319e-03 2.452990533678759549e-03
1.799670175410470613e-03 1.499643104416540848e-02 1.613206163848611083e-02 1.719450461832534860e-02 1.818733725679639451e-02 1.909743976248620689e-02 1.989718460048619381e-02 2.057364039611752488e-02 2.117530747963693172e-02 2.160695464509280669e-02 2.222373022530959447e-02 2.191525771904002939e-02 2.192633176549772106e-02 2.172692910133895358e-02 2.142615037498502017e-02 2.085128757563213878e-02 2.022171491830313320e-02 1.945508612593233738e-02 1.858313455794755389e-02 1.759780792576136690e-02 1.651702411904740556e-02 1.541807139594117589e-02 1.414351498441033909e-02 1.294539825243905956e-02 1.164909940943103205e-02 1.040780754659941659e-02 9.115253173174223469e-03 7.883530665201182036e-03 6.542735717069849723e-03 5.276353012062332155e-03 4.015608073097321103e-03 2.714212903043019837e-03 1.799684274284159584e-03 1.540317972266597689e-02 1.658981454588480051e-02 1.766577226680655574e-02 1.868043388101366456e-02 1.957541932734309376e-02 2.033211191574963578e-02 2.093019271585939978e-02 2.144507570194288323e-02 2.176515075784473188e-02 2.228571613074761815e-02 2.181402078739968359e-02 2.170347488116212281e-02 2.137059734716976328e-02 2.092886206695016016e-02 2.023940077681793751e-02 1.949994814412269600e-02 1.862535389604064520e-02 1.766614494528724252e-02 1.660353724848177837e-02 1.543707311945052840e-02 1.431354549341087683e-02 1.298087390328677218e-02 1.170483892430152981e-02 1.034510794217272794e-02 9.075961515003831692e-03 7.728854648533266432e-03 6.413780157770804236e-03 5.051901674598510868e-03 3.729903868668918605e-03 2.285585348908464320e-03 7.594353162270784134e-04 1.783917369110690244e-04 1.061974149893001040e-03 2.442403716264291910e-03 3.987904106889710205e-03 5.883514516472653985e-03 8.026122025916095776e-03 1.069074403937391241e-02 1.312421989864833403e-02 1.537910029576785957e-02 1.767797384065754665e-02 1.981508665604870059e-02 2.175568083732644376e-02 2.345053625701248520e-02 2.486416407287600841e-02 2.605282302334840233e-02 2.688066517660574542e-02 2.750603883738807556e-02 2.762720312427777852e-02 2.747073074611801335e-02 2.684164567454313394e-02 2.584883937401004361e-02 2.452051492189036286e-02 2.288663607146322956e-02 2.097539402874493489e-02 1.886003869642045513e-02 1.661606660222135490e-02 1.428573623054374409e-02 1.189154552373701719e-02 9.477671090416179764e-03 7.203787081977603216e-03 5.079232105042166302e-03 3.458281400004958525e-03
1.702339608759570293e-03 1.474530695067894151e-02 1.588583931259917106e-02 1.695895966382797784e-02 1.796968826770565034e-02 1.890683175051536408e-02 1.974145921593125144e-02 2.046128350808597285e-02 2.110991315359238979e-02 2.158629834610993267e-02 2.191525771904002939e-02 2.221767952821792486e-02 2.225647684062821707e-02 2.213017303848418410e-02 2.190437050177246325e-02 2.138824012865329915e-02 2.080990561420306695e-02 2.008397301525989206e-02 1.923913339118991234e-02 1.827121000566632111e-02 1.718857755309615917e-02 1.609792791612455615e-02 1.480909803168017902e-02 1.360217814096185453e-02 1.228362375072684747e-02 1.101823851045970887e-02 9.692345503535900256e-03 8.422643848878228617e-03 7.042611109341692655e-03 5.735204461644149813e-03 4.428278044445658861e-03 3.072660902104166168e-03 1.702352026293981390e-03 1.514220447474037140e-02 1.633552922582648739e-02 1.742457713664426894e-02 1.846192922816681375e-02 1.939014882736021447e-02 2.018920015559596756e-02 2.083873655858783230e-02 2.140836958925061706e-02 2.178025221847409293e-02 2.198405474138529631e-02 2.216827194046143770e-02 2.207620261623659610e-02 2.181242016631199099e-02 2.144013951140372534e-02 2.080677015743955319e-02 2.011244363793647169e-02 1.927358156646368989e-02 1.833704282074208325e-02 1.728442587591539140e-02 1.612993424630689010e-02 1.499606324666326145e-02 1.364547825417422415e-02 1.235066259710879306e-02 1.096700522667936988e-02 9.669889741860651991e-03 8.286403822729030214e-03 6.932597701245902903e-03 5.528138089945016861e-03 4.161277237829794605e-03 2.672904682786006805e-03 1.079756372874571138e-03 1.634243407504985227e-04 7.968093701010328222e-04 2.120896704455119391e-03 3.621204047854229089e-03 5.477096489505267791e-03 7.575833163095175952e-03 1.023131319027002946e-02 1.265895654266634834e-02 1.490244422743378094e-02 1.720966728186956035e-02 1.936843074738718237e-02 2.134485602063641851e-02 2.308929910865804153e-02 2.456643085227086867e-02 2.582855013819350398e-02 2.674226494664825801e-02 2.746678333913816702e-02 2.768661239525034221e-02 2.763363052713178544e-02 2.710469971503400369e-02 2.621070410515803986e-02 2.497888804561652909e-02 2.343799674376144046e-02 2.161371642538497187e-02 1.957941114536632110e-02 1.741101999564675235e-02 1.514912425333847165e-02 1.281228799961525722e-02 1.043808089565148936e-02 8.178596907703249153e-03 6.032348512271345012e-03 4.400399095865170120e-03
1.604291240982054717e-03 1.443216953172543442e-02 1.556986261564181559e-02 1.664679809106199906e-02 1.766923982860412606e-02 1.862895626449938627e-02 1.949472375826216686e-02 2.025662044481075022e-02 2.095809187339977772e-02 2.150052914934590109e-02 2.192633176549772106e-02 2.225647684062821707e-02 2.248539924774682966e-02 2.239778860515936540e-02 2.227437823140847664e-02 2.183763528281264243e-02 2.133049523344493145e-02 2.066407708473196742e-02 1.986174732254777919e-02 1.892342918001147997e-02 1.785993477045358727e-02 1.678001371084047663e-02 1.547129582635120397e-02 1.429390105814332644e-02 1.295421552167081401e-02 1.166950881571861796e-02 1.031538754003057806e-02 9.011867775399366037e-03 7.597213598647792158e-03 6.253404061213578211e-03 4.903902535263689189e-03 3.497869810746598567e-03 1.604302228673171486e-03 1.481968700025584548e-02 1.601179151135821710e-02 1.710730252065988805e-02 1.816143934943025007e-02 1.911918403397874430e-02 1.995798370489717394e-02 2.065957522699652521e-02 2.129239100147110875e-02 2.174126144977037156e-02 2.205487458301606460e-02 2.226256178358643895e-02 2.235090439985760666e-02 2.213734903270245941e-02 2.186235784942251389e-02 2.130858764967200406e-02 2.067983205415748968e-02 1.989621554898706943e-02 1.899846000502152660e-02 1.796900824899115220e-02 1.683075842100999545e-02 1.570393538746407691e-02 1.434231225133410052e-02 1.304199034245178204e-02 1.164091220046814708e-02 1.032153712563712092e-02 8.907370714326999853e-03 7.519622152895107277e-03 6.077378373600525983e-03 4.670633675870844957e-03 3.144898659048343814e-03 1.490762276448798825e-03 1.350793236204300945e-04 6.436972335840293298e-04 1.910048495213028915e-03 3.356127416577424447e-03 5.158711480858100586e-03 7.194888744260340835e-03 9.839579465808025172e-03 1.225796877289354707e-02 1.447395701338835550e-02 1.677532201199869594e-02 1.894239918319281721e-02 2.094184021384525030e-02 2.272338016883670292e-02 2.425258062701204226e-02 2.557766968200468963e-02 2.656912690369742439e-02 2.738647561215864362e-02 2.770001668316852961e-02 2.774545804284277856e-02 2.731072154699290544e-02 2.650646383829737690e-02 2.535740626677733534e-02 2.389089256224736363e-02 2.213128363716882971e-02 2.015379391488845984e-02 1.803546346453836421e-02 1.581585640153655020e-02 1.351664069859134613e-02 1.119843173881942405e-02 9.078156837140213473e-03 7.160417000937505799e-03 5.724821033551310764e-03
1.509086343422154624e-03 1.401005552017167005e-02 1.513408590373750348e-02 1.620397432076119831e-02 1.722726612162484711e-02 1.819942909840641110e-02 1.908586454997148601e-02 1.987964254965184085e-02 2.062510869586680479e-02 2.122575185307491383e-02 2.172692910133895358e-02 2.213017303848418410e-02 2.239778860515936540e-02 2.261533133804163528e-02 2.249226071540353158e-02 2.214625215238536296e-02 2.173113539558645113e-02 2.114742196812071165e-02 2.040816383419006771e-02 1.951877329283245588e-02 1.849822178473909534e-02 1.745778858588457189e-02 1.623126751980351681e-02 1.491552672414725965e-02 1.360508500314675483e-02 1.232192824153404559e-02 1.095471364487550503e-02 9.629404852813053944e-03 8.191377937160069719e-03 6.820912839109664720e-03 5.436488877444470985e-03 3.984798388439226430e-03 1.509095840644120298e-03 1.438492770442934693e-02 1.556372575127761351e-02 1.665366276551750666e-02 1.771222397848959407e-02 1.868816686000066701e-02 1.955519305171128305e-02 2.029805385523989619e-02 2.098467835747590271e-02 2.150171386329728304e-02 2.190119224999452843e-02 2.218715133673409071e-02 2.233036908742230819e-02 2.238910275664536889e-02 2.212573000425129000e-02 2.166919940406841077e-02 2.112552721302585201e-02 2.041945210440061428e-02 1.957960331475670085e-02 1.858964486977793956e-02 1.748506017105161056e-02 1.638327932655935654e-02 1.503937469235471468e-02 1.371538594817309741e-02 1.231570089021659029e-02 1.098704485976455779e-02 9.554065970071298070e-03 8.143110244547190069e-03 6.673697229674977090e-03 5.237321851254764238e-03 3.684907311599363352e-03 1.978408363011350223e-03 6.593725960791132893e-05 3.723955049707525244e-04 1.572291237797004493e-03 2.939580355715855874e-03 4.654914117748505838e-03 6.576965558664655924e-03 9.220615679319383445e-03 1.163089779344152891e-02 1.377806672593401977e-02 1.604273380031439808e-02 1.819283676864083543e-02 2.019480212750048367e-02 2.199783416661079891e-02 2.356935786727417173e-02 2.495406116321990247e-02 2.602768187775687109e-02 2.695374059625557650e-02 2.738295866110929816e-02 2.755858890108253342e-02 2.726251834054929657e-02 2.660761000129509279e-02 2.561741481731621278e-02 2.431543528393659975e-02 2.271762024173433134e-02 2.089406882722914111e-02 1.891983965476218971e-02 1.683244860042810292e-02 1.464942607515256311e-02 1.242098399638039488e-02 1.034428727286617819e-02 8.405615387228067281e-03 6.962978372612028781e-03
1.408499775124705212e-03 1.354475496417867353e-02 1.465042345520851420e-02 1.570791316265968823e-02 1.672640924601134782e-02 1.770526679002349529e-02 1.860570442530904908e-02 1.942418413935388666e-02 2.020644762106021605e-02 2.085820366812683388e-02 2.142615037498502017e-02 2.190437050177246325e-02 2.227437823140847664e-02 2.249226071540353158e-02 2.300116448849027356e-02 2.233922429232708742e-02 2.204676517667155181e-02 2.157368359598033775e-02 2.091737471475545174e-02 2.009160454273668447e-02 1.912848880560473475e-02 1.813038933404219691e-02 1.690315556047037107e-02 1.566083542893630456e-02 1.434993684298876450e-02 1.306928126699843581e-02 1.169572187127229483e-02 1.035754638089741650e-02 8.908599301664328618e-03 7.528068745957470012e-03 6.133665135701502936e-03 4.682667275574245447e-03 1.408507880796303112e-03 1.390519949903501473e-02 1.506552202519590919e-02 1.614411685709120706e-02 1.720089233571954826e-02 1.818894354965397073e-02 1.907725739326510128e-02 1.985429520068314815e-02 2.058772866556609488e-02 2.116610568131752773e-02 2.164293117872119129e-02 2.201167399654662543e-02 2.226208251557220200e-02 2.233855908352896935e-02 2.266677433971926725e-02 2.195206167434117159e-02 2.151462982029454796e-02 2.091326713889416974e-02 2.015195713154506116e-02 1.921712988361050714e-02 1.816333337573192847e-02 1.709963345498483056e-02 1.576953279114254661e-02 1.446744867021368744e-02 1.307211785305192712e-02 1.174162715761690838e-02 1.029820304493129536e-02 8.872312317477053581e-03 7.385187160487655805e-03 5.930708761290657063e-03 4.367454670102360534e-03 2.635295129840598948e-03 1.853237960771850353e-04 1.864147593184223555e-04 1.315255140343761552e-03 2.574577374610694230e-03 4.125274740413197722e-03 5.628365243264264392e-03 8.819926408527084191e-03 1.163306226497233878e-02 1.351523616147778765e-02 1.566389940882103107e-02 1.774764739397638805e-02 1.971201779222293837e-02 2.149793798042144710e-02 2.307071949585359077e-02 2.446715606146154798e-02 2.557719262280250261e-02 2.670783254595065354e-02 2.722210181178200822e-02 2.748672485584658515e-02 2.728557815161306369e-02 2.673866428119204761e-02 2.586526978087845888e-02 2.468522792695751131e-02 2.320966675629506509e-02 2.150829421136701836e-02 1.965619964820936039e-02 1.768802630179321794e-02 1.561724327783771404e-02 1.349093217116316412e-02 1.150706477292809046e-02 9.634843318473550189e-03 8.257684429295801543e-03
1.295134159138051563e-03 1.293676345062134102e-02 1.401095131042173238e-02 1.504315681151104610e-02 1.604279374876196526e-02 1.701478081478158960e-02 1.791490925172496002e-02 1.874333796331240434e-02 1.954723124690154953e-02 2.023418706549320531e-02 2.085128757563213878e-02 2.138824012865329915e-02 2.183763528281264243e-02 2.214625215238536296e-02 2.233922429232708742e-02 2.243976811512945688e-02 2.210339857970590113e-02 2.176344458011017155e-02 2.120485998605175365e-02 2.045777244938708217e-02 1.957523302837270093e-02 1.864185436991194073e-02 1.745152640933587615e-02 1.624942315713959889e-02 1.496031427256595304e-02 1.369523107070284851e-02 1.232526326092648478e-02 1.098087596958503484e-02 9.525105766423519124e-03 8.132651782235388732e-03 6.716291189217920080e-03 5.229735417760381956e-03 1.295140829774610097e-03 1.327878920919855869e-02 1.440682896025821148e-02 1.546101469370168326e-02 1.650028487092398619e-02 1.748571738522759419e-02 1.837996081495589865e-02 1.917587545104046387e-02 1.994075730314986278e-02 2.056506927853650468e-02 2.110317190479059357e-02 2.154299734118636511e-02 2.188599216067403999e-02 2.207059846528947739e-02 2.214665821805079926e-02 2.212293274072773749e-02 2.161706116429083432e-02 2.115623626929047721e-02 2.049498333149924606e-02 1.963267580313453678e-02 1.865345155323122270e-02 1.764891388233839550e-02 1.635348428166080725e-02 1.508101715476773894e-02 1.370586005024125066e-02 1.238684554590121535e-02 1.094470436836330295e-02 9.513714771420662963e-03 8.017385059966958619e-03 6.550240357261610628e-03 4.976256528659543307e-03 3.205802586972928813e-03 1.077854121860143772e-04 9.285727485654687386e-05 1.203987589157146142e-03 2.450258298945730447e-03 4.056779793406037858e-03 6.020796460456820376e-03 8.126168979348584454e-03 1.010549841235524986e-02 1.225655271733474931e-02 1.446942410258455700e-02 1.657069782353919399e-02 1.854520037566528140e-02 2.034786136386358690e-02 2.195562218654655007e-02 2.341079013695812963e-02 2.459956557408583128e-02 2.564926426463983236e-02 2.626128499127596341e-02 2.665458687069515928e-02 2.659663569399545874e-02 2.619858366676603573e-02 2.548016178740467388e-02 2.446032761780509920e-02 2.314568368582251359e-02 2.160571870708625011e-02 1.991564379484468683e-02 1.810696432531096883e-02 1.618919733414880477e-02 1.420755244229634194e-02 1.236349170380087251e-02 1.060512404167558882e-02 9.334330053015057679e-03
