3.376915457717843093e-03 2.642318452545267156e-03 2.560686355085782344e-03 2.463562662473196396e-03 2.374051412259459062e-03 2.281241227577458872e-03 2.191688181159712895e-03 2.094799513922477111e-03 2.009871645425854135e-03 1.900520236322961578e-03 1.799670175410470613e-03 1.702339608759570293e-03 1.604291240982054717e-03 1.509086343422154624e-03 1.408499775124705212e-03 1.295134159138051563e-03 1.210929622301863164e-03 1.120385960082103446e-03 1.028314664607356353e-03 9.444245797529635415e-04 8.673778019293341491e-04 7.881527650979772408e-04 6.813906755089126207e-04 6.054097516273073808e-04 5.007147722262611034e-04 4.362121383283292637e-04 3.712785189211629893e-04 3.239961135836429856e-04 2.376828275920941306e-04 1.868749808721307918e-04 1.083817172265258557e-04 5.424423153949417932e-05 3.376917206644281227e-03 2.621203150120450260e-03 2.537576971265172610e-03 2.416362269565228236e-03 2.327147738322175863e-03 2.228017691821153855e-03 2.132181085459033867e-03 2.032812714560967848e-03 1.942730364363158936e-03 1.829519571938181214e-03 1.725033311236635154e-03 1.625177710184728518e-03 1.529025258294501935e-03 1.432160626725595930e-03 1.333785958879844542e-03 1.225145972629357663e-03 1.151262646588043425e-03 1.065378803745938583e-03 9.848541202636031805e-04 9.170162162919039735e-04 8.414474935109664093e-04 7.880498042327975213e-04 6.959819116791867094e-04 6.153741169643834035e-04 5.134227732391008188e-04 4.791502701715591342e-04 4.213360272014792071e-04 3.505003782497525459e-04 3.014757314798279311e-04 2.635882457116682271e-04 1.592727324187104678e-04 1.150116061490501294e-04 5.129754478993311828e+00 1.376645278612210511e-02 1.196371700964073484e-02 1.047384252416087153e-02 9.220369704501062483e-03 8.149379169295475206e-03 7.221776644304138751e-03 6.408669058572765212e-03 5.688413771502929053e-03 5.044721498708806297e-03 4.465310377769386198e-03 3.941034932502976255e-03 3.465183162077007783e-03 3.032991751330738582e-03 2.641151203319314078e-03 2.287296603154951626e-03 1.969579105492496197e-03 1.686335700106625412e-03 1.435642598588553719e-03 1.215196980037292407e-03 1.022371465861489793e-03 8.548221331973315101e-04 7.129633624023695585e-04 5.756171249650781632e-04 5.870890740423297246e-04 3.784693172127954032e-04 2.940660635189542020e-04 2.293597162480045886e-04 1.836061049616260642e-04 -2.559856157347907600e-04 -1.994612250451279661e-04 0.000000000000000000e+00
2.642318452545267156e-03 1.277249652825490633e-02 1.332743664651875153e-02 1.389583259790534188e-02 1.437366552029815600e-02 1.471070026269276181e-02 1.498103158532030493e-02 1.513480538245831446e-02 1.520050646469957127e-02 1.513753835289276262e-02 1.499643104416540848e-02 1.474530695067894151e-02 1.443216953172543442e-02 1.401005552017167005e-02 1.354475496417867353e-02 1.293676345062134102e-02 1.232788806082882500e-02 1.165914997641276547e-02 1.095473938703007619e-02 1.019594378219293614e-02 9.406688095248355932e-03 8.622307802309821939e-03 7.795085630204952667e-03 6.980347814036918196e-03 6.125963801869174254e-03 5.332168799806171790e-03 4.534143394526447997e-03 3.810424713449534449e-03 2.991666559731853779e-03 2.259095107738810955e-03 1.517151906497229280e-03 7.773986247457465634e-04 2.642350478778115585e-03 1.305711356419941155e-02 1.358015866776785853e-02 1.413143195445818075e-02 1.460865797691437290e-02 1.491131005893541091e-02 1.513043205218103648e-02 1.521282939540249783e-02 1.520705918323431334e-02 1.506719774981275448e-02 1.484543567047913806e-02 1.450598702952870037e-02 1.411224063455356753e-02 1.360861081454810100e-02 1.306221853438467410e-02 1.238865418513061638e-02 1.172621321159738467e-02 1.099759246480037055e-02 1.024693069247820283e-02 9.458685140171219780e-03 8.638601940639001678e-03 7.845447153985194572e-03 6.973385976764581023e-03 6.125492456977872820e-03 5.249017712141411732e-03 4.452620569795050567e-03 3.632268836501993236e-03 2.844455475078204280e-03 2.038286882971426708e-03 1.276711104252778103e-03 4.156729202356259961e-04 -4.409338454957781143e-04 6.166555388568188789e+01 2.199890129327068400e-01 1.940921296374132909e-01 1.718555215011713100e-01 1.523832714877561001e-01 1.350900621647035393e-01 1.195822175699109979e-01 1.055867693700519860e-01 9.290849681972958296e-02 8.140348969239384613e-02 7.096226414941785021e-02 6.149857418491690153e-02 5.294202648404392614e-02 4.523298791747514674e-02 3.831884976240085283e-02 3.215145353611516960e-02 2.668507188110061032e-02 2.187553759227661362e-02 1.767932885800398840e-02 1.405308944924923108e-02 1.095361709178687380e-02 8.334511439646181616e-03 6.125741324377604290e-03 4.443045670518596876e-03 1.991969584749986397e-03 1.860246421344796805e-03 1.043403911304266463e-03 4.620627788236976539e-04 1.274117148570002992e-04 -4.665783233639423299e-04 -3.700331512800907486e-04 0.000000000000000000e+00
2.560686355085782344e-03 1.332743664651875153e-02 1.412063243407248210e-02 1.473250773246089461e-02 1.528329591622843396e-02 1.567712357016213739e-02 1.600304508492897404e-02 1.620028185826845324e-02 1.629923222189366694e-02 1.625955566006237821e-02 1.613206163848611083e-02 1.588583931259917106e-02 1.556986261564181559e-02 1.513408590373750348e-02 1.465042345520851420e-02 1.401095131042173238e-02 1.336681062083300633e-02 1.265627599268883199e-02 1.190551763810887044e-02 1.109584934765544748e-02 1.025084339837532832e-02 9.426682434168302469e-03 8.443019621043934553e-03 7.606141217270482278e-03 6.689371099371818445e-03 5.830689836153748681e-03 4.963879232640248246e-03 4.173142911559498368e-03 3.284123638479831409e-03 2.484501872602621741e-03 1.681034818636207738e-03 8.793655752270090453e-04 2.560715748654496769e-03 1.359713486304153611e-02 1.445357770794677976e-02 1.500599143931593063e-02 1.556042377615412566e-02 1.591677717090681649e-02 1.618673937853349828e-02 1.630542159625821691e-02 1.632615163124977870e-02 1.620202625689886808e-02 1.598604419742573682e-02 1.564331406223121515e-02 1.523870609836003483e-02 1.471364251050631504e-02 1.414092114716877270e-02 1.342924274397183475e-02 1.272508628177537217e-02 1.194877957818439584e-02 1.114647102331111847e-02 1.030164478452093128e-02 9.420423839733063284e-03 8.571316595312586384e-03 7.601792024872065789e-03 6.698995961964533327e-03 5.752430859545894747e-03 4.886589117971892014e-03 3.992733696114842898e-03 3.133494050741982354e-03 2.252629988971741656e-03 1.418594598442458801e-03 4.854451559344808071e-04 -4.490353771482880497e-04 6.586748603689409265e+01 2.371830445800493237e-01 2.094862009650969858e-01 1.856871752887841176e-01 1.648276690587092141e-01 1.462831368436422197e-01 1.296346349202957826e-01 1.145924732108222210e-01 1.009500815546087865e-01 8.855566976259907075e-02 7.729414355037757256e-02 6.707509746626419411e-02 5.782489693211395609e-02 4.948118993314142011e-02 4.198891844381649752e-02 3.529755699247849599e-02 2.935900368667990895e-02 2.412665030144939271e-02 1.955447827383265461e-02 1.559654323317352653e-02 1.220697195138579702e-02 9.336285203763377422e-03 6.909077307501510813e-03 5.052672131587675891e-03 2.354482132985688623e-03 2.186791224915379719e-03 1.269686041873499364e-03 6.085215571507643232e-04 2.156981432192240852e-04 -4.393942781282524318e-04 -3.656832567840103440e-04 0.000000000000000000e+00
2.463562662473196396e-03 1.389583259790534188e-02 1.473250773246089461e-02 1.546533337318432323e-02 1.608570977141445674e-02 1.653394340295356521e-02 1.692427984962865950e-02 1.717196685660100919e-02 1.731060166077864546e-02 1.730109112068396390e-02 1.719450461832534860e-02 1.695895966382797784e-02 1.664679809106199906e-02 1.620397432076119831e-02 1.570791316265968823e-02 1.504315681151104610e-02 1.436916871932686184e-02 1.362172582491444524e-02 1.282863778500558348e-02 1.197098820029383719e-02 1.106921479427994473e-02 1.018309766214634156e-02 9.176704341383158658e-03 8.261861255504696078e-03 7.278884189788165440e-03 6.357157943729757101e-03 5.424290081201173404e-03 4.569462906760825976e-03 3.612957564178460000e-03 2.747063185347083276e-03 1.881173787938831459e-03 1.014049711247954786e-03 2.463589726472778605e-03 1.419818529509318979e-02 1.505823092812285172e-02 1.583986910879855992e-02 1.641537085857442888e-02 1.681953720805368091e-02 1.714892072580726651e-02 1.731121663386522500e-02 1.736532262686587072e-02 1.726420231401361305e-02 1.706162643669008674e-02 1.672160387094468945e-02 1.631293518850113547e-02 1.577310552007792077e-02 1.518011473935109400e-02 1.443659836791012958e-02 1.369628780449573362e-02 1.287768302049270737e-02 1.202870539990110940e-02 1.113184131197189966e-02 1.019279642307552997e-02 9.284664572583893258e-03 8.261513455320780921e-03 7.290407385368655006e-03 6.275697855435425840e-03 5.344569692574725403e-03 4.381337980140483437e-03 3.454743648081796698e-03 2.502931097399978180e-03 1.598865761754572493e-03 5.940578643562640206e-04 -4.196533288201406871e-04 6.972157501915954469e+01 2.533646117211953985e-01 2.240186430476443780e-01 1.987881828333012413e-01 1.766562339626553124e-01 1.569613482095737200e-01 1.392609267262147066e-01 1.232498169726539694e-01 1.087111847603814546e-01 9.548635363046524549e-02 8.345554605466184994e-02 7.252505702599958137e-02 6.261878190599004523e-02 5.367232977632921398e-02 4.562875928232897060e-02 3.843564917390984714e-02 3.204290498778099294e-02 2.640182592273170731e-02 2.146421981625946593e-02 1.718188706032201807e-02 1.350663353011967958e-02 1.038627780689696349e-02 7.740547386707232608e-03 5.707940638745682971e-03 2.764233166208116335e-03 2.551243971958607262e-03 1.528442306066416650e-03 7.815666558233531208e-04 3.242719829217006826e-04 -4.006724930067528012e-04 -3.559340152250121394e-04 0.000000000000000000e+00
2.374051412259459062e-03 1.437366552029815600e-02 1.528329591622843396e-02 1.608570977141445674e-02 1.680612545857101958e-02 1.726340385317235229e-02 1.774174814249259574e-02 1.804967030161806069e-02 1.823569959149898972e-02 1.826460015160571299e-02 1.818733725679639451e-02 1.796968826770565034e-02 1.766923982860412606e-02 1.722726612162484711e-02 1.672640924601134782e-02 1.604279374876196526e-02 1.534538365841807764e-02 1.456684592937886567e-02 1.373652427351192487e-02 1.283594264482440517e-02 1.188257845858235393e-02 1.094424158328062210e-02 9.885138229126955167e-03 8.909692541577462002e-03 7.865478201035306857e-03 6.884882500983320955e-03 5.889149028842761285e-03 4.973294511838585903e-03 3.951927678235017671e-03 3.021080452590875574e-03 2.093578124390560805e-03 1.160609892656501397e-03 2.374076324901105723e-03 1.470949924407792195e-02 1.565081632030581107e-02 1.645521978169154839e-02 1.716519121969919612e-02 1.758018141601079207e-02 1.799763087743326204e-02 1.821644858069758691e-02 1.831407668196050401e-02 1.824626471541207495e-02 1.806735103757159400e-02 1.773897221949222169e-02 1.733570321052455357e-02 1.679037952425845373e-02 1.618591778495158742e-02 1.541817215257382592e-02 1.464889447993624610e-02 1.379449661891859330e-02 1.290446213384124560e-02 1.196055911286977511e-02 1.096818361670116003e-02 1.000638224791366299e-02 8.922224701483171330e-03 7.889486405208818998e-03 6.808818480571996595e-03 5.814597367141839841e-03 4.783335930819308454e-03 3.790572024454966129e-03 2.768651130101795668e-03 1.794702361909862121e-03 7.174109221369060364e-04 -3.768686768786889334e-04 7.313061063149515917e+01 2.679375742632499890e-01 2.371618951034339118e-01 2.106922163134918036e-01 1.874582222732909809e-01 1.667648312700500957e-01 1.481478712922434660e-01 1.312881634824597243e-01 1.159597094807053863e-01 1.019978729024828279e-01 8.927904254918209159e-02 7.770704043345658119e-02 6.720413371808288405e-02 5.770476443810680645e-02 4.915102151409508902e-02 4.148954055150368136e-02 3.466919617735857162e-02 2.864014352235975946e-02 2.335291830564685880e-02 1.875789488037334779e-02 1.480529652279638161e-02 1.144089441250675451e-02 8.580170348824528101e-03 6.372879249935404534e-03 3.186659456508886788e-03 2.925463162641022720e-03 1.795761578659913708e-03 9.616380833681547301e-04 4.381551529283823822e-04 -3.612672769995521702e-04 -3.464867336348133428e-04 0.000000000000000000e+00
2.281241227577458872e-03 1.471070026269276181e-02 1.567712357016213739e-02 1.653394340295356521e-02 1.726340385317235229e-02 1.803670081699440195e-02 1.847356154358848965e-02 1.882991716829354387e-02 1.906297469170623038e-02 1.913655275355556976e-02 1.909743976248620689e-02 1.890683175051536408e-02 1.862895626449938627e-02 1.819942909840641110e-02 1.770526679002349529e-02 1.701478081478158960e-02 1.630569735596487657e-02 1.550797319196417848e-02 1.465254557870773224e-02 1.372166093428375637e-02 1.273012342464708430e-02 1.175356474287215895e-02 1.065069273073207014e-02 9.626470168243306258e-03 8.527775826270346873e-03 7.491761215021690117e-03 6.433131875050044496e-03 5.456537737559680884e-03 4.368939161521526691e-03 3.372085349125380008e-03 2.382510695011454214e-03 1.383838192329217304e-03 2.281264071707048580e-03 1.506817411940273091e-02 1.606940034118788801e-02 1.692564924199637874e-02 1.764894034916099710e-02 1.838454053749530304e-02 1.875915430481150253e-02 1.902168939512395573e-02 1.916204557169852787e-02 1.913331063760325898e-02 1.898625295905513946e-02 1.867794325694412463e-02 1.829006163671292873e-02 1.774978808882717030e-02 1.714421531201320778e-02 1.636298050277151458e-02 1.557496881468486624e-02 1.469503626885013126e-02 1.377404338549598900e-02 1.279307291202121284e-02 1.175765080298760840e-02 1.075247762434972977e-02 9.616348473063500088e-03 8.531976663024973609e-03 7.393436060422186977e-03 6.343456681803565783e-03 5.250159743070322189e-03 4.197161185829035787e-03 3.109857622434519450e-03 2.070986954282162760e-03 9.257062144646171706e-04 -2.431061693447317457e-04 7.647402831642641274e+01 2.820342226073322967e-01 2.499189957816421725e-01 2.222966211059056729e-01 1.980428371757053108e-01 1.764280488126880875e-01 1.569656666476579587e-01 1.393218337038695520e-01 1.232609840458124134e-01 1.086123620457165456e-01 9.524857834942260237e-02 8.307120023260120001e-02 7.200120122852715632e-02 6.197225615142458455e-02 5.292591022651343263e-02 4.480828800321005889e-02 3.756765007922781979e-02 3.115340703639315686e-02 2.551520343739530072e-02 2.060235469115741930e-02 1.636384808435310464e-02 1.274374657365890881e-02 9.653689363450351432e-03 7.254336216526578035e-03 3.810249263417834348e-03 3.475584529137336690e-03 2.215373157917404929e-03 1.268431955560075063e-03 6.510304817964170316e-04 -2.542118989087810790e-04 -3.018034531520810823e-04 0.000000000000000000e+00
2.191688181159712895e-03 1.498103158532030493e-02 1.600304508492897404e-02 1.692427984962865950e-02 1.774174814249259574e-02 1.847356154358848965e-02 1.907190830728731912e-02 1.946715973027033156e-02 1.975703947183899550e-02 1.988750721094485405e-02 1.989718460048619381e-02 1.974145921593125144e-02 1.949472375826216686e-02 1.908586454997148601e-02 1.860570442530904908e-02 1.791490925172496002e-02 1.719974258250876048e-02 1.638741210520671884e-02 1.550991859188103131e-02 1.455073028275411309e-02 1.352148372802581752e-02 1.250551805818763025e-02 1.135712404697994220e-02 1.028451811643314208e-02 9.134034803124484528e-03 8.050461239793589574e-03 6.932968608644799781e-03 5.920691981573269341e-03 4.764045062101967404e-03 3.705283584348836867e-03 2.656860877524054327e-03 1.593808454512431541e-03 2.191709140854971368e-03 1.535886017840233306e-02 1.641976176051841707e-02 1.734260325766983843e-02 1.816000241768194606e-02 1.885681132450849756e-02 1.939742900528111311e-02 1.969128812624270503e-02 1.988721643125872240e-02 1.991203463485645073e-02 1.980934122821404950e-02 1.953072372795864806e-02 1.916832686901400948e-02 1.864259000719006854e-02 1.804435275298966676e-02 1.725730648804969097e-02 1.645714711232414834e-02 1.555757014472364252e-02 1.461041108552572215e-02 1.359635338612007714e-02 1.252099811132922035e-02 1.147409644452872073e-02 1.028760459904382203e-02 9.152759328888223841e-03 7.957632361590182349e-03 6.854260786890972561e-03 5.699582475031398678e-03 4.597317078669766084e-03 3.441372660828500695e-03 2.337695719564308189e-03 1.123645288988323011e-03 -1.224002858689292436e-04 7.873593292405729471e+01 2.935523631652413590e-01 2.604153495729977230e-01 2.319114620685358286e-01 2.068742202931566077e-01 1.845466513873178782e-01 1.644242712069593215e-01 1.461615988621787487e-01 1.295157263574989448e-01 1.143115404216799302e-01 1.004193714823857497e-01 8.773987480844901155e-02 7.619397120524380729e-02 6.571572957611492016e-02 5.624723905493970999e-02 4.773513230969078647e-02 4.012800160838356917e-02 3.337538634193257248e-02 2.742684346197723014e-02 2.223137118799824521e-02 1.773740158824842553e-02 1.388790657693775299e-02 1.059119891579481457e-02 8.019792615195442745e-03 4.332536502282592801e-03 3.942181377200881104e-03 2.565345693445298704e-03 1.518583753505372462e-03 8.201141759667793848e-04 -1.816829195411031326e-04 -2.762984500781098893e-04 0.000000000000000000e+00
2.094799513922477111e-03 1.513480538245831446e-02 1.620028185826845324e-02 1.717196685660100919e-02 1.804967030161806069e-02 1.882991716829354387e-02 1.946715973027033156e-02 1.996642844097069880e-02 2.029936603867868797e-02 2.050303191258420407e-02 2.057364039611752488e-02 2.046128350808597285e-02 2.025662044481075022e-02 1.987964254965184085e-02 1.942418413935388666e-02 1.874333796331240434e-02 1.803167639409033324e-02 1.721385034445869697e-02 1.632267644195306913e-02 1.534324457925530065e-02 1.428410285866647984e-02 1.323208088121263955e-02 1.205115709421003892e-02 1.093728953857376479e-02 9.746116678981635653e-03 8.601242855070381083e-03 7.443472719664012867e-03 6.345886250813379849e-03 5.153250880669878013e-03 4.038981581245958997e-03 2.935262656187562300e-03 1.810596740858641182e-03 2.094818654600720878e-03 1.552603730528549428e-02 1.663390334625331965e-02 1.760980671785792803e-02 1.849251736655922393e-02 1.924054385634349496e-02 1.981627618800900492e-02 2.022962531062156774e-02 2.046164427739654082e-02 2.055678919764375098e-02 2.051098395915575481e-02 2.027121962382621989e-02 1.994578733638724052e-02 1.944605409790564968e-02 1.886595237155709939e-02 1.808342841312071334e-02 1.728047985361993999e-02 1.637012901036757548e-02 1.540481396170837597e-02 1.436495847883687178e-02 1.325664287797521761e-02 1.216990294745142441e-02 1.094544360091672178e-02 9.765503130019068459e-03 8.520011302920155183e-03 7.365759153181830436e-03 6.158857643368783816e-03 4.983990684734322836e-03 3.778155024927701017e-03 2.614951904022110550e-03 1.336343041713822103e-03 1.650597748628152483e-05 8.133248160527845982e+01 3.035532464288260290e-01 2.695492083103011027e-01 2.403133828652687376e-01 2.146358359280662320e-01 1.917309964144390533e-01 1.710754255951288938e-01 1.523112314645815313e-01 1.351876800760594688e-01 1.195251096939842078e-01 1.051916402741635420e-01 9.208729862010890665e-02 8.013340036430753599e-02 6.926497502756527591e-02 5.942528854983334524e-02 5.056215272662910321e-02 4.262516421772637176e-02 3.556463883449516999e-02 2.933065698051499914e-02 2.387246867862965680e-02 1.913846817385175120e-02 1.507099004355204157e-02 1.157536423225753730e-02 8.836735232672329396e-03 4.905325733156781255e-03 4.460821072040986254e-03 2.963994808684563068e-03 1.811823623706095617e-03 1.024744212854694983e-03 -8.616564133473783842e-05 -2.387447540618068819e-04 0.000000000000000000e+00
2.009871645425854135e-03 1.520050646469957127e-02 1.629923222189366694e-02 1.731060166077864546e-02 1.823569959149898972e-02 1.906297469170623038e-02 1.975703947183899550e-02 2.029936603867868797e-02 2.085904314214027944e-02 2.103746477055192313e-02 2.117530747963693172e-02 2.110991315359238979e-02 2.095809187339977772e-02 2.062510869586680479e-02 2.020644762106021605e-02 1.954723124690154953e-02 1.885004366367636075e-02 1.803708642755060682e-02 1.714157915395015178e-02 1.615062721053156167e-02 1.507049487538707558e-02 1.400780959749482399e-02 1.277464465132219402e-02 1.162541009065098940e-02 1.039129480398066040e-02 9.213826485902477589e-03 8.003451284694420784e-03 6.859020300376325770e-03 5.611082331413727933e-03 4.441147032388509733e-03 3.282252567736259740e-03 2.096538467206210572e-03 2.009889048268425661e-03 1.560069799573976512e-02 1.674525062405902293e-02 1.776408811221862755e-02 1.869990826959345293e-02 1.950001571978339163e-02 2.013792208841824055e-02 2.059099644094616530e-02 2.105389575313231301e-02 2.112520507466322459e-02 2.114333450801781505e-02 2.094762279341409392e-02 2.067139538630865733e-02 2.021066066256798147e-02 1.966136295811063764e-02 1.889560674468925006e-02 1.810103486541294812e-02 1.719051642488273954e-02 1.621661213195118439e-02 1.515971006229251301e-02 1.402790256639324315e-02 1.292747151957460844e-02 1.164498128526856788e-02 1.042710738424941150e-02 9.136018975350448934e-03 7.938530557095578935e-03 6.678862029358047063e-03 5.453447351215863839e-03 4.189831343035564128e-03 2.968616560999645486e-03 1.628209047753032251e-03 2.360897282051492390e-04 8.347917807936887868e+01 3.122080618503727534e-01 2.775069144374341934e-01 2.476921629412243697e-01 2.215141713904770493e-01 1.981604385158182990e-01 1.770892483584702581e-01 1.579305716640024837e-01 1.404260160361966159e-01 1.243915673821103518e-01 1.096934174136029450e-01 9.623134800489974161e-02 8.392754766383481169e-02 7.271855942664814942e-02 6.254943208869408189e-02 5.336979685552675767e-02 4.513090519556628433e-02 3.778449171537160561e-02 3.128178400966213218e-02 2.557288396249245144e-02 2.060670270998022843e-02 1.632544904197135924e-02 1.263183619171473135e-02 9.724834103774534014e-03 5.540391790024776046e-03 5.040553670487061405e-03 3.416254248528141722e-03 2.149789778073523186e-03 1.264280419718095570e-03 3.038731855891950020e-05 -1.909446470460297862e-04 0.000000000000000000e+00
1.900520236322961578e-03 1.513753835289276262e-02 1.625955566006237821e-02 1.730109112068396390e-02 1.826460015160571299e-02 1.913655275355556976e-02 1.988750721094485405e-02 2.050303191258420407e-02 2.103746477055192313e-02 2.136931118825050741e-02 2.160695464509280669e-02 2.158629834610993267e-02 2.150052914934590109e-02 2.122575185307491383e-02 2.085820366812683388e-02 2.023418706549320531e-02 1.956435306766745805e-02 1.876855729261558275e-02 1.787975107005531153e-02 1.688747164284792185e-02 1.579450299335514660e-02 1.471511600097269098e-02 1.346035289713769754e-02 1.228296564284473563e-02 1.101509502401314469e-02 9.803732198475292522e-03 8.550034688395711721e-03 7.360642996925906116e-03 6.064311294688018092e-03 4.844058364912816154e-03 3.633044075015389503e-03 2.388410280129575885e-03 1.900535956882296344e-03 1.554138609496445028e-02 1.671205620547272161e-02 1.776411133558988137e-02 1.874387227721211607e-02 1.959434079532185874e-02 2.029517296493855982e-02 2.082594263681602706e-02 2.126913722395710679e-02 2.149486660392279508e-02 2.160337624862006256e-02 2.145177585997954522e-02 2.124038590207553631e-02 2.083381403070498974e-02 2.032990604491952125e-02 1.959473653208017654e-02 1.882111468972217511e-02 1.792241215129162721e-02 1.695059844265481980e-02 1.588614678390082996e-02 1.474071477895147475e-02 1.361751848016195740e-02 1.230859991308006288e-02 1.105889591614627430e-02 9.730687636342251479e-03 8.495670549073953276e-03 7.190612260445474954e-03 5.919246386731739050e-03 4.605145769971183758e-03 3.332260673788661667e-03 1.937651997968522144e-03 4.776652287403553802e-04 8.506858484847759883e+01 3.183076566075739300e-01 2.832019710852931027e-01 2.530674225166842928e-01 2.266224267668113801e-01 2.030320770239729677e-01 1.817390472987769900e-01 1.623628366664083833e-01 1.446385076388295998e-01 1.283785164058464656e-01 1.134478161770229310e-01 9.974659457758841552e-02 8.719857205898484676e-02 7.574250581185015818e-02 6.532595636966158359e-02 5.590113868985356615e-02 4.742176036407878825e-02 3.984177861778824548e-02 3.311436846653227628e-02 2.719127008256190525e-02 2.202267426423832122e-02 1.755133765614929481e-02 1.367774777497015801e-02 1.061685596598774609e-02 6.178839904670125477e-03 5.638720004352299614e-03 3.889502181561487609e-03 2.508442427635709446e-03 1.522175492607634332e-03 1.564332907961361516e-04 -1.385601151408422831e-04 0.000000000000000000e+00
1.799670175410470613e-03 1.499643104416540848e-02 1.613206163848611083e-02 1.719450461832534860e-02 1.818733725679639451e-02 1.909743976248620689e-02 1.989718460048619381e-02 2.057364039611752488e-02 2.117530747963693172e-02 2.160695464509280669e-02 2.222373022530959447e-02 2.191525771904002939e-02 2.192633176549772106e-02 2.172692910133895358e-02 2.142615037498502017e-02 2.085128757563213878e-02 2.022171491830313320e-02 1.945508612593233738e-02 1.858313455794755389e-02 1.759780792576136690e-02 1.651702411904740556e-02 1.541807139594117589e-02 1.414351498441033909e-02 1.294539825243905956e-02 1.164909940943103205e-02 1.040780754659941659e-02 9.115253173174223469e-03 7.883530665201182036e-03 6.542735717069849723e-03 5.276353012062332155e-03 4.015608073097321103e-03 2.714212903043019837e-03 1.799684274284159584e-03 1.540317972266597689e-02 1.658981454588480051e-02 1.766577226680655574e-02 1.868043388101366456e-02 1.957541932734309376e-02 2.033211191574963578e-02 2.093019271585939978e-02 2.144507570194288323e-02 2.176515075784473188e-02 2.228571613074761815e-02 2.181402078739968359e-02 2.170347488116212281e-02 2.137059734716976328e-02 2.092886206695016016e-02 2.023940077681793751e-02 1.949994814412269600e-02 1.862535389604064520e-02 1.766614494528724252e-02 1.660353724848177837e-02 1.543707311945052840e-02 1.431354549341087683e-02 1.298087390328677218e-02 1.170483892430152981e-02 1.034510794217272794e-02 9.075961515003831692e-03 7.728854648533266432e-03 6.413780157770804236e-03 5.051901674598510868e-03 3.729903868668918605e-03 2.285585348908464320e-03 7.594353162270784134e-04 8.641865836508918619e+01 3.230401441554255348e-01 2.876679289512465432e-01 2.573407717728973254e-01 2.307480746928858573e-01 2.070338124281687064e-01 1.856254399013483325e-01 1.661319074213022939e-01 1.482814437679403075e-01 1.318826129837294137e-01 1.167988001042173513e-01 1.029303592023479985e-01 9.020239316337357038e-02 7.855587289714546784e-02 6.794101457943428624e-02 5.831288076288097116e-02 4.962802012025462756e-02 4.184309821521210032e-02 3.491381012177485060e-02 2.879415462654177221e-02 2.343624888027388137e-02 1.878401662592142640e-02 1.473603441511479005e-02 1.152572069803654495e-02 6.823039144019442566e-03 6.253867411174206421e-03 4.378202271893466384e-03 2.880028333254604656e-03 1.790303247523289659e-03 2.851731911835226826e-04 -8.564201747481325390e-05 0.000000000000000000e+00
1.702339608759570293e-03 1.474530695067894151e-02 1.588583931259917106e-02 1.695895966382797784e-02 1.796968826770565034e-02 1.890683175051536408e-02 1.974145921593125144e-02 2.046128350808597285e-02 2.110991315359238979e-02 2.158629834610993267e-02 2.191525771904002939e-02 2.221767952821792486e-02 2.225647684062821707e-02 2.213017303848418410e-02 2.190437050177246325e-02 2.138824012865329915e-02 2.080990561420306695e-02 2.008397301525989206e-02 1.923913339118991234e-02 1.827121000566632111e-02 1.718857755309615917e-02 1.609792791612455615e-02 1.480909803168017902e-02 1.360217814096185453e-02 1.228362375072684747e-02 1.101823851045970887e-02 9.692345503535900256e-03 8.422643848878228617e-03 7.042611109341692655e-03 5.735204461644149813e-03 4.428278044445658861e-03 3.072660902104166168e-03 1.702352026293981390e-03 1.514220447474037140e-02 1.633552922582648739e-02 1.742457713664426894e-02 1.846192922816681375e-02 1.939014882736021447e-02 2.018920015559596756e-02 2.083873655858783230e-02 2.140836958925061706e-02 2.178025221847409293e-02 2.198405474138529631e-02 2.216827194046143770e-02 2.207620261623659610e-02 2.181242016631199099e-02 2.144013951140372534e-02 2.080677015743955319e-02 2.011244363793647169e-02 1.927358156646368989e-02 1.833704282074208325e-02 1.728442587591539140e-02 1.612993424630689010e-02 1.499606324666326145e-02 1.364547825417422415e-02 1.235066259710879306e-02 1.096700522667936988e-02 9.669889741860651991e-03 8.286403822729030214e-03 6.932597701245902903e-03 5.528138089945016861e-03 4.161277237829794605e-03 2.672904682786006805e-03 1.079756372874571138e-03 8.695551594585145949e+01 3.244799183254547525e-01 2.892074819824956844e-01 2.590053275304801672e-01 2.325468604259561534e-01 2.089631577793450157e-01 1.876716644886653185e-01 1.682740495595157482e-01 1.504937116173784006e-01 1.341365392395410805e-01 1.190650385152396823e-01 1.051801176812692667e-01 9.240858330191781267e-02 8.069388254346473999e-02 6.998919528209959773e-02 6.025291955196887539e-02 5.144509584121873674e-02 4.352587472237237631e-02 3.645443929195959359e-02 3.018815052281664801e-02 2.468221879814653380e-02 1.988286071332927979e-02 1.568736356293164158e-02 1.235200779348603201e-02 7.381477489439830682e-03 6.818393080427167380e-03 4.828750313412150975e-03 3.223656390515985525e-03 2.039707722607906216e-03 3.951730070120149573e-04 -4.293535289033679954e-05 0.000000000000000000e+00
1.604291240982054717e-03 1.443216953172543442e-02 1.556986261564181559e-02 1.664679809106199906e-02 1.766923982860412606e-02 1.862895626449938627e-02 1.949472375826216686e-02 2.025662044481075022e-02 2.095809187339977772e-02 2.150052914934590109e-02 2.192633176549772106e-02 2.225647684062821707e-02 2.248539924774682966e-02 2.239778860515936540e-02 2.227437823140847664e-02 2.183763528281264243e-02 2.133049523344493145e-02 2.066407708473196742e-02 1.986174732254777919e-02 1.892342918001147997e-02 1.785993477045358727e-02 1.678001371084047663e-02 1.547129582635120397e-02 1.429390105814332644e-02 1.295421552167081401e-02 1.166950881571861796e-02 1.031538754003057806e-02 9.011867775399366037e-03 7.597213598647792158e-03 6.253404061213578211e-03 4.903902535263689189e-03 3.497869810746598567e-03 1.604302228673171486e-03 1.481968700025584548e-02 1.601179151135821710e-02 1.710730252065988805e-02 1.816143934943025007e-02 1.911918403397874430e-02 1.995798370489717394e-02 2.065957522699652521e-02 2.129239100147110875e-02 2.174126144977037156e-02 2.205487458301606460e-02 2.226256178358643895e-02 2.235090439985760666e-02 2.213734903270245941e-02 2.186235784942251389e-02 2.130858764967200406e-02 2.067983205415748968e-02 1.989621554898706943e-02 1.899846000502152660e-02 1.796900824899115220e-02 1.683075842100999545e-02 1.570393538746407691e-02 1.434231225133410052e-02 1.304199034245178204e-02 1.164091220046814708e-02 1.032153712563712092e-02 8.907370714326999853e-03 7.519622152895107277e-03 6.077378373600525983e-03 4.670633675870844957e-03 3.144898659048343814e-03 1.490762276448798825e-03 8.762995940972550102e+01 3.247290201346315075e-01 2.894266786478466580e-01 2.592520938319812784e-01 2.328559655769001646e-01 2.093518719269827910e-01 1.881441180965632010e-01 1.688250660993483310e-01 1.511120723074048378e-01 1.348077444672217129e-01 1.197735346243156418e-01 1.059109744615609333e-01 9.314864919774992758e-02 8.143245467820717232e-02 7.071827236234694281e-02 6.096704877638915027e-02 5.214091541064069801e-02 4.420174040691988993e-02 3.710956029477840284e-02 3.082200196395767922e-02 2.529392866950975691e-02 2.047017904529739932e-02 1.624270927833484923e-02 1.289039671305962365e-02 7.726185690636206208e-03 7.266209524381864356e-03 5.225019038629055701e-03 3.557905311744709569e-03 2.307624068499099495e-03 5.290130280931375694e-04 1.860172077348233190e-05 0.000000000000000000e+00
1.509086343422154624e-03 1.401005552017167005e-02 1.513408590373750348e-02 1.620397432076119831e-02 1.722726612162484711e-02 1.819942909840641110e-02 1.908586454997148601e-02 1.987964254965184085e-02 2.062510869586680479e-02 2.122575185307491383e-02 2.172692910133895358e-02 2.213017303848418410e-02 2.239778860515936540e-02 2.261533133804163528e-02 2.249226071540353158e-02 2.214625215238536296e-02 2.173113539558645113e-02 2.114742196812071165e-02 2.040816383419006771e-02 1.951877329283245588e-02 1.849822178473909534e-02 1.745778858588457189e-02 1.623126751980351681e-02 1.491552672414725965e-02 1.360508500314675483e-02 1.232192824153404559e-02 1.095471364487550503e-02 9.629404852813053944e-03 8.191377937160069719e-03 6.820912839109664720e-03 5.436488877444470985e-03 3.984798388439226430e-03 1.509095840644120298e-03 1.438492770442934693e-02 1.556372575127761351e-02 1.665366276551750666e-02 1.771222397848959407e-02 1.868816686000066701e-02 1.955519305171128305e-02 2.029805385523989619e-02 2.098467835747590271e-02 2.150171386329728304e-02 2.190119224999452843e-02 2.218715133673409071e-02 2.233036908742230819e-02 2.238910275664536889e-02 2.212573000425129000e-02 2.166919940406841077e-02 2.112552721302585201e-02 2.041945210440061428e-02 1.957960331475670085e-02 1.858964486977793956e-02 1.748506017105161056e-02 1.638327932655935654e-02 1.503937469235471468e-02 1.371538594817309741e-02 1.231570089021659029e-02 1.098704485976455779e-02 9.554065970071298070e-03 8.143110244547190069e-03 6.673697229674977090e-03 5.237321851254764238e-03 3.684907311599363352e-03 1.978408363011350223e-03 8.697689431865629217e+01 3.215624290521204576e-01 2.869555162622298705e-01 2.574141427486742462e-01 2.315960917646929240e-01 2.086174415512362101e-01 1.878827535240955304e-01 1.689838823791449673e-01 1.516376959519364631e-01 1.356467374497996037e-01 1.208729844726910280e-01 1.072191741354776851e-01 9.461575985914658093e-02 8.301111488287374329e-02 7.236413655369436371e-02 6.263935044944884956e-02 5.380297462327342933e-02 4.582129110148400880e-02 3.865918608395507022e-02 3.227930068635497668e-02 2.664149934148196674e-02 2.169482822568984462e-02 1.733084314687727279e-02 1.386048564563054433e-02 8.376786115793365128e-03 7.955518286056362590e-03 5.784794458563499026e-03 3.991302594263845989e-03 2.626394163179771989e-03 6.738750093180136949e-04 7.653833943567001953e-05 0.000000000000000000e+00
1.408499775124705212e-03 1.354475496417867353e-02 1.465042345520851420e-02 1.570791316265968823e-02 1.672640924601134782e-02 1.770526679002349529e-02 1.860570442530904908e-02 1.942418413935388666e-02 2.020644762106021605e-02 2.085820366812683388e-02 2.142615037498502017e-02 2.190437050177246325e-02 2.227437823140847664e-02 2.249226071540353158e-02 2.300116448849027356e-02 2.233922429232708742e-02 2.204676517667155181e-02 2.157368359598033775e-02 2.091737471475545174e-02 2.009160454273668447e-02 1.912848880560473475e-02 1.813038933404219691e-02 1.690315556047037107e-02 1.566083542893630456e-02 1.434993684298876450e-02 1.306928126699843581e-02 1.169572187127229483e-02 1.035754638089741650e-02 8.908599301664328618e-03 7.528068745957470012e-03 6.133665135701502936e-03 4.682667275574245447e-03 1.408507880796303112e-03 1.390519949903501473e-02 1.506552202519590919e-02 1.614411685709120706e-02 1.720089233571954826e-02 1.818894354965397073e-02 1.907725739326510128e-02 1.985429520068314815e-02 2.058772866556609488e-02 2.116610568131752773e-02 2.164293117872119129e-02 2.201167399654662543e-02 2.226208251557220200e-02 2.233855908352896935e-02 2.266677433971926725e-02 2.195206167434117159e-02 2.151462982029454796e-02 2.091326713889416974e-02 2.015195713154506116e-02 1.921712988361050714e-02 1.816333337573192847e-02 1.709963345498483056e-02 1.576953279114254661e-02 1.446744867021368744e-02 1.307211785305192712e-02 1.174162715761690838e-02 1.029820304493129536e-02 8.872312317477053581e-03 7.385187160487655805e-03 5.930708761290657063e-03 4.367454670102360534e-03 2.635295129840598948e-03 8.681861274973054776e+01 3.186721689466665564e-01 2.844508915813067640e-01 2.553023579237490015e-01 2.298772524363465464e-01 2.072838995002738993e-01 1.869194750998566523e-01 1.683694228543879401e-01 1.513453949759961392e-01 1.356459640700960478e-01 1.211303405436942870e-01 1.076995625688247221e-01 9.528332572819021851e-02 8.383008359585580882e-02 7.329952986875021281e-02 6.365764874444698740e-02 5.487272175635400651e-02 4.691358204324447279e-02 3.974810155594134947e-02 3.334220010265474821e-02 2.765910968825767771e-02 2.265051371633269861e-02 1.820546518163630376e-02 1.467087649079557542e-02 8.879884479556622925e-03 8.565112963304120225e-03 6.295237130321702616e-03 4.398063332965111878e-03 2.935038197295332038e-03 8.102311181879620367e-04 1.314738442373845700e-04 0.000000000000000000e+00
1.295134159138051563e-03 1.293676345062134102e-02 1.401095131042173238e-02 1.504315681151104610e-02 1.604279374876196526e-02 1.701478081478158960e-02 1.791490925172496002e-02 1.874333796331240434e-02 1.954723124690154953e-02 2.023418706549320531e-02 2.085128757563213878e-02 2.138824012865329915e-02 2.183763528281264243e-02 2.214625215238536296e-02 2.233922429232708742e-02 2.243976811512945688e-02 2.210339857970590113e-02 2.176344458011017155e-02 2.120485998605175365e-02 2.045777244938708217e-02 1.957523302837270093e-02 1.864185436991194073e-02 1.745152640933587615e-02 1.624942315713959889e-02 1.496031427256595304e-02 1.369523107070284851e-02 1.232526326092648478e-02 1.098087596958503484e-02 9.525105766423519124e-03 8.132651782235388732e-03 6.716291189217920080e-03 5.229735417760381956e-03 1.295140829774610097e-03 1.327878920919855869e-02 1.440682896025821148e-02 1.546101469370168326e-02 1.650028487092398619e-02 1.748571738522759419e-02 1.837996081495589865e-02 1.917587545104046387e-02 1.994075730314986278e-02 2.056506927853650468e-02 2.110317190479059357e-02 2.154299734118636511e-02 2.188599216067403999e-02 2.207059846528947739e-02 2.214665821805079926e-02 2.212293274072773749e-02 2.161706116429083432e-02 2.115623626929047721e-02 2.049498333149924606e-02 1.963267580313453678e-02 1.865345155323122270e-02 1.764891388233839550e-02 1.635348428166080725e-02 1.508101715476773894e-02 1.370586005024125066e-02 1.238684554590121535e-02 1.094470436836330295e-02 9.513714771420662963e-03 8.017385059966958619e-03 6.550240357261610628e-03 4.976256528659543307e-03 3.205802586972928813e-03 8.560017581215799964e+01 3.111862249013044868e-01 2.778175622721200666e-01 2.494561446175762309e-01 2.247651175317521843e-01 2.028585850448504924e-01 1.831358417226822688e-01 1.651826460580881062e-01 1.487101954129263492e-01 1.335163879620958061e-01 1.194598423930068043e-01 1.064412476654504475e-01 9.439029286491042170e-02 8.325584049432871447e-02 7.299845649120327573e-02 6.358554151730755333e-02 5.498736899891436963e-02 4.717531363740693623e-02 4.012032261809202194e-02 3.379178706312772201e-02 2.815666808152046674e-02 2.316962277762265460e-02 1.871660773221146476e-02 1.518788897202252505e-02 9.103854278171032849e-03 8.988152705545133722e-03 6.663925850551948547e-03 4.701302979656611994e-03 3.174086666266146429e-03 8.936493544392479661e-04 1.601056113588045498e-04 0.000000000000000000e+00
