3.403288960368524695e-03 2.597970302978706587e-03 2.497344449996849111e-03 2.395209975491888795e-03 2.291557481093419064e-03 2.186508578639351479e-03 2.080283326843151114e-03 1.973174088793714850e-03 1.865528414824508706e-03 1.757737922016673615e-03 1.650229697339724178e-03 1.543458145468941086e-03 1.437896364669209032e-03 1.334026701541431593e-03 1.232330396125049226e-03 1.133276433963837423e-03 1.037309925661652945e-03 9.448404929220074241e-04 8.562312311827835780e-04 7.717888786269418502e-04 6.917558917825885906e-04 6.163051841290092831e-04 5.455382216705545592e-04 4.794868825634986250e-04 4.181189729198572379e-04 3.613466856435696090e-04 3.090368247926574582e-04 2.610215088306943286e-04 2.171083749853999995e-04 1.770898842141689362e-04 1.407519627389681581e-04 1.078831498555457211e-04 7.829004116135364702e-05 3.403289173696032698e-03 2.588080922711080267e-03 2.470591914699155674e-03 2.381647530563536438e-03 2.271525463694889710e-03 2.154194045071832018e-03 2.041203049961519411e-03 1.941208450552678972e-03 1.835424722491071524e-03 1.729929704077382176e-03 1.630764577846553851e-03 1.533748793568955916e-03 1.441224548503915095e-03 1.362408614434226220e-03 1.269425263343148093e-03 1.201202967217155715e-03 1.112510847272626122e-03 1.045951865449198676e-03 9.622846608718690475e-04 9.359450617254068882e-04 8.593598409347756682e-04 7.709588970381651843e-04 6.773690003711707987e-04 6.281205161523322703e-04 5.605619044538055805e-04 5.021955735179577194e-04 4.251692568352376288e-04 3.717418645638201433e-04 3.082932400008226662e-04 2.777034379122430012e-04 2.099929960709919548e-04 1.475034398320406348e-04 9.815430280640585411e-05 6.174832955831611883e-04 7.507009829152917800e-04 9.207337013992537497e-04 9.255707983713277239e-04 9.576526500609718745e-04 9.938528930217658403e-04 9.683631867577760987e-04 9.336733580057210869e-04 8.772691165318609492e-04 7.752666779985030844e-04 6.754574023553434545e-04 5.936358045178388677e-04 5.161693200083799539e-04 4.131846472435820607e-04 2.734720381000856136e-04 1.496058885298942479e-04 1.051031567433690130e-05 -1.030313889633240705e-04 -2.301748081409407589e-04 -4.032184665031927386e-04 -5.664208357592855504e-04 -7.278152350142876904e-04 -8.833034719134751989e-04 -1.028713657379419673e-03 -1.161541536212820115e-03 -1.276507573853475014e-03 -1.373325762759587589e-03 -1.460001305040658798e-03 -1.522618991637980602e-03 -1.541258519709635998e-03 -1.531128046100063743e-03 -1.502823907742259751e-03 -1.474341562096216250e-03
2.597970302978706587e-03 1.213403740532214593e-02 1.287175722866794846e-02 1.349759370683289647e-02 1.400985104164041012e-02 1.440822536870298154e-02 1.469360373850958461e-02 1.486795570324673209e-02 1.493430050894268071e-02 1.489668846905519914e-02 1.476015357160090878e-02 1.453062565377936932e-02 1.421480962563186415e-02 1.382004455849099485e-02 1.335415339553106678e-02 1.282529024945044255e-02 1.224178943000123546e-02 1.161201899328112574e-02 1.094424128956208303e-02 1.024648315974293310e-02 9.526418708023188728e-03 8.791267695388682579e-03 8.047712333315044236e-03 7.301834468387074020e-03 6.559073868277582979e-03 5.824206776880020558e-03 5.101342462470197583e-03 4.393934512692556325e-03 3.704803354792282361e-03 3.036166834460602912e-03 2.389676461504442601e-03 1.766458575024294287e-03 1.167169027472119000e-03 2.597978690253493605e-03 1.240879232981850940e-02 1.313677950621404238e-02 1.377715911574953038e-02 1.427030599586219355e-02 1.463345360557959454e-02 1.489509348570006338e-02 1.505374249650178776e-02 1.510981218184542785e-02 1.506600316917031980e-02 1.495851127072192997e-02 1.477125190933527461e-02 1.453327379928242603e-02 1.423277159447566137e-02 1.386183372159973184e-02 1.347972922472487171e-02 1.303079763581242723e-02 1.255271114455387346e-02 1.203060297976876573e-02 1.149465503544669191e-02 1.085999448519257490e-02 1.025060245687876154e-02 9.548045701532201918e-03 8.816373485216286165e-03 8.071451703658956076e-03 7.249095919487059080e-03 6.363659344058485504e-03 5.487129229045870256e-03 4.557615253565629534e-03 3.605359955554230614e-03 2.524476325257390789e-03 1.434705100271271416e-03 3.531097690838338869e-04 4.310507750282636680e-04 9.668075165738418365e-04 2.371648877548608939e-03 3.769886850604716941e-03 5.345055358141203791e-03 7.091108040591378829e-03 8.940201423805926167e-03 1.074028297814820163e-02 1.250887920630085366e-02 1.422027061488271259e-02 1.578721641694833325e-02 1.716042519158512622e-02 1.832240941590869421e-02 1.921560143213841762e-02 1.978582331980965198e-02 2.016009197438523720e-02 2.012527521564889260e-02 1.968913503638448914e-02 1.902211240793824296e-02 1.796030299977964192e-02 1.658680868389571239e-02 1.493058931959309610e-02 1.303656554224883607e-02 1.094136343176812555e-02 8.683241937360386756e-03 6.319791785746762744e-03 3.917085366498481575e-03 1.534810298296639727e-03 -7.623840172436796396e-04 -2.898726354037864904e-03 -4.814934789324836276e-03 -6.445518226971162258e-03 -7.814257837905451420e-03
2.497344449996849111e-03 1.287175722866794846e-02 1.369529293333626198e-02 1.439992688093767910e-02 1.498314960801998101e-02 1.544395434393378008e-02 1.578265936502860553e-02 1.600081603001134514e-02 1.610118574558672133e-02 1.608772364398255300e-02 1.596552610063151773e-02 1.574073178108762600e-02 1.542038566797435291e-02 1.501228070242387712e-02 1.452478908512371165e-02 1.396669096056586852e-02 1.334700504277765501e-02 1.267482424085733007e-02 1.195915899930470074e-02 1.120879125969250628e-02 1.043214224768354396e-02 9.637157408990218790e-03 8.831211529946743008e-03 8.021036237539136415e-03 7.212670713379662653e-03 6.411434813028695293e-03 5.621922228345950338e-03 4.848010253784782071e-03 4.092882352896911290e-03 3.359060017558742305e-03 2.648441165240861869e-03 1.962343987673501218e-03 1.301564780225301097e-03 2.497353041440506308e-03 1.317600816917675888e-02 1.399236394390445705e-02 1.471302763864411507e-02 1.527659971311386491e-02 1.570001085347773676e-02 1.601195889675165879e-02 1.621048201533307337e-02 1.629744009791704931e-02 1.627514472008828941e-02 1.618118785486797467e-02 1.599968392087714950e-02 1.576153766159908709e-02 1.545284904558608813e-02 1.506841266567395497e-02 1.466789408884516463e-02 1.419554346801885081e-02 1.368840998054204894e-02 1.313465063520549529e-02 1.255874018619090177e-02 1.187859792175224513e-02 1.122607192469405810e-02 1.047068320326069620e-02 9.679068527074756109e-03 8.873021754008964673e-03 7.979220138707929233e-03 7.017047800569757403e-03 6.060490194581579122e-03 5.045569477697754365e-03 4.000747974573018451e-03 2.817053797554059172e-03 1.619793659365937732e-03 4.287326195744633767e-04 4.125071139167102116e-04 8.253293074526566213e-04 2.320894804449117992e-03 3.830235310370390823e-03 5.537092912280947368e-03 7.440125777967653529e-03 9.468310444700310177e-03 1.145416375285849414e-02 1.341693919036074031e-02 1.533307744453146076e-02 1.709809938945800606e-02 1.865448190197725037e-02 1.998482620285992051e-02 2.102799821785177395e-02 2.172535749552007359e-02 2.221291002381564628e-02 2.225344227245844297e-02 2.185263261226139814e-02 2.119815514968792849e-02 2.011514724421861397e-02 1.868572346058431852e-02 1.694229334026875131e-02 1.493239743041829305e-02 1.269463542101835311e-02 1.027039000039562180e-02 7.722756426041068635e-03 5.125013485261424237e-03 2.544330332161555235e-03 5.038663186752336660e-05 -2.276011976574851894e-03 -4.367903992425408582e-03 -6.150486454696876652e-03 -7.643037779399505099e-03
2.395209975491888795e-03 1.349759370683289647e-02 1.439992688093767910e-02 1.517808794303750382e-02 1.582869229827622501e-02 1.634992710155161108e-02 1.674141606739225005e-02 1.700415666402995546e-02 1.714051332979870876e-02 1.715420638816399224e-02 1.705025615571590172e-02 1.683487437721183436e-02 1.651531464837633148e-02 1.609969817220714000e-02 1.559682802529200295e-02 1.501600031932675064e-02 1.436681720334364795e-02 1.365900504790827641e-02 1.290224080047149349e-02 1.210598971355922836e-02 1.127935796035279929e-02 1.043096376940762238e-02 9.568830397136547997e-03 8.700303363874449178e-03 7.831992940559470012e-03 6.969741131822932562e-03 6.118610739224447301e-03 5.282892903266893543e-03 4.466129062336733103e-03 3.671143493353120485e-03 2.900083316652483229e-03 2.154464521792202793e-03 1.435232389739583315e-03 2.395218599902259552e-03 1.382835683809850377e-02 1.472650042828730493e-02 1.552251317945795885e-02 1.615336428073350927e-02 1.663545325079883799e-02 1.699733184804151295e-02 1.723649747909329968e-02 1.735606916437716640e-02 1.735794012307902492e-02 1.728057546534077227e-02 1.710859779286239002e-02 1.687441861860978706e-02 1.656224170271081500e-02 1.616944454496982778e-02 1.575576688055746466e-02 1.526548250896887608e-02 1.473515860889586075e-02 1.415573537739709016e-02 1.354615928864080256e-02 1.282714707256568491e-02 1.213752384874078848e-02 1.133585047242141250e-02 1.049125673025730343e-02 9.630682780159218262e-03 8.672329245401594333e-03 7.640354671255767359e-03 6.610438443512727143e-03 5.516800696673672399e-03 4.386041707850766094e-03 3.106712876524109126e-03 1.808553413411420185e-03 5.142801755624675474e-04 3.944000864325891589e-04 6.579253862729182332e-04 2.226924759351441453e-03 3.829390967814881412e-03 5.649769709455702317e-03 7.691893258043256028e-03 9.881451525480849235e-03 1.203779662923427224e-02 1.418173917158226452e-02 1.629230033321094756e-02 1.824840697932230207e-02 1.998451807656367180e-02 2.148323833630803176e-02 2.267990955080288057e-02 2.351170643834139817e-02 2.412313122866254975e-02 2.425330426737937889e-02 2.390638360171239152e-02 2.328436812822660268e-02 2.220288742137684068e-02 2.074213140468176078e-02 1.893751908592670660e-02 1.683855078803831937e-02 1.448527836220700124e-02 1.192184042220285553e-02 9.216489756166948086e-03 6.449358251370706022e-03 3.694780460282971399e-03 1.027130840518007638e-03 -1.468238186619541833e-03 -3.717121036116020644e-03 -5.635397686540818442e-03 -7.236578624809522284e-03
2.291557481093419064e-03 1.400985104164041012e-02 1.498314960801998101e-02 1.582869229827622501e-02 1.654220188530879446e-02 1.712099914055354929e-02 1.756392422059526240e-02 1.787131327366853900e-02 1.804501396127845825e-02 1.808838331576817504e-02 1.800623141665499971e-02 1.780470615642795393e-02 1.749113300332620635e-02 1.707382762053029010e-02 1.656189546572203394e-02 1.596502732638696576e-02 1.529329611568381979e-02 1.455695859387071307e-02 1.376626533717057767e-02 1.293128250848489709e-02 1.206172930474017600e-02 1.116683506309274973e-02 1.025521966605096209e-02 9.334799940113680874e-03 8.412723226496341203e-03 7.495327464988423179e-03 6.588125362624955468e-03 5.695808923045631370e-03 4.822270048301111403e-03 3.970633069366843321e-03 3.143295729541612394e-03 2.341976806438008339e-03 1.567778513692997351e-03 2.291565990690609157e-03 1.436369468846634273e-02 1.533615924716682025e-02 1.620168462073477006e-02 1.689584527134575104e-02 1.743427228899340278e-02 1.784505859505627900e-02 1.812505479439195655e-02 1.827846571522241323e-02 1.830673080917490786e-02 1.824868691087780381e-02 1.808974025322115584e-02 1.786345979722247374e-02 1.755237944141370757e-02 1.715628787367957930e-02 1.673472184892799142e-02 1.623204805688159558e-02 1.568453127339730635e-02 1.508558934005040271e-02 1.444888184915428704e-02 1.369793608595094511e-02 1.297757893592641626e-02 1.213659237405759379e-02 1.124641727151449132e-02 1.033837684127398258e-02 9.322924625336846335e-03 8.228658798145606704e-03 7.132662248341399211e-03 5.967639571514382103e-03 4.758245261181606213e-03 3.391257767500017485e-03 1.999622272214889029e-03 6.092454980219594047e-04 3.766738017985263938e-04 4.701489075487183989e-04 2.095139352253762386e-03 3.772074549546570402e-03 5.686648466088748202e-03 7.848335898017816045e-03 1.017962835954306679e-02 1.248900872558532382e-02 1.479877326365883726e-02 1.709092532861382352e-02 1.922868181408191046e-02 2.113883029348811310e-02 2.280391441962695970e-02 2.415585281790028419e-02 2.512793594409549330e-02 2.587258236794182445e-02 2.610587633901420568e-02 2.583105182371869465e-02 2.526133735757061030e-02 2.420435551824874978e-02 2.273746582904206601e-02 2.089859516979394524e-02 1.873850494688041393e-02 1.629814593772773226e-02 1.362399964202862072e-02 1.078906412995396524e-02 7.879903686115675293e-03 4.977645494094035811e-03 2.160990440896952414e-03 -4.806748637400138648e-04 -2.866362150838053322e-03 -4.902644311244571187e-03 -6.596007364488753501e-03
2.186508578639351479e-03 1.440822536870298154e-02 1.544395434393378008e-02 1.634992710155161108e-02 1.712099914055354929e-02 1.775361007270532740e-02 1.824576932558786072e-02 1.859707870093778651e-02 1.880877500687653733e-02 1.888374086555814554e-02 1.882645197218709918e-02 1.864285940573873201e-02 1.834022293543733848e-02 1.792691439394603070e-02 1.741220597086702224e-02 1.680605285934011831e-02 1.611887596357352084e-02 1.536134871158292489e-02 1.454419169992054138e-02 1.367797914679383733e-02 1.277296144845742332e-02 1.183890822351397858e-02 1.088497585479616253e-02 9.919602540109370009e-03 8.950432271396710146e-03 7.984267230205751784e-03 7.027046211683438473e-03 6.083845279941991514e-03 5.158896180979337040e-03 4.255618087493544602e-03 3.376658851428698642e-03 2.523943568795549135e-03 1.698738287359755116e-03 2.186516847341701038e-03 1.478136171759451833e-02 1.581987683026169281e-02 1.674821754537652793e-02 1.750089406234068071e-02 1.809253285326798549e-02 1.855050117019764119e-02 1.887086579824078306e-02 1.905876240440580391e-02 1.911513711241698277e-02 1.907872411610684812e-02 1.893595135171971533e-02 1.872119798248549072e-02 1.841558167181771982e-02 1.802108677492375577e-02 1.759681090784495985e-02 1.708724799483861065e-02 1.652857297723059338e-02 1.591631791801590909e-02 1.525915781082719767e-02 1.448344931160292122e-02 1.373896802041672457e-02 1.286598808526260435e-02 1.193799880188517806e-02 1.098995610052458383e-02 9.925368675690110151e-03 8.776861728073223623e-03 7.622636475044065191e-03 6.394176384273654243e-03 5.114106629187879956e-03 3.668230620371199045e-03 2.191372318889939653e-03 7.128611556809782718e-04 3.592837177905826773e-04 2.679446368134036534e-04 1.931736325529059741e-03 3.664197977134371793e-03 5.652832907422508657e-03 7.913208761119243720e-03 1.036488488396096301e-02 1.280778516716250467e-02 1.526571286382376151e-02 1.772403938089596800e-02 2.003138412720448583e-02 2.210735540216350256e-02 2.393442268860544730e-02 2.544125480545953583e-02 2.655758527341287381e-02 2.744310237962544266e-02 2.779170123797592915e-02 2.760631278304865460e-02 2.710818328617186843e-02 2.609846122306618693e-02 2.465081473712335894e-02 2.280512387525580192e-02 2.061268235152757117e-02 1.811475868467627565e-02 1.535971632611094970e-02 1.242481332574153080e-02 9.402548470734328409e-03 6.380402024043871356e-03 3.440993591957502377e-03 6.772064237352522567e-04 -1.823673995326427011e-03 -3.958950540706316669e-03 -5.726861994050541291e-03
2.080283326843151114e-03 1.469360373850958461e-02 1.578265936502860553e-02 1.674141606739225005e-02 1.756392422059526240e-02 1.824576932558786072e-02 1.878412362170195360e-02 1.917781715788192953e-02 1.942741057737068511e-02 1.953522260181069642e-02 1.950528537061387360e-02 1.934322931001810839e-02 1.905611507741527752e-02 1.865223246129414994e-02 1.814088156033673987e-02 1.753214604192665504e-02 1.683666456711877674e-02 1.606540485704415280e-02 1.522944460175273615e-02 1.433976367748135763e-02 1.340705244736480235e-02 1.244154098709279732e-02 1.145285366799008581e-02 1.044989248063921301e-02 9.440750818134634181e-03 8.432657415687839705e-03 7.431948163144091839e-03 6.444061981154289818e-03 5.473556152757759648e-03 4.524136438146998500e-03 3.598697817009049484e-03 2.699373276999445220e-03 1.827598097700043091e-03 2.080291248715095132e-03 1.508199592232972383e-02 1.617760700158504469e-02 1.716128966388513408e-02 1.796690891399287116e-02 1.860786187415418638e-02 1.911057394187705427e-02 1.947017243236021100e-02 1.969258790096591397e-02 1.977823049242562539e-02 1.976528823608421359e-02 1.964140805352536726e-02 1.944143596475494257e-02 1.914535203563297316e-02 1.875708295657277716e-02 1.833508632607409525e-02 1.782399407331666102e-02 1.726012974269751019e-02 1.664072747180430148e-02 1.596983864803125375e-02 1.517667094347391506e-02 1.441482955310093884e-02 1.351743167576782007e-02 1.255968303252805694e-02 1.157942775844323507e-02 1.047410880675802430e-02 9.279889904357995975e-03 8.075802237875321851e-03 6.792417657971287943e-03 5.450250041357119352e-03 3.935014953022671763e-03 2.381985728181195121e-03 8.241453617347312306e-04 3.421902466343948479e-04 5.723636501079762770e-05 1.743225026895450216e-03 3.512371972612211499e-03 5.554530677349608057e-03 7.891764065980714712e-03 1.044110969559031328e-02 1.299622787329378359e-02 1.558252764196100572e-02 1.818911647472009480e-02 2.065133725105609136e-02 2.288225887527328001e-02 2.486433491797189130e-02 2.652324005448041672e-02 2.778551178494770638e-02 2.881741720641188900e-02 2.929173018602868050e-02 2.921171302365702452e-02 2.880338369172364896e-02 2.786296023008714637e-02 2.645961859735684527e-02 2.463459647318791759e-02 2.243897344479321362e-02 1.991373443926599401e-02 1.710861711766741358e-02 1.410457643025971562e-02 1.099946308033445362e-02 7.886595642327819122e-03 4.852060439298231526e-03 1.991676438653786421e-03 -6.014802615465318766e-04 -2.815518594846704373e-03 -4.639267717667459184e-03
1.973174088793714850e-03 1.486795570324673209e-02 1.600081603001134514e-02 1.700415666402995546e-02 1.787131327366853900e-02 1.859707870093778651e-02 1.917781715788192953e-02 1.961158284957047540e-02 1.989822401925016304e-02 2.003943003459071615e-02 2.003869914972235614e-02 1.990123112889385579e-02 1.963376329057006306e-02 1.924437018643751496e-02 1.874224240768168626e-02 1.813745454525286446e-02 1.744072873885015029e-02 1.666319874615428479e-02 1.581617925442086597e-02 1.491094543959944028e-02 1.395852807548694785e-02 1.296952953860332387e-02 1.195396561527939383e-02 1.092113692352337899e-02 9.879532032876576358e-03 8.836762258676144483e-03 7.799526026163456152e-03 6.773599055603272794e-03 5.763845688141272343e-03 4.774246478908919684e-03 3.807937595420236507e-03 2.867259055681140294e-03 1.953818810272908626e-03 1.973181576609178874e-03 1.526743209411462847e-02 1.641064816883793312e-02 1.744154392556328606e-02 1.829383502112255644e-02 1.897948577212160703e-02 1.952381717827448779e-02 1.992085489153948633e-02 2.017720737760426292e-02 2.029270423112537747e-02 2.030457750242019993e-02 2.020184694151759552e-02 2.001948772443976413e-02 1.973664173864881494e-02 1.935889395788967932e-02 1.894388921659358876e-02 1.843639735102348132e-02 1.787314643441481263e-02 1.725262247901423671e-02 1.657467002605537282e-02 1.577136872945501117e-02 1.499898364638814138e-02 1.408489179854467699e-02 1.310562959420044638e-02 1.210118258302382913e-02 1.096388713045242519e-02 9.732884379626381352e-03 8.487736262986588301e-03 7.158434644975952832e-03 5.763302237652400024e-03 4.188933669139745068e-03 2.569527128523112561e-03 9.419464402597856967e-04 3.253540778790396724e-04 -1.563660504384106504e-04 1.536065298969980803e-03 3.323519035065596733e-03 5.398685289185480539e-03 7.790443216198122099e-03 1.041382023540098241e-02 1.305845477307557290e-02 1.575151601354631004e-02 1.848619121302131491e-02 2.108604842370786006e-02 2.345839616486146070e-02 2.558580995443446998e-02 2.739131317713132743e-02 2.879864986474586774e-02 2.997995358680020928e-02 3.058816920078361729e-02 3.062752356536626100e-02 3.032561618023894845e-02 2.947526551463603567e-02 2.814043136319411761e-02 2.636308841612831216e-02 2.419335404005016829e-02 2.167131985275771652e-02 1.884754845055932465e-02 1.580604992238124687e-02 1.264935516438020491e-02 9.476025041706435947e-03 6.375113254536910606e-03 3.444793209976808757e-03 7.834072455847467279e-04 -1.488086857650822116e-03 -3.348034628229933519e-03
1.865528414824508706e-03 1.493430050894268071e-02 1.610118574558672133e-02 1.714051332979870876e-02 1.804501396127845825e-02 1.880877500687653733e-02 1.942741057737068511e-02 1.989822401925016304e-02 2.022034249600019803e-02 2.039478545489456854e-02 2.042444844702137607e-02 2.031400829161325236e-02 2.006976850680882926e-02 1.969946505037770829e-02 1.921204770256824609e-02 1.861744716809598729e-02 1.792633460706551801e-02 1.714987896623985930e-02 1.629950736119524513e-02 1.538667406982385973e-02 1.442264398874646553e-02 1.341829643196116445e-02 1.238395469291807618e-02 1.132924566552479320e-02 1.026299203732813393e-02 9.193137387606947070e-03 8.126702348325203287e-03 7.069768223109479388e-03 6.027483385904513352e-03 5.004087440655948307e-03 4.002948408142355946e-03 3.026609600044017061e-03 2.076852683882056579e-03 1.865535398710496456e-03 1.534066868976851662e-02 1.652162859130930361e-02 1.759109952225543574e-02 1.848320253859421156e-02 1.920829534463426927e-02 1.979048655409769777e-02 2.022254319064539091e-02 2.051165364133237731e-02 2.065702253506982583e-02 2.069455250902358864e-02 2.061474525071745750e-02 2.045237505328563465e-02 2.018605963247416604e-02 1.982273538582600067e-02 1.941908153371417131e-02 1.892000763991191770e-02 1.836291040104667815e-02 1.774705095134380961e-02 1.706853557032860305e-02 1.626233227771094539e-02 1.548616409697833526e-02 1.456313309187075647e-02 1.357068573391748481e-02 1.255019160250179198e-02 1.138992145907810789e-02 1.013136461774250159e-02 8.854297577846321696e-03 7.488492229238336885e-03 6.050002190897490160e-03 4.427332348372661416e-03 2.752004099649083858e-03 1.064978529339548818e-03 3.087337665867696487e-04 -3.677399333732928911e-04 1.316439593618324395e-03 3.104609073579688711e-03 5.192699914808625826e-03 7.616617641538930492e-03 1.028994868306170457e-02 1.300045584955144586e-02 1.577725342800124705e-02 1.861791806441596975e-02 2.133589139486639225e-02 2.383362174410153314e-02 2.609402187491948605e-02 2.803789321029999740e-02 2.958663747426863028e-02 3.091754203104778165e-02 3.166523965888834447e-02 3.183553673841161419e-02 3.165457121156304426e-02 3.091325553327187864e-02 2.966970301457744555e-02 2.796599796656805068e-02 2.585056462699675262e-02 2.336199851027275995e-02 2.055110584326383730e-02 1.750423480065257595e-02 1.432783485170974896e-02 1.112502884710342248e-02 7.987290378509858194e-03 5.014549902118640295e-03 2.309876976744714393e-03 3.105087822609987608e-06 -1.872671193451304035e-03
1.757737922016673615e-03 1.489668846905519914e-02 1.608772364398255300e-02 1.715420638816399224e-02 1.808838331576817504e-02 1.888374086555814554e-02 1.953522260181069642e-02 2.003943003459071615e-02 2.039478545489456854e-02 2.060162226917047756e-02 2.066218743335573177e-02 2.058056307189294262e-02 2.036252594204662411e-02 2.001536413037109663e-02 1.954766582057892652e-02 1.896909005665580253e-02 1.829012636998675334e-02 1.752184901455826338e-02 1.667567154642803778e-02 1.576310783474075411e-02 1.479554588989970797e-02 1.378404092344781562e-02 1.273913359670809237e-02 1.167069827823187522e-02 1.058782431425382697e-02 9.498731078884976517e-03 8.410715314105211490e-03 7.330127391643661595e-03 6.262371905267732387e-03 5.211927496839198135e-03 4.182380954908481580e-03 3.176471890468361963e-03 2.196153947088829404e-03 1.757744348141597251e-03 1.530584192765695184e-02 1.651448825935208573e-02 1.761354904421560258e-02 1.853814176734914360e-02 1.929687978738413301e-02 1.991260434541147761e-02 2.037668297390778441e-02 2.069680516295580724e-02 2.087150948029016170e-02 2.093503499633609169e-02 2.087943016604797489e-02 2.073894865515381672e-02 2.049200475585305145e-02 2.014656502145692821e-02 1.975820151249770354e-02 1.927197870886472944e-02 1.872622443290319905e-02 1.812048327123952363e-02 1.744763852801434201e-02 1.664555447197365798e-02 1.587219839579467537e-02 1.494789097646129564e-02 1.395055397098656641e-02 1.292216542803177604e-02 1.174805351741117949e-02 1.047136350490540484e-02 9.171749951785150567e-03 7.779157784353242164e-03 6.307294929421228095e-03 4.647650088914199486e-03 2.927419320029955776e-03 1.191853400146175405e-03 2.922857995917145469e-04 -5.723404699571345809e-04 1.090115599876898813e-03 2.862477194483327870e-03 4.944219616813710048e-03 7.378353719965992895e-03 1.007761266619912853e-02 1.282989480703234861e-02 1.566645024296833485e-02 1.858950839378957845e-02 2.140414100380559626e-02 2.400893254454654693e-02 2.638741549148182833e-02 2.845867876022002002e-02 3.014228529721592331e-02 3.161998047695519648e-02 3.250982211945661199e-02 3.281977442573531106e-02 3.277170395713381590e-02 3.215604958857350149e-02 3.102455747441599035e-02 2.941880714689544887e-02 2.738483662158072360e-02 2.495916743309390881e-02 2.219224941618710631e-02 1.917198434414484412e-02 1.600789214049732137e-02 1.280689357431994031e-02 9.662288225700674943e-03 6.675155391315221870e-03 3.952740567350281932e-03 1.633485082081209943e-03 -2.372670216227905707e-04
1.650229697339724178e-03 1.476015357160090878e-02 1.596552610063151773e-02 1.705025615571590172e-02 1.800623141665499971e-02 1.882645197218709918e-02 1.950528537061387360e-02 2.003869914972235614e-02 2.042444844702137607e-02 2.066218743335573177e-02 2.075349166556535868e-02 2.070179891666637170e-02 2.051228634721882077e-02 2.019170232571464857e-02 1.974816693657400341e-02 1.919095073265796036e-02 1.853023860889865468e-02 1.777688479835892038e-02 1.694216511801922148e-02 1.603753300089740333e-02 1.507438617631500118e-02 1.406385091429117155e-02 1.301659032041828021e-02 1.194264204734983917e-02 1.085128896652596403e-02 9.750964073419769382e-03 8.649188579413815900e-03 7.552540158530706739e-03 6.466646938692996102e-03 5.396202140621571795e-03 4.344994230832091749e-03 3.315948566655344595e-03 2.311185909390840731e-03 1.650235526616776558e-03 1.516816547425384534e-02 1.639441660681535684e-02 1.751390183685787305e-02 1.846333683265762027e-02 1.924949333561684281e-02 1.989393907152164215e-02 2.038652653334648360e-02 2.073538663979725832e-02 2.093835802192550721e-02 2.102772449149312162e-02 2.099710414780235623e-02 2.087992405057101722e-02 2.065471365051819649e-02 2.033014248683115074e-02 1.996053732203738329e-02 1.949115482768671442e-02 1.896150530419363905e-02 1.837092133221086138e-02 1.770961883708987300e-02 1.691835422879752610e-02 1.615413455163950199e-02 1.523599942830233291e-02 1.424191797333729248e-02 1.321367709032214045e-02 1.203486597152118691e-02 1.074953579246542418e-02 9.436862964383813113e-03 8.027393367869346819e-03 6.532413317832442591e-03 4.847483116867558686e-03 3.093820229627085739e-03 1.321115045732841435e-03 2.759671139536969652e-04 -7.662431893988705042e-04 8.623588817851920909e-04 2.603684677143307778e-03 4.660940288822186355e-03 7.084179845739266290e-03 9.785858569655261907e-03 1.255585209320659798e-02 1.542772028573724009e-02 1.840854926156889823e-02 2.129686438125174761e-02 2.398844909477636234e-02 2.646778924355966053e-02 2.865283921213680404e-02 3.046187816634456438e-02 3.208044246998936755e-02 3.311196207424786653e-02 3.356708219782156277e-02 3.366089683595557130e-02 3.318472121980105272e-02 3.218353755569636904e-02 3.069783909857646403e-02 2.877064346630891015e-02 2.643586468560997493e-02 2.374299373555793097e-02 2.078064623461274227e-02 1.766048575272106264e-02 1.449238762828139633e-02 1.137084157575716029e-02 8.397462880831695411e-03 5.683110764556302714e-03 3.374476451118202207e-03 1.529786788097306158e-03
1.543458145468941086e-03 1.453062565377936932e-02 1.574073178108762600e-02 1.683487437721183436e-02 1.780470615642795393e-02 1.864285940573873201e-02 1.934322931001810839e-02 1.990123112889385579e-02 2.031400829161325236e-02 2.058056307189294262e-02 2.070179891666637170e-02 2.068048197698340793e-02 2.052113850186370811e-02 2.022990499633884123e-02 1.981434412487795629e-02 1.928323534720162435e-02 1.864634700095848391e-02 1.791419593783492858e-02 1.709780109244724705e-02 1.620843784672187926e-02 1.525740042671354726e-02 1.425577967649517032e-02 1.321426318443596690e-02 1.214296366801469185e-02 1.105127972835636546e-02 9.947790814491144426e-03 8.840185879744914474e-03 7.735223135665043707e-03 6.638716775098369403e-03 5.555545654186120480e-03 4.489678692632763195e-03 3.444212682610987581e-03 2.421427278794770124e-03 1.543463352256943793e-03 1.493382606244213727e-02 1.616773846777334531e-02 1.729846750074259809e-02 1.826491296639613446e-02 1.907195073771446661e-02 1.973991119833725869e-02 2.025704852280400120e-02 2.063189379443012769e-02 2.086156305600294150e-02 2.097613885104854595e-02 2.097079389773066904e-02 2.087784078135567281e-02 2.067623132958969559e-02 2.037501320966354432e-02 2.002712714287208443e-02 1.957808616327481183e-02 1.906881462848248124e-02 1.849794393697071562e-02 1.785361089636164356e-02 1.707944532184081307e-02 1.633031893279980259e-02 1.542547555303902182e-02 1.444253023690363243e-02 1.342225173756585177e-02 1.224777147064945622e-02 1.096324309614246303e-02 9.646994697328882887e-03 8.230634053633638023e-03 6.722950348292651770e-03 5.024644616350793305e-03 3.249349623649661761e-03 1.451280543728137489e-03 2.597397994016238231e-04 -9.461584401406648035e-04 6.378734841554702280e-04 2.334404156116619625e-03 4.350432293852526944e-03 6.742852442083689668e-03 9.424382883266068170e-03 1.218852176468238589e-02 1.507127736217672015e-02 1.808472386474841570e-02 2.102268925274472164e-02 2.377925333739279445e-02 2.634022055884723684e-02 2.862304113605288955e-02 3.054531075854280756e-02 3.229572432089498901e-02 3.346522491533906324e-02 3.406758992895506793e-02 3.430900818829132892e-02 3.398292133159501460e-02 3.312728644087017255e-02 3.178098067129928733e-02 2.998344612970641268e-02 2.776551952110047766e-02 2.517514614767080508e-02 2.230077649217080196e-02 1.925522449825253779e-02 1.615040604340282557e-02 1.308133038701674543e-02 1.014953815917040043e-02 7.468929335888823719e-03 5.193984023811677904e-03 3.396241958863059195e-03
1.437896364669209032e-03 1.421480962563186415e-02 1.542038566797435291e-02 1.651531464837633148e-02 1.749113300332620635e-02 1.834022293543733848e-02 1.905611507741527752e-02 1.963376329057006306e-02 2.006976850680882926e-02 2.036252594204662411e-02 2.051228634721882077e-02 2.052113850186370811e-02 2.039292814307934812e-02 2.013312860690667783e-02 1.974867491849413570e-02 1.924776957584357906e-02 1.863966641031384805e-02 1.793443856483812812e-02 1.714273705219507629e-02 1.627554692359363051e-02 1.534394852122028356e-02 1.435889147755877934e-02 1.333098884885905097e-02 1.227033778949954655e-02 1.118637144643550366e-02 1.008774452052717090e-02 8.982252580996679184e-03 7.876783072745771261e-03 6.777294273294694714e-03 5.688817369406178916e-03 4.615476380001973765e-03 3.560521377642107341e-03 2.526379167943012833e-03 1.437900935466154828e-03 1.460984465025631437e-02 1.584176037882087038e-02 1.697469343358108326e-02 1.795027234478948838e-02 1.877146694270101848e-02 1.945744041428944943e-02 1.999480204899554622e-02 2.039245843728401328e-02 2.064679506577752136e-02 2.078549573609008230e-02 2.080524026782813035e-02 2.073696204683873542e-02 2.056032246504294059e-02 2.028443231984764644e-02 1.996069985816932915e-02 1.953498571974244397e-02 1.904983313938301073e-02 1.850269803737506283e-02 1.788025025663513706e-02 1.712895818661180555e-02 1.640043090671714637e-02 1.551556569489458311e-02 1.455126555474233613e-02 1.354642646540005733e-02 1.238507632263265330e-02 1.111061764814621870e-02 9.800157641689273211e-03 8.386853424066817789e-03 6.876922303550941050e-03 5.177221671335305135e-03 3.392297633325818719e-03 1.580887263726435225e-03 2.435773755877676766e-04 -1.109427091482539712e-03 4.207626530657058235e-04 2.060325073620882397e-03 4.019981093521187050e-03 6.363130623900581199e-03 9.003248572828630170e-03 1.173888523990279306e-02 1.460858699950680351e-02 1.762946335276214735e-02 2.059247969362025185e-02 2.339111204793917209e-02 2.601285882060330040e-02 2.837532918049158470e-02 3.039606975589931315e-02 3.226633586804392856e-02 3.356689724386163060e-02 3.431502837325122596e-02 3.470629027614888229e-02 3.453738884447400681e-02 3.383913911813513087e-02 3.264834046687579983e-02 3.100040122621439131e-02 2.892269242604411303e-02 2.646106110496184230e-02 2.370289366406510764e-02 2.076111106538656298e-02 1.774869760530764853e-02 1.476048649182115126e-02 1.189734250218609478e-02 9.275621659098879160e-03 7.057016629147466052e-03 5.326582335403557203e-03
1.334026701541431593e-03 1.382004455849099485e-02 1.501228070242387712e-02 1.609969817220714000e-02 1.707382762053029010e-02 1.792691439394603070e-02 1.865223246129414994e-02 1.924437018643751496e-02 1.969946505037770829e-02 2.001536413037109663e-02 2.019170232571464857e-02 2.022990499633884123e-02 2.013312860690667783e-02 1.990615292143507048e-02 1.955523512979525161e-02 1.908793328167121203e-02 1.851290493008302465e-02 1.783968678993777535e-02 1.707846177662075346e-02 1.623982044429842994e-02 1.533452436984520870e-02 1.437327932152275556e-02 1.336652589972906098e-02 1.232425448155240189e-02 1.125584968336268768e-02 1.016996740782703107e-02 9.074445220804435927e-03 7.976244618725054220e-03 6.881421928722562809e-03 5.795123288785713339e-03 4.721598483453667318e-03 3.664228908474139509e-03 2.625573214626144083e-03 1.334030633676080730e-03 1.420391766683696579e-02 1.542459396593735474e-02 1.655097482485326857e-02 1.752789783145240754e-02 1.835646054655372048e-02 1.905475365635480450e-02 1.960773373279317208e-02 2.002467183429205294e-02 2.030123202808297930e-02 2.046255247761608748e-02 2.050674635403187951e-02 2.046313160366035680e-02 2.031233893014795441e-02 2.006324372161381875e-02 1.976557005542126447e-02 1.936564001979077312e-02 1.890778896871863485e-02 1.838784480455820866e-02 1.779163678995064959e-02 1.706842081835873229e-02 1.636547917590478948e-02 1.550675677142572019e-02 1.456814315078692156e-02 1.358578235178124066e-02 1.244602012041327345e-02 1.119060568468061533e-02 9.895067955674892099e-03 8.494615745350672306e-03 6.992821604918961036e-03 5.303628327802132995e-03 3.521153583403299151e-03 1.708544302671020183e-03 2.274716249073543560e-04 -1.254001066533119539e-03 2.145083946840500096e-04 1.786581596466128635e-03 3.676451971647563908e-03 5.953572482633475577e-03 8.532615476847294628e-03 1.121838632068868948e-02 1.405200197115459917e-02 1.705556137318938945e-02 2.001895190287952125e-02 2.283611778192152011e-02 2.549661515571658224e-02 2.791888613391557347e-02 3.002108143067542395e-02 3.199644749945928374e-02 3.341804063126482816e-02 3.430690057574489749e-02 3.484666922227937225e-02 3.483833552598750855e-02 3.430560494921466169e-02 3.328281870021189415e-02 3.180100416845228067e-02 2.988377453814178991e-02 2.757437807552999207e-02 2.495823989541982174e-02 2.214731458678205131e-02 1.925464081048973083e-02 1.637416687525878115e-02 1.360549721800354342e-02 1.106684545891996677e-02 8.926414216204620750e-03 7.282726971719219629e-03
1.232330396125049226e-03 1.335415339553106678e-02 1.452478908512371165e-02 1.559682802529200295e-02 1.656189546572203394e-02 1.741220597086702224e-02 1.814088156033673987e-02 1.874224240768168626e-02 1.921204770256824609e-02 1.954766582057892652e-02 1.974816693657400341e-02 1.981434412487795629e-02 1.974867491849413570e-02 1.955523512979525161e-02 1.923957392411547104e-02 1.880855657813860354e-02 1.827018022793376606e-02 1.763336802593677005e-02 1.690774780243759282e-02 1.610342206120324998e-02 1.523073675215551835e-02 1.430005667406125149e-02 1.332155535289999970e-02 1.230502654183812661e-02 1.125972302279992267e-02 1.019422637548822626e-02 9.116349147618257182e-03 8.033068676548892409e-03 6.950489881394157979e-03 5.873832845740098452e-03 4.807440101716438721e-03 3.754798777818965216e-03 2.718580568889229082e-03 1.232333696458759106e-03 1.372425023689468650e-02 1.492496985968185842e-02 1.603645189299455348e-02 1.700714023151359694e-02 1.783633680636563523e-02 1.854116931755516243e-02 1.910497246774552765e-02 1.953738032402468211e-02 1.983336289436435015e-02 2.001541723554198585e-02 2.008299642387910075e-02 2.006360035047708920e-02 1.993905571061252088e-02 1.971772591531648772e-02 1.944749773042792063e-02 1.907528284991674011e-02 1.864734798538811647e-02 1.815746732807443573e-02 1.759125996622196847e-02 1.690070313489012988e-02 1.622776315394020702e-02 1.540075508771158834e-02 1.449431904679312696e-02 1.354094957017091920e-02 1.243079152991661065e-02 1.120299038322162231e-02 9.931177272849653695e-03 8.553113537043664089e-03 7.069657524420788069e-03 5.402652732742729315e-03 3.634655241730705855e-03 1.832984981168122402e-03 2.114386257123722595e-04 -1.378410167450277004e-03 2.197027298960204191e-05 1.517705664472161374e-03 3.326184811974500916e-03 5.522363198204535868e-03 8.022499713445343378e-03 1.063862720478907405e-02 1.341440550919444606e-02 1.637677858222229624e-02 1.931625930952841214e-02 2.212827719271039453e-02 2.480477772005737838e-02 2.726569813194502576e-02 2.943044682402649187e-02 3.149371109218803561e-02 3.302341046342385095e-02 3.404451463326869931e-02 3.472788781219456056e-02 3.487970014148308873e-02 3.451673067490135943e-02 3.367057256211324068e-02 3.236764593623649156e-02 3.062762076413252238e-02 2.849071411844485147e-02 2.603951763892248250e-02 2.338393911271427136e-02 2.063603461827389143e-02 1.788815856266443016e-02 1.523809412146557608e-02 1.280529754074603149e-02 1.076364335719178465e-02 9.224810803545903382e-03
1.133276433963837423e-03 1.282529024945044255e-02 1.396669096056586852e-02 1.501600031932675064e-02 1.596502732638696576e-02 1.680605285934011831e-02 1.753214604192665504e-02 1.813745454525286446e-02 1.861744716809598729e-02 1.896909005665580253e-02 1.919095073265796036e-02 1.928323534720162435e-02 1.924776957584357906e-02 1.908793328167121203e-02 1.880855657813860354e-02 1.841578275772069728e-02 1.791690271923952402e-02 1.732016580911173095e-02 1.663457275552254061e-02 1.586965717208789484e-02 1.503526280144557546e-02 1.414132419620613319e-02 1.319765868001217778e-02 1.221377690814935864e-02 1.119871806874270237e-02 1.016091393381604417e-02 9.108083879321222931e-03 8.047160857629739178e-03 6.984246293761871976e-03 5.924590187339763038e-03 4.872591553672205207e-03 3.831814329930999415e-03 2.805021143355490229e-03 1.133279117618820773e-03 1.317938894972806724e-02 1.435205064128566334e-02 1.544080389733292098e-02 1.639799931378134457e-02 1.722126080247203192e-02 1.792686805302715763e-02 1.849660178029699509e-02 1.894046241072286363e-02 1.925277126190066621e-02 1.945333965972984025e-02 1.954285370773551495e-02 1.954683064058571410e-02 1.944848316023917167e-02 1.925541256791409028e-02 1.901352002005061992e-02 1.867043883885508362e-02 1.827447215711148001e-02 1.781694502973360170e-02 1.728389045704458934e-02 1.662992801147927108e-02 1.599080176839953391e-02 1.520043409421447701e-02 1.433204956497431334e-02 1.341358590298238548e-02 1.234052000572337555e-02 1.114839392911728955e-02 9.908685993514257384e-03 8.562189107229131388e-03 7.106983047339554896e-03 5.473495895453721685e-03 3.731832659193092504e-03 1.953116901065430136e-03 1.955225534601796801e-04 -1.481716309418087399e-03 -1.545967136353944391e-04 1.257605999282627529e-03 2.974921546565558166e-03 5.077180350302091735e-03 7.482571051929919059e-03 1.001109849504015943e-02 1.270887930236127249e-02 1.560745796794438429e-02 1.849957076855672511e-02 2.128307219453399318e-02 2.395257833196629688e-02 2.643014994548170682e-02 2.863708746631565133e-02 3.076897499326057550e-02 3.239125642228690011e-02 3.353288949961895360e-02 3.435151808800516321e-02 3.465927354082098955e-02 3.446633975468684635e-02 3.380136713117563863e-02 3.268606790948644369e-02 3.113609611732698346e-02 2.918828662943704494e-02 2.692157429945576594e-02 2.444275767904711613e-02 2.186187149059795262e-02 1.926898072784345370e-02 1.675951597067621562e-02 1.445354138834961839e-02 1.252962330622387453e-02 1.111200467366630674e-02
