6.904465118594807493e-02 5.285634775754827902e-02 5.096003689579389068e-02 4.893832463940600563e-02 4.679236398096008054e-02 4.455909697847487000e-02 4.220242543947765046e-02 3.971916936826096201e-02 3.720637551607471061e-02 3.466629156836015246e-02 3.213092742703135135e-02 2.963201884045937526e-02 2.719365431139246156e-02 2.483883906058818175e-02 2.257476362435624148e-02 2.043662420301198268e-02 1.842771961584958526e-02 1.650657276435521167e-02 1.477937539479928439e-02 1.312800491271075461e-02 1.162270687858636166e-02 1.024530279568582058e-02 8.994302386684823944e-03 7.792230686401334892e-03 6.818948012360540566e-03 5.888436890862848265e-03 5.070226575136191002e-03 4.318650356522272041e-03 3.663123252448722850e-03 3.086911939814240662e-03 2.585286948647685587e-03 2.221879177261900859e-03 2.114017956830597979e-03 7.438731831219692892e-02 6.246184952679263019e-02 6.069525040916697728e-02 5.866791078194905779e-02 5.630827337990142872e-02 5.374344113549892749e-02 5.089646916351538847e-02 4.780268068271864568e-02 4.455650425265744036e-02 4.124064032410440506e-02 3.789495365329408061e-02 3.458120632840080283e-02 3.134567708006161940e-02 2.823405977569797692e-02 2.524256303147775701e-02 2.245412336261274483e-02 1.985223905426591537e-02 1.747064533350645155e-02 1.530257989946845996e-02 1.327698216800242068e-02 1.142842904797036936e-02 9.789020254745825836e-03 8.335597410111786690e-03 7.002513750762356937e-03 5.915119795285066033e-03 4.933956097402832953e-03 4.080912676060034251e-03 3.363377480335730686e-03 2.733734638761361330e-03 2.135654622480481074e-03 1.648804484907654636e-03 1.271810687472889117e-03 1.078563295045371646e-03 -1.857042065603438319e+00 -4.551721638783164797e-02 -4.221174794477525888e-02 -3.912094274959684176e-02 -3.614545307860444340e-02 -3.321813249953294717e-02 -3.030946925042785414e-02 -2.741906675727252135e-02 -2.456586836314313474e-02 -2.177988326956670564e-02 -1.909565410400107868e-02 -1.654869189385198280e-02 -1.417143763952576942e-02 -1.199023693793998917e-02 -1.002365343200587247e-02 -8.281987491947702396e-03 -6.766981949407236026e-03 -5.472066527973032737e-03 -4.383749334648355186e-03 -3.483390854647773829e-03 -2.749069062651161854e-03 -2.156737712268102722e-03 -1.682248272835961192e-03 -1.303481176810870196e-03 -1.001305620418590928e-03 -7.602997957684746403e-04 -5.683801794147850606e-04 -4.162741762994208146e-04 -2.962350761819571173e-04 -2.015400168885361136e-04 -1.257448118040884778e-04 -6.204380215607638738e-05 0.000000000000000000e+00
5.285634775754827902e-02 6.076937506750585555e-02 6.126466993384694498e-02 6.145241273905210216e-02 6.132835530321655709e-02 6.089479480981946358e-02 6.009964420352923581e-02 5.891449520192103967e-02 5.744203000581044743e-02 5.566373363526772727e-02 5.362291882094218087e-02 5.136320191128188051e-02 4.892861967125620298e-02 4.636670673718226721e-02 4.370688566022356419e-02 4.101224207760697377e-02 3.830926991523780217e-02 3.558510830081349635e-02 3.294035099977823955e-02 3.031103808975299518e-02 2.776194277742718639e-02 2.529322434078353291e-02 2.291596715112815055e-02 2.059655802816135611e-02 1.842622665724340594e-02 1.631817394549229389e-02 1.431658170716007192e-02 1.238395677817958132e-02 1.055391649027304958e-02 8.805184865742965786e-03 7.134363592001253043e-03 5.584400252265402792e-03 4.280014489176229425e-03 5.707842273135170508e-02 7.107215071541597706e-02 7.245437188281862728e-02 7.340515960976554122e-02 7.379928347551206747e-02 7.369945298983045234e-02 7.298772831169318687e-02 7.165089499310312027e-02 6.978100075320867179e-02 6.741967624147922333e-02 6.462746811609269837e-02 6.149006689822830024e-02 5.809632500386329584e-02 5.454461484838544344e-02 5.087083669223393945e-02 4.721798458312381763e-02 4.360261066005955560e-02 4.010851808195857460e-02 3.672341984212967869e-02 3.340188276550840052e-02 3.023862502507949912e-02 2.723501096995133153e-02 2.438475697997253763e-02 2.165378038837488181e-02 1.909873571013160840e-02 1.664858913234000190e-02 1.430712008056663972e-02 1.208751997958951857e-02 9.945503687406348492e-03 7.783270448536466768e-03 5.707283119776155635e-03 3.664623262344192042e-03 1.686595253164793317e-03 1.073174658030073303e+01 7.120547455525025327e-02 5.987521873989565951e-02 5.045621737341968865e-02 4.246061498057766143e-02 3.562566117877010580e-02 2.977981719224315552e-02 2.479030141042254387e-02 2.054379610883374369e-02 1.693927446489401287e-02 1.388545514076791956e-02 1.129943075958284894e-02 9.107791231987932834e-03 7.247100563758189680e-03 5.663877700152822325e-03 4.314072852857340698e-03 3.162214387475639245e-03 2.180504255995064766e-03 1.347494414609440609e-03 6.468201904162181569e-04 6.655309696383760539e-05 -4.014432616183131932e-04 -7.624716886542633057e-04 -1.021579343697564222e-03 -1.184216444534073702e-03 -1.257416822198409966e-03 -1.249331227242482436e-03 -1.169282879623274613e-03 -1.026568187971508422e-03 -8.302985817742891553e-04 -5.889763654259242819e-04 -3.106216746582036721e-04 0.000000000000000000e+00
5.096003689579389068e-02 6.126466993384694498e-02 6.210738384738549722e-02 6.263542938868151000e-02 6.284465028420729849e-02 6.272535452855047822e-02 6.221615363545406757e-02 6.128183689748292751e-02 6.002194251644116935e-02 5.841149799097566930e-02 5.649299240216135165e-02 5.431101100348689065e-02 5.191269435410425515e-02 4.934976872606812448e-02 4.665607891549954783e-02 4.389924362093831217e-02 4.111027516682156518e-02 3.828225055805786758e-02 3.551472072858445628e-02 3.275611059383250895e-02 3.006634168924896683e-02 2.745049071203065072e-02 2.492160960592227498e-02 2.244968422545214060e-02 2.011810951872301106e-02 1.784966171931881215e-02 1.568564581947231446e-02 1.358930759301776349e-02 1.159450287551771173e-02 9.678518805719576665e-03 7.837274501601135604e-03 6.109816515972301028e-03 4.614509818738208452e-03 5.505408277154002356e-02 7.158414897025991430e-02 7.343078301878912251e-02 7.485425638160546347e-02 7.570807873000294508e-02 7.604769323400305259e-02 7.573443223834595839e-02 7.474343594732055229e-02 7.315837742721935377e-02 7.101027185499778072e-02 6.835843651632639295e-02 6.529169346075934521e-02 6.190667540381240841e-02 5.831166931965757472e-02 5.455213189913592914e-02 5.078054626341750588e-02 4.702167939679113146e-02 4.336748191019773602e-02 3.980914888794927914e-02 3.631544948431458114e-02 3.296945738232191780e-02 2.978182980905143620e-02 2.674610416970260585e-02 2.383049609766262761e-02 2.108433103140266995e-02 1.844231608614317966e-02 1.590538068197198604e-02 1.348647385177170407e-02 1.113882781993677344e-02 8.760537613522020178e-03 6.456477801901227241e-03 4.164936480017771350e-03 1.901440668552085338e-03 1.210661361624091903e+01 8.417387434142285796e-02 7.148301394409921350e-02 6.083144775617276012e-02 5.170522517327511697e-02 4.382762016942821220e-02 3.701957972441346362e-02 3.114411711096560370e-02 2.608510877245653198e-02 2.173909052281895737e-02 1.801226290425549451e-02 1.481898378225570030e-02 1.208290173257483766e-02 9.737434799793576526e-03 7.725735169691684383e-03 6.000271975424717290e-03 4.521915339144240084e-03 3.259062920544400326e-03 2.186353929974431919e-03 1.283489015989975257e-03 5.347295256188544944e-04 -7.171561020538670824e-05 -5.445096727833940867e-04 -8.918097352072198915e-04 -1.121901145309681189e-03 -1.244404075186696665e-03 -1.269795024382146904e-03 -1.209545477599363724e-03 -1.074927301182099053e-03 -8.768924461774986944e-04 -6.257087530082847343e-04 -3.311818051038133148e-04 0.000000000000000000e+00
4.893832463940600563e-02 6.145241273905210216e-02 6.263542938868151000e-02 6.358160777248966777e-02 6.408294640059639113e-02 6.430668381337981132e-02 6.411394874164079438e-02 6.346290964089115749e-02 6.244863020938393183e-02 6.103723671999018024e-02 5.926903612317172693e-02 5.718899288140286141e-02 5.484722831858864639e-02 5.229980088843493718e-02 4.958523812508070644e-02 4.677598476868940341e-02 4.390800067924927746e-02 4.098114596411355642e-02 3.809132150606855949e-02 3.520717518960281289e-02 3.237799744244473227e-02 2.961510922162232176e-02 2.693651468516266093e-02 2.431038172011072349e-02 2.181649319671866497e-02 1.938602639885265641e-02 1.705741312480821975e-02 1.479448248602265210e-02 1.263151913026189926e-02 1.054403164002520356e-02 8.527090041830498457e-03 6.615559350850261193e-03 4.919962903619202847e-03 5.289017192755666313e-02 7.172487512570033252e-02 7.402737153473326615e-02 7.597977824716363460e-02 7.726727755303666734e-02 7.809479669542170044e-02 7.822841362988341984e-02 7.763405327945786805e-02 7.638350744360811184e-02 7.449400254227321605e-02 7.202098060898749765e-02 6.905566521391065526e-02 6.570272151347728018e-02 6.208115417764913796e-02 5.824700608831006460e-02 5.436305793883798587e-02 5.046346188356878870e-02 4.664950958739345205e-02 4.292146771201922617e-02 3.924888008633719422e-02 3.572009364089352018e-02 3.234768518321379238e-02 2.912614313487845580e-02 2.602526507000470571e-02 2.308772971184975750e-02 2.025338031358667190e-02 1.752014536072452403e-02 1.490081875405904581e-02 1.234455761013093962e-02 9.747204674340892785e-03 7.209611336475833625e-03 4.661244936192055453e-03 2.099733164342515619e-03 1.358430991803168375e+01 9.774220543063506794e-02 8.374863862310878704e-02 7.188048271790961619e-02 6.161871681464836659e-02 5.268152221282845077e-02 4.488661330966906005e-02 3.809544078480621432e-02 3.219094937967620362e-02 2.706863223908634666e-02 2.263322897958855440e-02 1.879717145965404193e-02 1.548176646678198903e-02 1.261771640366809652e-02 1.014509238920333588e-02 8.013061206861939179e-03 6.178921126531055144e-03 4.607286833743267501e-03 3.268857760449346301e-03 2.139341376818483867e-03 1.199111333845770573e-03 4.326275536475896236e-04 -1.722387050404533060e-04 -6.268589588462957591e-04 -9.424620771723820137e-04 -1.131352661488008648e-03 -1.206427995368806409e-03 -1.181400146876190015e-03 -1.069605274971342302e-03 -8.839210940600941008e-04 -6.364686766959891254e-04 -3.389269940235649305e-04 0.000000000000000000e+00
4.679236398096008054e-02 6.132835530321655709e-02 6.284465028420729849e-02 6.408294640059639113e-02 6.506018669887932149e-02 6.560516448825820524e-02 6.575265157803251992e-02 6.541476994535255773e-02 6.467978739148265432e-02 6.350043866923738012e-02 6.191308184006343029e-02 5.996212059848752413e-02 5.770026956508293031e-02 5.518787983911527945e-02 5.246825805761504841e-02 4.961886782774312110e-02 4.668075754166790131e-02 4.365994937596952286e-02 4.068333593868703191e-02 3.765724863710593479e-02 3.469191233307514222e-02 3.178704372908969233e-02 2.895393022463196159e-02 2.618042882826884452e-02 2.352815741522311377e-02 2.093901117268394396e-02 1.844886762278934861e-02 1.602185921901674859e-02 1.369339814259296940e-02 1.143656507165606226e-02 9.245621337023359615e-03 7.150895921462751582e-03 5.253634416250953926e-03 5.059373971618832955e-02 7.148700145856212718e-02 7.421955059983484371e-02 7.659087669347749983e-02 7.855324600521171319e-02 7.981553087218540288e-02 8.043074128008369239e-02 8.027972311803353855e-02 7.941422764137909263e-02 7.783177975272968785e-02 7.557997730828010241e-02 7.275094884841876164e-02 6.945713338484776900e-02 6.582881068300927563e-02 6.193349725576758474e-02 5.794525364857562588e-02 5.390921749076711678e-02 4.993919518886074521e-02 4.600861904483802972e-02 4.217891714634003364e-02 3.846929821995657972e-02 3.491358965166020678e-02 3.150716775971941497e-02 2.822402045065863438e-02 2.509882745058005654e-02 2.207637384772049086e-02 1.915147185152971110e-02 1.633742133324793053e-02 1.357648864607103635e-02 1.076530475434120566e-02 7.998017616705163993e-03 5.195270919539719638e-03 2.334553389752129938e-03 1.518565288313600625e+01 1.120350075061263273e-01 9.676000579350220454e-02 8.367659807909659520e-02 7.226931318803335447e-02 6.225445231672922797e-02 5.344816803401173516e-02 4.571171955916738389e-02 3.892839457398727943e-02 3.299381421289816069e-02 2.781230795774853118e-02 2.329529877564911686e-02 1.936250536385700910e-02 1.594250420988752720e-02 1.297271678222717411e-02 1.039930517065582559e-02 8.176176143738436361e-03 6.264253141422075448e-03 4.630318695802529763e-03 3.246063262503652048e-03 2.087919058847823462e-03 1.136517585231955861e-03 3.761693521263761086e-04 -2.078108418706229145e-04 -6.297032739753636752e-04 -9.045979307740977015e-04 -1.047914827338623442e-03 -1.075706733494503041e-03 -1.003479459380865859e-03 -8.461445938830008907e-04 -6.177968942053624173e-04 -3.321236946408137602e-04 0.000000000000000000e+00
4.455909697847487000e-02 6.089479480981946358e-02 6.272535452855047822e-02 6.430668381337981132e-02 6.560516448825820524e-02 6.653921908973051136e-02 6.705449132373456078e-02 6.705666574500912525e-02 6.663598488816334375e-02 6.572398290423275835e-02 6.435172178063433557e-02 6.256174901592399806e-02 6.040856081664606331e-02 5.795640621232065609e-02 5.525320075258087493e-02 5.238159752641361605e-02 4.938827106977907583e-02 4.628832149411921809e-02 4.319293990959927748e-02 4.006150155117195466e-02 3.696821151705818875e-02 3.392613109674539468e-02 3.095099501176476128e-02 2.803119614906385282e-02 2.522424569348815857e-02 2.247973647154091412e-02 1.983089986429315693e-02 1.724109599956847108e-02 1.474897679286922385e-02 1.232324240841669617e-02 9.957527794570689497e-03 7.677211746404018211e-03 5.572891249484013265e-03 4.819859013555833488e-02 7.087406615165438295e-02 7.400807036321116472e-02 7.684235782447484953e-02 7.922864364597823061e-02 8.105369448722846148e-02 8.219775694346610762e-02 8.253784788630262603e-02 8.211292372632207626e-02 8.089349487639875547e-02 7.891499312316214987e-02 7.626815481674539821e-02 7.307202036541828039e-02 6.946793302600925979e-02 6.553509382521749416e-02 6.145924076512090245e-02 5.729722710097708005e-02 5.317454089038192028e-02 4.909245669388451888e-02 4.507692604043560258e-02 4.118759962405807440e-02 3.745102493872147498e-02 3.386384873837857551e-02 3.040173298415640296e-02 2.709314072417020117e-02 2.388689377258358670e-02 2.077434392813059735e-02 1.777163774549544301e-02 1.480715775314476838e-02 1.178447436869210774e-02 8.787306059528430732e-03 5.727199203189836142e-03 2.559371290947006026e-03 1.672338614082227082e+01 1.259234602167298156e-01 1.094807683163334794e-01 9.527624787081313829e-02 8.280008272540308190e-02 7.176817888352196584e-02 6.199686736529874675e-02 5.334917003880172703e-02 4.571070629752659736e-02 3.897912864354673157e-02 3.306011612633467933e-02 2.786565876515080878e-02 2.331523262544012501e-02 1.933639497021453352e-02 1.586479604191443071e-02 1.284427047152081509e-02 1.022584045293289251e-02 7.967109459733556776e-03 6.031209440778666220e-03 4.386002357844258522e-03 3.004112126123809502e-03 1.862428040043169041e-03 9.417527282215832057e-04 2.241202827687088003e-04 -3.077863241070881700e-04 -6.718319362388338678e-04 -8.859574492007651686e-04 -9.685560856942911556e-04 -9.373083187620484188e-04 -8.091665678145979097e-04 -6.002091297477326172e-04 -3.261394817415629575e-04 0.000000000000000000e+00
4.220242543947765046e-02 6.009964420352923581e-02 6.221615363545406757e-02 6.411394874164079438e-02 6.575265157803251992e-02 6.705449132373456078e-02 6.794548634052223479e-02 6.828727751437325966e-02 6.821639129092524345e-02 6.760557055387714231e-02 6.648354056113030264e-02 6.488921667686819994e-02 6.287730334708965807e-02 6.051490220326115332e-02 5.785375640020034432e-02 5.498156251507466813e-02 5.195029010371897404e-02 4.878439547808981896e-02 4.559567903926511900e-02 4.235942294944377434e-02 3.914626610866472900e-02 3.597478413313662943e-02 3.286354879186909050e-02 2.980441558862606879e-02 2.684949776151630829e-02 2.395585867297988017e-02 2.115458232195999849e-02 1.840277858647060977e-02 1.575465589302980224e-02 1.316456177308605695e-02 1.062774761011919464e-02 8.164548115862847733e-03 5.854156917390804932e-03 4.566864139176203541e-02 6.982978837029475694e-02 7.332002836766736420e-02 7.657057859664143096e-02 7.942105069152081975e-02 8.176769126379290764e-02 8.345112317497989374e-02 8.429557831427486603e-02 8.436147173002936372e-02 8.355942338392860491e-02 8.190929059276418067e-02 7.949670719774161454e-02 7.644451545977823392e-02 7.290370178028364456e-02 6.896440030959170853e-02 6.482415305426050822e-02 6.055244618944983365e-02 5.628885787915671041e-02 5.204727700307262145e-02 4.786160928722218988e-02 4.379740664864733429e-02 3.988403077077028180e-02 3.612016253218711115e-02 3.248368814553255490e-02 2.899724642378434178e-02 2.561306229284701988e-02 2.231817708403592559e-02 1.914599574550748459e-02 1.597711423861999241e-02 1.274981674733296176e-02 9.528921397052306924e-03 6.216711817665474156e-03 2.744944145915305909e-03 1.839972991113154066e+01 1.405117847447600321e-01 1.228879877232010170e-01 1.075617746452370571e-01 9.401852050261562399e-02 8.196822097500640336e-02 7.122494745306817698e-02 6.165276860954225363e-02 5.313988117070195250e-02 4.558674635437441613e-02 3.890144585482017969e-02 3.299767921869203174e-02 2.779576152873320521e-02 2.322317014871269625e-02 1.921454744821814511e-02 1.571198278955573957e-02 1.266403558224492992e-02 1.002527751336175499e-02 7.755374009725589032e-03 5.818463834380991663e-03 4.183415114159335854e-03 2.823382560940598807e-03 1.715637738873287098e-03 8.388923538955534234e-04 1.727333184250118639e-04 -3.035427952235119470e-04 -6.104715860231687023e-04 -7.688608182874245899e-04 -7.986449196545902665e-04 -7.188991946587833986e-04 -5.477683711785107969e-04 -3.030492376816323560e-04 0.000000000000000000e+00
3.971916936826096201e-02 5.891449520192103967e-02 6.128183689748292751e-02 6.346290964089115749e-02 6.541476994535255773e-02 6.705666574500912525e-02 6.828727751437325966e-02 6.915243698480162682e-02 6.934401731131221991e-02 6.905303869693155128e-02 6.821200143144126593e-02 6.684913130014373539e-02 6.501545299048663851e-02 6.277847944029507632e-02 6.019176812234736107e-02 5.734874761048965042e-02 5.430389777067860108e-02 5.109290840547823370e-02 4.782996619910511588e-02 4.450403728172064310e-02 4.118511192740857696e-02 3.789713936231794283e-02 3.466159329214789364e-02 3.147416063988510426e-02 2.838211412888557925e-02 2.534872735739576374e-02 2.240004442021295561e-02 1.953964645565829314e-02 1.671757229411437867e-02 1.396936467931387746e-02 1.126878787794227156e-02 8.629777563112461108e-03 6.119373725704358585e-03 4.299528164232500199e-02 6.833228403759487868e-02 7.212701690171288704e-02 7.574327729868116088e-02 7.901858873923425786e-02 8.184717133951928403e-02 8.403268566054997168e-02 8.555928230797982259e-02 8.603806401128082093e-02 8.569615179382229775e-02 8.442891295922863582e-02 8.230936573208663676e-02 7.945824235825492410e-02 7.603255674198194924e-02 7.213085952509004639e-02 6.796200158979708028e-02 6.360762337073989914e-02 5.922330734700185367e-02 5.483650575980330427e-02 5.049383398267111300e-02 4.626515709709991264e-02 4.218459994905968125e-02 3.825375990143466132e-02 3.445327759617405894e-02 3.080129793554004305e-02 2.725426052770193661e-02 2.380338150355581356e-02 2.035817111255529277e-02 1.707079156627757180e-02 1.365976322253903419e-02 1.023094693963474792e-02 6.680891911985739097e-03 2.918313435965260924e-03 2.032658014404961477e+01 1.562382323026568209e-01 1.373644698547561716e-01 1.208777754639224766e-01 1.062425191003281283e-01 9.315353847845626867e-02 8.141753043158006520e-02 7.089689216519225179e-02 6.148118733893395693e-02 5.307346763050535543e-02 4.558460827088733208e-02 3.893079278412462513e-02 3.303409406828949207e-02 2.782280678092828238e-02 2.323136856230786570e-02 1.920078023588180777e-02 1.567765117505811115e-02 1.261389951700567051e-02 9.965992937583767475e-03 7.694527151947113362e-03 5.764730389483695323e-03 4.146085525078148371e-03 2.812355036631961243e-03 1.738923305825058928e-03 9.022532320979530489e-04 2.787609716823589989e-04 -1.547402901245438544e-04 -4.215284137552603662e-04 -5.438547880878961309e-04 -5.429816325611438706e-04 -4.391760582480672289e-04 -2.523654520809226649e-04 0.000000000000000000e+00
3.720637551607471061e-02 5.744203000581044743e-02 6.002194251644116935e-02 6.244863020938393183e-02 6.467978739148265432e-02 6.663598488816334375e-02 6.821639129092524345e-02 6.934401731131221991e-02 6.996360362421109869e-02 7.001292678679421622e-02 6.948244230479502792e-02 6.838619152910839494e-02 6.676840376879773775e-02 6.469434478683086520e-02 6.221843543320728503e-02 5.943129409960357101e-02 5.639985765460973910e-02 5.316592671164104694e-02 4.984771415183118781e-02 4.644793556864176137e-02 4.303717386372134246e-02 3.964523080422802798e-02 3.629692896953298775e-02 3.299209695150216032e-02 2.977443183168547794e-02 2.661335113731502430e-02 2.353430202470737156e-02 2.051700610751784962e-02 1.756683830115533806e-02 1.467295491503996241e-02 1.181814635908759979e-02 9.011190686363050248e-03 6.306298282724978090e-03 4.029240716910844483e-02 6.649007440721926843e-02 7.053032603388713351e-02 7.445148595575125372e-02 7.809436160600931320e-02 8.135480990858627581e-02 8.402905533169741092e-02 8.596871716269054164e-02 8.706915374432298849e-02 8.720391257721259171e-02 8.636504199634897905e-02 8.459538172534630807e-02 8.200526117799283865e-02 7.875201119153291129e-02 7.493886994017222303e-02 7.078164734426813098e-02 6.637674938532665825e-02 6.189518349904737926e-02 5.738001151534379701e-02 5.289320281497333909e-02 4.850925615972240257e-02 4.426873660779209740e-02 4.017710722848693433e-02 3.621810407709045998e-02 3.240597965278063652e-02 2.869917079367228022e-02 2.508217391164551530e-02 2.152860173209370995e-02 1.803495863882249514e-02 1.444162449604454758e-02 1.081195476235812837e-02 7.032237005262832047e-03 2.985986917063972439e-03 2.214974751188600521e+01 1.713023284329273088e-01 1.513027466632954621e-01 1.337751673896685201e-01 1.181567671345813142e-01 1.041245383070262820e-01 9.147707457751994009e-02 8.007538605114918051e-02 6.981125560254600182e-02 6.059151844218015753e-02 5.233127379855363054e-02 4.495067744342931548e-02 3.837500547586553123e-02 3.253470768262144847e-02 2.736520924803500718e-02 2.280743327264523126e-02 1.880688642826603210e-02 1.531353706119405363e-02 1.228123988101624542e-02 9.667520212003693006e-03 7.434363383051917698e-03 5.547910998424445198e-03 3.978696137259743817e-03 2.699013638055292735e-03 1.682413877050878762e-03 9.026189023300455316e-04 3.339564865244050722e-04 -4.916679489044465485e-05 -2.711751530327102203e-04 -3.553828321188763606e-04 -3.240499630340554151e-04 -1.991015734158409635e-04 0.000000000000000000e+00
3.466629156836015246e-02 5.566373363526772727e-02 5.841149799097566930e-02 6.103723671999018024e-02 6.350043866923738012e-02 6.572398290423275835e-02 6.760557055387714231e-02 6.905303869693155128e-02 7.001292678679421622e-02 7.040946489396734953e-02 7.020938959959591164e-02 6.941248557610199543e-02 6.805115405473934065e-02 6.618368187695181093e-02 6.386044593339262887e-02 6.117327061532463334e-02 5.819047998112896608e-02 5.496514823650383574e-02 5.161954602833276895e-02 4.817031928120441703e-02 4.468931616911268195e-02 4.121273257360726777e-02 3.776924504219134060e-02 3.436294000549311445e-02 3.103528912122281366e-02 2.776077058472447082e-02 2.456335343040271998e-02 2.142104753827807004e-02 1.834445486857803204e-02 1.531635257098445946e-02 1.231883231268095236e-02 9.354743064147522796e-03 6.464523987434600029e-03 3.755376473640981844e-02 6.429548301350182515e-02 6.851701508296813292e-02 7.267368084972261610e-02 7.661218499850788732e-02 8.023250715748105055e-02 8.332727576122297974e-02 8.573231036320404230e-02 8.731422282418356551e-02 8.795172194714576119e-02 8.758193382799467352e-02 8.622261761206789776e-02 8.396471911122412035e-02 8.095740491500574842e-02 7.730158761117671140e-02 7.321796880847172839e-02 6.881298579286979078e-02 6.427497105248008991e-02 5.966416110625877983e-02 5.505979484379607686e-02 5.054175431051460832e-02 4.615893010504148325e-02 4.192199114963340162e-02 3.781863653390853813e-02 3.386101391807663785e-02 3.000984739180314123e-02 2.624694861042065411e-02 2.255113446522120230e-02 1.889703328634483731e-02 1.514053385232009934e-02 1.132749330372789277e-02 7.335328500560981888e-03 3.022241038551663761e-03 2.398883891842498528e+01 1.859679616214118814e-01 1.649177851802403894e-01 1.464354107544293959e-01 1.299218115932931628e-01 1.150307098488268648e-01 1.015492424670192961e-01 8.933494909776215631e-02 7.828070517581049714e-02 6.829676973944082130e-02 5.930270192146361308e-02 5.122330763145854088e-02 4.398802049422691901e-02 3.753052210297629088e-02 3.178834154086010444e-02 2.670336501690565023e-02 2.222094222730343349e-02 1.828991244498496746e-02 1.486222523938337745e-02 1.189292890386621504e-02 9.341256336502725896e-03 7.170412724650168136e-03 5.348025054488455589e-03 3.843556240168392694e-03 2.627848162419972339e-03 1.672081135752059508e-03 9.482004927031828945e-04 4.283826885157421336e-04 8.607663413281995150e-05 -1.040610132304811149e-04 -1.662684003817180018e-04 -1.244502366673171079e-04 0.000000000000000000e+00
3.213092742703135135e-02 5.362291882094218087e-02 5.649299240216135165e-02 5.926903612317172693e-02 6.191308184006343029e-02 6.435172178063433557e-02 6.648354056113030264e-02 6.821200143144126593e-02 6.948244230479502792e-02 7.020938959959591164e-02 7.034352633098168994e-02 6.986765604519305783e-02 6.879744291003990486e-02 6.717857198964811982e-02 6.505260111069101348e-02 6.250801077593701183e-02 5.961393912786685373e-02 5.643329060287582272e-02 5.309262445374725997e-02 4.962265709039766909e-02 4.609686497181959830e-02 4.255837781013310089e-02 3.904030628142751702e-02 3.555114070969990492e-02 3.213179382029048708e-02 2.876087979709746403e-02 2.546133782692387715e-02 2.221155146568519478e-02 1.902300552749802351e-02 1.587566667996168773e-02 1.275005417575575915e-02 9.642815755079619383e-03 6.579797971432586358e-03 3.481690963406928324e-02 6.180308275098671256e-02 6.614137968313639482e-02 7.046153786172319744e-02 7.461743608401565087e-02 7.851547360158302180e-02 8.194949801637693709e-02 8.475078511045111562e-02 8.677412364644286613e-02 8.788916101415823745e-02 8.800006253937758816e-02 8.709354309961803153e-02 8.523123872685194058e-02 8.254310079695358071e-02 7.911826885576443702e-02 7.517612690066863279e-02 7.083018973276013208e-02 6.628516764883551904e-02 6.161953929150506409e-02 5.693108341269723094e-02 5.230568712618532262e-02 4.780243932476518215e-02 4.343866906677276707e-02 3.920703886130171012e-02 3.511957724875482828e-02 3.113922381352145566e-02 2.724620640485688958e-02 2.341970302595064446e-02 1.962435299628011165e-02 1.572268259990906858e-02 1.174507901300217948e-02 7.560295223417223820e-03 3.001110373523928777e-03 2.578146665940669990e+01 1.998758426248382902e-01 1.778809191556373348e-01 1.585565244661816531e-01 1.412609963570364280e-01 1.256205135558600694e-01 1.114076906390022992e-01 9.847435246657720853e-02 8.671297010740180999e-02 7.603642817342667892e-02 6.636856781474902156e-02 5.763916559983201654e-02 4.978251122587701999e-02 4.273645088778632584e-02 3.644169469541611028e-02 3.084217077871806087e-02 2.588411217337906883e-02 2.151618817856659066e-02 1.768931610052774245e-02 1.435682877036401073e-02 1.147586893957504121e-02 9.007284197484793226e-03 6.916290066015112065e-03 5.169940159472158174e-03 3.736737920505440493e-03 2.585632227941979128e-03 1.686448548814871483e-03 1.009371374223672893e-03 5.259245889693049550e-04 2.089152036661019154e-04 3.229761582667645001e-05 -2.964077204652313142e-05 0.000000000000000000e+00
2.963201884045937526e-02 5.136320191128188051e-02 5.431101100348689065e-02 5.718899288140286141e-02 5.996212059848752413e-02 6.256174901592399806e-02 6.488921667686819994e-02 6.684913130014373539e-02 6.838619152910839494e-02 6.941248557610199543e-02 6.986765604519305783e-02 6.971940184105969440e-02 6.896453173691693972e-02 6.763089284143783408e-02 6.574538509670575792e-02 6.338863999205436583e-02 6.062757218076286064e-02 5.753325365717024131e-02 5.423591555225876909e-02 5.077997403973984192e-02 4.724041714828419725e-02 4.366766367893384210e-02 4.009980615508754176e-02 3.654989447199038372e-02 3.306011538564822272e-02 2.961234731305936729e-02 2.622915628405499827e-02 2.289015401690347451e-02 1.960651676172523242e-02 1.635663045246027805e-02 1.311925778918215761e-02 9.884709021400581164e-03 6.663586282821453745e-03 3.211634517947071360e-02 5.906734289496707452e-02 6.346072507094766002e-02 6.787448083466440796e-02 7.217017935451079669e-02 7.626240365430728141e-02 7.994977146170179072e-02 8.306667476109792780e-02 8.546308816926038998e-02 8.700788757595299960e-02 8.758308585692517467e-02 8.714755840715011914e-02 8.572899623945176573e-02 8.342739582075929528e-02 8.030827406815074787e-02 7.658214253114122017e-02 7.236418014327679338e-02 6.787309404256550160e-02 6.320522493094966887e-02 5.847707972727218817e-02 5.378056169876766629e-02 4.918656861535596753e-02 4.472053826569512974e-02 4.038123605243943565e-02 3.618282812029227635e-02 3.209057810258875848e-02 2.808429739225815763e-02 2.414253804634748646e-02 2.022400086438708861e-02 1.619552079622581242e-02 1.207299123015525937e-02 7.716809435108523685e-03 2.934684841045001776e-03 2.747772729632110966e+01 2.126867706461546270e-01 1.898735212166879072e-01 1.698359222609071850e-01 1.518861891143937215e-01 1.356202584825462742e-01 1.207938717184392219e-01 1.072511123038011049e-01 9.488248464270374050e-02 8.360246894645259608e-02 7.333869239206579349e-02 6.402586897630026253e-02 5.560350856723553920e-02 4.801427128751510620e-02 4.120290238888099643e-02 3.511630106129215445e-02 2.970253652985059903e-02 2.491103232876044210e-02 2.069254975553794229e-02 1.699950333054693966e-02 1.378765992564436049e-02 1.101615312155496303e-02 8.648352307370604439e-03 6.649398353104456205e-03 4.985895818187553903e-03 3.624940727698627158e-03 2.534565831219540589e-03 1.683257586241173947e-03 1.040869358800242377e-03 5.785858759078208336e-04 2.687670829281495872e-04 8.410069687236039287e-05 0.000000000000000000e+00
2.719365431139246156e-02 4.892861967125620298e-02 5.191269435410425515e-02 5.484722831858864639e-02 5.770026956508293031e-02 6.040856081664606331e-02 6.287730334708965807e-02 6.501545299048663851e-02 6.676840376879773775e-02 6.805115405473934065e-02 6.879744291003990486e-02 6.896453173691693972e-02 6.853219363654187990e-02 6.750803877076705373e-02 6.589897967876866269e-02 6.377357557235820151e-02 6.119191732567876713e-02 5.823026491217793421e-02 5.502067620275848114e-02 5.162002161741331002e-02 4.810398085260979978e-02 4.453024458662820789e-02 4.094229068899512408e-02 3.735787241190077074e-02 3.382231993040260565e-02 3.032004499248435944e-02 2.687395323377705231e-02 2.346563953926050078e-02 2.010562619654668662e-02 1.677148824139929398e-02 1.344035696352037339e-02 1.009629072873104508e-02 6.734462038474033074e-03 2.947810947529802897e-02 5.614208431839261965e-02 6.053468976150752634e-02 6.497815813457991085e-02 6.934171586809871612e-02 7.354926311785815740e-02 7.740623292043294357e-02 8.075495298787781218e-02 8.344558700689191921e-02 8.535388738651190910e-02 8.634968520150673732e-02 8.637237777006671891e-02 8.541836223999220434e-02 8.355200417522685996e-02 8.080314731960969166e-02 7.736687459066152184e-02 7.335172581530589875e-02 6.898566554050612754e-02 6.438011556390436929e-02 5.966880988953629505e-02 5.494858713385696730e-02 5.030314259564516721e-02 4.576725689832449734e-02 4.134697571348780465e-02 3.706099663464667432e-02 3.287725477165913401e-02 2.877651292699223012e-02 2.473689198365350977e-02 2.071351662027286905e-02 1.657696581805711417e-02 1.232974188842561429e-02 7.824503206719150492e-03 2.845010969903161071e-03 2.905733942747264109e+01 2.242839261133276751e-01 2.007742683242990933e-01 1.801449602256078308e-01 1.616609677160690539e-01 1.448867292754724700e-01 1.295595975144712975e-01 1.155143318760325777e-01 1.026380766831958280e-01 9.084582849494510226e-02 8.006828414271194294e-02 7.024471890587084821e-02 6.131981731030525240e-02 5.324128275304864516e-02 4.595834825959956710e-02 3.942147921754027284e-02 3.358126706220752877e-02 2.838861715743257186e-02 2.379486892200973619e-02 1.975222990176249763e-02 1.621575780958902854e-02 1.314349567879442501e-02 1.049753469638833175e-02 8.241618846855111244e-03 6.340916330565372211e-03 4.761081869634833236e-03 3.468719492590796594e-03 2.430940739494920518e-03 1.616216016250905966e-03 9.943636626916628907e-04 5.363816415518256071e-04 2.135723840726000389e-04 0.000000000000000000e+00
2.483883906058818175e-02 4.636670673718226721e-02 4.934976872606812448e-02 5.229980088843493718e-02 5.518787983911527945e-02 5.795640621232065609e-02 6.051490220326115332e-02 6.277847944029507632e-02 6.469434478683086520e-02 6.618368187695181093e-02 6.717857198964811982e-02 6.763089284143783408e-02 6.750803877076705373e-02 6.680072008220214186e-02 6.548775110898241714e-02 6.363089772037491820e-02 6.127421635181500015e-02 5.849470753634752884e-02 5.542262380216785023e-02 5.212493574053538720e-02 4.867623861578654343e-02 4.514092356278341656e-02 4.156798230052732857e-02 3.797997289506306606e-02 3.442704863026012363e-02 3.089557104574507801e-02 2.741000992839277839e-02 2.395411552172525133e-02 2.053812496910236915e-02 1.713949554850023593e-02 1.373409977499397312e-02 1.030009754982994657e-02 6.817661789371562940e-03 2.692687354117736728e-02 5.308376626473182425e-02 5.742689028732602535e-02 6.184401557309578135e-02 6.621162607707559156e-02 7.046357149214381443e-02 7.441292340234796632e-02 7.791272752559150194e-02 8.081690294756303794e-02 8.301279675934070124e-02 8.436613361171102499e-02 8.480568211813738211e-02 8.430429985968050655e-02 8.289761105067172675e-02 8.055226936306399133e-02 7.747192800680459401e-02 7.373556222648787462e-02 6.957360104275048251e-02 6.510620623014010122e-02 6.048080694370989302e-02 5.579656694121456345e-02 5.115000892340088728e-02 4.658604139354120127e-02 4.211907746395664176e-02 3.777464592132808580e-02 3.352397797772106725e-02 2.935035051100179371e-02 2.523221348878827361e-02 2.112308307870375268e-02 1.689753655353285963e-02 1.254611750552730824e-02 7.914740628662351313e-03 2.765157262647550268e-03 3.047731615447360909e+01 2.344271403829231992e-01 2.103509631219391274e-01 1.892542473120466806e-01 1.703563592351221290e-01 1.531907739337378116e-01 1.374760867556423793e-01 1.230368727740247248e-01 1.097559306659410261e-01 9.754785328849650827e-02 8.634564784222707734e-02 7.609258529305990004e-02 6.673818640574970262e-02 5.823509294646538048e-02 5.053713744817511094e-02 4.359864864875249990e-02 3.737317916161567166e-02 3.181365470866877321e-02 2.687258502589816994e-02 2.250259144171402881e-02 1.865863506995496524e-02 1.529826286225298253e-02 1.238284825118502429e-02 9.875262904499037403e-03 7.739714975646773409e-03 5.940852942987552565e-03 4.444243070441336423e-03 3.215964780973122085e-03 2.223415420797652219e-03 1.435317677326848011e-03 8.215414178053894205e-04 3.521983527071007405e-04 0.000000000000000000e+00
2.257476362435624148e-02 4.370688566022356419e-02 4.665607891549954783e-02 4.958523812508070644e-02 5.246825805761504841e-02 5.525320075258087493e-02 5.785375640020034432e-02 6.019176812234736107e-02 6.221843543320728503e-02 6.386044593339262887e-02 6.505260111069101348e-02 6.574538509670575792e-02 6.589897967876866269e-02 6.548775110898241714e-02 6.448695366613838020e-02 6.292226178051027463e-02 6.083110279190307584e-02 5.828332555550231470e-02 5.540196777440538345e-02 5.226011966543036430e-02 4.892854118087302390e-02 4.547708500381051483e-02 4.195997786012534841e-02 3.840456977421769641e-02 3.486705913454073852e-02 3.133563430475980877e-02 2.783684499132200313e-02 2.435768029264770082e-02 2.090831325643255356e-02 1.746686105918186446e-02 1.400854362343881797e-02 1.050631564735739210e-02 6.926515724824314560e-03 2.447173914323864594e-02 4.993229350898525237e-02 5.418461694342913137e-02 5.852746578323107102e-02 6.284380965607272440e-02 6.707772696196744044e-02 7.104956826677608084e-02 7.462368918493199332e-02 7.766375540202836991e-02 8.006502921249697424e-02 8.169823007273105397e-02 8.248811558819613143e-02 8.239196997191775007e-02 8.140843383737317307e-02 7.951909581451742370e-02 7.683583310792750642e-02 7.344687064301859414e-02 6.957021841355162661e-02 6.532413404037076821e-02 6.086340105862672600e-02 5.628549474203058123e-02 5.169862431904923006e-02 4.715793785853995140e-02 4.268702225270855355e-02 3.832012465224560877e-02 3.403265196670412357e-02 2.981194888508468394e-02 2.563796251586647132e-02 2.146445163199785927e-02 1.717078352626319818e-02 1.273735233413031409e-02 8.004833287647278653e-03 2.715848483579122365e-03 3.171459480795546781e+01 2.429207100466299063e-01 2.184280524610426599e-01 1.970041870323307465e-01 1.778260630186294655e-01 1.603976985960466617e-01 1.444191885759429639e-01 1.297044676797424190e-01 1.161312606929322672e-01 1.036129864258386046e-01 9.208427312154157662e-02 8.149183805503477929e-02 7.178967049906041786e-02 6.293519252097605488e-02 5.488687932339941788e-02 4.760315077662268662e-02 4.104089574246553435e-02 3.515554650786845148e-02 2.990133246755033447e-02 2.523188401250103102e-02 2.110266424283901640e-02 1.747131205382454824e-02 1.429904547629575959e-02 1.154839169676982746e-02 9.183078544266386201e-03 7.167186598020161906e-03 5.465633974965757556e-03 4.043798726592627568e-03 2.868294855969691793e-03 1.906986098546624474e-03 1.128791565167581003e-03 5.027404383609149511e-04 0.000000000000000000e+00
2.043662420301198268e-02 4.101224207760697377e-02 4.389924362093831217e-02 4.677598476868940341e-02 4.961886782774312110e-02 5.238159752641361605e-02 5.498156251507466813e-02 5.734874761048965042e-02 5.943129409960357101e-02 6.117327061532463334e-02 6.250801077593701183e-02 6.338863999205436583e-02 6.377357557235820151e-02 6.363089772037491820e-02 6.292226178051027463e-02 6.166267237072907414e-02 5.987025764232703495e-02 5.760163261789855160e-02 5.496471928572810306e-02 5.203436841990815437e-02 4.887368499547921352e-02 4.555609110773571613e-02 4.214026393497907752e-02 3.865815805198569849e-02 3.517239574163054383e-02 3.167324778129455148e-02 2.819002062484441892e-02 2.471358210303037720e-02 2.125463815889768251e-02 1.779279283073598866e-02 1.430337766415261912e-02 1.075498630577036499e-02 7.101654166513597828e-03 2.214965840407553607e-02 4.675762655996778400e-02 5.088497798597287763e-02 5.511364847547473717e-02 5.933210308529342919e-02 6.349501475904595349e-02 6.742910672227174496e-02 7.101319887957326105e-02 7.410378204833723004e-02 7.663247336592525494e-02 7.846353510020882827e-02 7.952547845321540632e-02 7.976988134486193149e-02 7.918157167097394922e-02 7.771161267154193253e-02 7.545799339991668409e-02 7.247899973206263502e-02 6.897089537681766469e-02 6.503366230716595142e-02 6.082363257385160066e-02 5.643140260096505406e-02 5.197448619694693822e-02 4.751756654272244057e-02 4.309374751867030284e-02 3.874706650850724687e-02 3.445822315340436176e-02 3.022006195777281537e-02 2.601533898608399467e-02 2.179991466365940878e-02 1.745908015562849108e-02 1.296510523328100323e-02 8.155147756217435637e-03 2.755931446778510548e-03 3.263565801052448734e+01 2.488841713787200149e-01 2.242003978305682210e-01 2.026520596919759720e-01 1.833813094522217524e-01 1.658669637744441816e-01 1.497925706335672680e-01 1.349620166682891920e-01 1.212478407523034096e-01 1.085618758979857851e-01 9.683988779650946899e-02 8.603161379359244854e-02 7.609522121936064531e-02 6.699281290976803749e-02 5.868758974579703358e-02 5.114232164018038540e-02 4.431763753302035702e-02 3.817199195841521758e-02 3.266191753748010074e-02 2.774269689637438169e-02 2.337094672972305637e-02 1.950505379571663631e-02 1.610671237617600227e-02 1.313871255274392906e-02 1.056486720108533971e-02 8.349217076293876522e-03 6.456514841033599537e-03 4.851865739782942714e-03 3.501491512645008280e-03 2.372741675507265835e-03 1.433882245834836250e-03 6.531011282018289342e-04 0.000000000000000000e+00
