6.904465118594807493e-02 5.285634775754827902e-02 5.096003689579389068e-02 4.893832463940600563e-02 4.679236398096008054e-02 4.455909697847487000e-02 4.220242543947765046e-02 3.971916936826096201e-02 3.720637551607471061e-02 3.466629156836015246e-02 3.213092742703135135e-02 2.963201884045937526e-02 2.719365431139246156e-02 2.483883906058818175e-02 2.257476362435624148e-02 2.043662420301198268e-02 1.842771961584958526e-02 1.650657276435521167e-02 1.477937539479928439e-02 1.312800491271075461e-02 1.162270687858636166e-02 1.024530279568582058e-02 8.994302386684823944e-03 7.792230686401334892e-03 6.818948012360540566e-03 5.888436890862848265e-03 5.070226575136191002e-03 4.318650356522272041e-03 3.663123252448722850e-03 3.086911939814240662e-03 2.585286948647685587e-03 2.221879177261900859e-03 2.114017956830597979e-03 7.438731831219692892e-02 6.246184952679263019e-02 6.069525040916697728e-02 5.866791078194905779e-02 5.630827337990142872e-02 5.374344113549892749e-02 5.089646916351538847e-02 4.780268068271864568e-02 4.455650425265744036e-02 4.124064032410440506e-02 3.789495365329408061e-02 3.458120632840080283e-02 3.134567708006161940e-02 2.823405977569797692e-02 2.524256303147775701e-02 2.245412336261274483e-02 1.985223905426591537e-02 1.747064533350645155e-02 1.530257989946845996e-02 1.327698216800242068e-02 1.142842904797036936e-02 9.789020254745825836e-03 8.335597410111786690e-03 7.002513750762356937e-03 5.915119795285066033e-03 4.933956097402832953e-03 4.080912676060034251e-03 3.363377480335730686e-03 2.733734638761361330e-03 2.135654622480481074e-03 1.648804484907654636e-03 1.271810687472889117e-03 1.078563295045371646e-03 1.625042852934174180e-04 1.262400353669866941e-04 6.930432514538206680e-05 -8.774274645197025022e-05 -2.648005266034819433e-04 -2.617620954886750373e-04 -3.213521660748854068e-04 -4.371963862968171184e-04 -5.669766838358767736e-04 -7.242274807894939683e-04 -9.148855786071904191e-04 -1.125030235128466130e-03 -1.304217116092053815e-03 -1.415083092102820518e-03 -1.453577109897768137e-03 -1.414848282183804335e-03 -1.284803587956588741e-03 -1.129844181947407085e-03 -1.053170413038061193e-03 -1.457936915712641085e-03 -1.352402124402765377e-03 -1.280250052505570125e-03 -1.312022460991604626e-03 -1.351567127909561331e-03 -1.336902000824009102e-03 -1.315665231971841626e-03 -1.313504831414479858e-03 -1.302451374787559320e-03 -1.249076858242861550e-03 -1.158688917773428601e-03 -1.061838645113599971e-03 -9.643575712586344682e-04 -8.836022472569659203e-04
5.285634775754827902e-02 6.076937506750585555e-02 6.126466993384694498e-02 6.145241273905210216e-02 6.132835530321655709e-02 6.089479480981946358e-02 6.009964420352923581e-02 5.891449520192103967e-02 5.744203000581044743e-02 5.566373363526772727e-02 5.362291882094218087e-02 5.136320191128188051e-02 4.892861967125620298e-02 4.636670673718226721e-02 4.370688566022356419e-02 4.101224207760697377e-02 3.830926991523780217e-02 3.558510830081349635e-02 3.294035099977823955e-02 3.031103808975299518e-02 2.776194277742718639e-02 2.529322434078353291e-02 2.291596715112815055e-02 2.059655802816135611e-02 1.842622665724340594e-02 1.631817394549229389e-02 1.431658170716007192e-02 1.238395677817958132e-02 1.055391649027304958e-02 8.805184865742965786e-03 7.134363592001253043e-03 5.584400252265402792e-03 4.280014489176229425e-03 5.707842273135170508e-02 7.107215071541597706e-02 7.245437188281862728e-02 7.340515960976554122e-02 7.379928347551206747e-02 7.369945298983045234e-02 7.298772831169318687e-02 7.165089499310312027e-02 6.978100075320867179e-02 6.741967624147922333e-02 6.462746811609269837e-02 6.149006689822830024e-02 5.809632500386329584e-02 5.454461484838544344e-02 5.087083669223393945e-02 4.721798458312381763e-02 4.360261066005955560e-02 4.010851808195857460e-02 3.672341984212967869e-02 3.340188276550840052e-02 3.023862502507949912e-02 2.723501096995133153e-02 2.438475697997253763e-02 2.165378038837488181e-02 1.909873571013160840e-02 1.664858913234000190e-02 1.430712008056663972e-02 1.208751997958951857e-02 9.945503687406348492e-03 7.783270448536466768e-03 5.707283119776155635e-03 3.664623262344192042e-03 1.686595253164793317e-03 1.287440968169761206e-04 1.749873396225646194e-04 1.007055672947486987e-03 1.928484734816782349e-03 2.865854350237129373e-03 3.976440300319555171e-03 4.911975271819026337e-03 5.659482934276610470e-03 6.288253702083766716e-03 6.778251337478024587e-03 7.118335117408794432e-03 7.317253292529303857e-03 7.413862341507798832e-03 7.439824037152511366e-03 7.403336791407835044e-03 7.312590312625906822e-03 7.181270681617482957e-03 6.970240417831131616e-03 6.615534952939691737e-03 5.854987023788868310e-03 5.335211644131114192e-03 4.704145153653670371e-03 3.921157881774698165e-03 3.080231074102776981e-03 2.252395124525047743e-03 1.415995031595730343e-03 5.621957007444244349e-04 -2.787112871442347221e-04 -1.073888785511745549e-03 -1.839265967775292063e-03 -2.625942865586971056e-03 -3.441472602269710773e-03 -4.269723819161570615e-03
5.096003689579389068e-02 6.126466993384694498e-02 6.210738384738549722e-02 6.263542938868151000e-02 6.284465028420729849e-02 6.272535452855047822e-02 6.221615363545406757e-02 6.128183689748292751e-02 6.002194251644116935e-02 5.841149799097566930e-02 5.649299240216135165e-02 5.431101100348689065e-02 5.191269435410425515e-02 4.934976872606812448e-02 4.665607891549954783e-02 4.389924362093831217e-02 4.111027516682156518e-02 3.828225055805786758e-02 3.551472072858445628e-02 3.275611059383250895e-02 3.006634168924896683e-02 2.745049071203065072e-02 2.492160960592227498e-02 2.244968422545214060e-02 2.011810951872301106e-02 1.784966171931881215e-02 1.568564581947231446e-02 1.358930759301776349e-02 1.159450287551771173e-02 9.678518805719576665e-03 7.837274501601135604e-03 6.109816515972301028e-03 4.614509818738208452e-03 5.505408277154002356e-02 7.158414897025991430e-02 7.343078301878912251e-02 7.485425638160546347e-02 7.570807873000294508e-02 7.604769323400305259e-02 7.573443223834595839e-02 7.474343594732055229e-02 7.315837742721935377e-02 7.101027185499778072e-02 6.835843651632639295e-02 6.529169346075934521e-02 6.190667540381240841e-02 5.831166931965757472e-02 5.455213189913592914e-02 5.078054626341750588e-02 4.702167939679113146e-02 4.336748191019773602e-02 3.980914888794927914e-02 3.631544948431458114e-02 3.296945738232191780e-02 2.978182980905143620e-02 2.674610416970260585e-02 2.383049609766262761e-02 2.108433103140266995e-02 1.844231608614317966e-02 1.590538068197198604e-02 1.348647385177170407e-02 1.113882781993677344e-02 8.760537613522020178e-03 6.456477801901227241e-03 4.164936480017771350e-03 1.901440668552085338e-03 1.283861255344828742e-04 4.498762588211391224e-05 9.797203273951744524e-04 2.034214780275063646e-03 3.118011385330381278e-03 4.384555072185450375e-03 5.468085718256555927e-03 6.344478254741197504e-03 7.090452473644034276e-03 7.684685767491454197e-03 8.115316204656292803e-03 8.390225211218691262e-03 8.545859326796715824e-03 8.612210780377670821e-03 8.597497004556179170e-03 8.509961086844805567e-03 8.362986007003638325e-03 8.120723355277645675e-03 7.724212704846154798e-03 6.929105868456641310e-03 6.340132194289963517e-03 5.629563902072738310e-03 4.760778217147243127e-03 3.826589496926309595e-03 2.898158387650389290e-03 1.956728961874326309e-03 9.952660633656532953e-04 4.397593901388858941e-05 -8.646283194988466396e-04 -1.747464857720921420e-03 -2.656691750786024150e-03 -3.598674943956149848e-03 -4.556538917554331727e-03
4.893832463940600563e-02 6.145241273905210216e-02 6.263542938868151000e-02 6.358160777248966777e-02 6.408294640059639113e-02 6.430668381337981132e-02 6.411394874164079438e-02 6.346290964089115749e-02 6.244863020938393183e-02 6.103723671999018024e-02 5.926903612317172693e-02 5.718899288140286141e-02 5.484722831858864639e-02 5.229980088843493718e-02 4.958523812508070644e-02 4.677598476868940341e-02 4.390800067924927746e-02 4.098114596411355642e-02 3.809132150606855949e-02 3.520717518960281289e-02 3.237799744244473227e-02 2.961510922162232176e-02 2.693651468516266093e-02 2.431038172011072349e-02 2.181649319671866497e-02 1.938602639885265641e-02 1.705741312480821975e-02 1.479448248602265210e-02 1.263151913026189926e-02 1.054403164002520356e-02 8.527090041830498457e-03 6.615559350850261193e-03 4.919962903619202847e-03 5.289017192755666313e-02 7.172487512570033252e-02 7.402737153473326615e-02 7.597977824716363460e-02 7.726727755303666734e-02 7.809479669542170044e-02 7.822841362988341984e-02 7.763405327945786805e-02 7.638350744360811184e-02 7.449400254227321605e-02 7.202098060898749765e-02 6.905566521391065526e-02 6.570272151347728018e-02 6.208115417764913796e-02 5.824700608831006460e-02 5.436305793883798587e-02 5.046346188356878870e-02 4.664950958739345205e-02 4.292146771201922617e-02 3.924888008633719422e-02 3.572009364089352018e-02 3.234768518321379238e-02 2.912614313487845580e-02 2.602526507000470571e-02 2.308772971184975750e-02 2.025338031358667190e-02 1.752014536072452403e-02 1.490081875405904581e-02 1.234455761013093962e-02 9.747204674340892785e-03 7.209611336475833625e-03 4.661244936192055453e-03 2.099733164342515619e-03 1.158131466365544722e-04 -8.525043625790049010e-05 9.678478833832411012e-04 2.160318578806594281e-03 3.394748683953454152e-03 4.822988801404064045e-03 6.061612535784945133e-03 7.073824934681623156e-03 7.944051386286260508e-03 8.649750640503949678e-03 9.178437310158183218e-03 9.537132721472973626e-03 9.759709230925598181e-03 9.874304202525246987e-03 9.889028151796755081e-03 9.812035993628471370e-03 9.656240113627891780e-03 9.388931322984964828e-03 8.956078424205551891e-03 8.131304661366661746e-03 7.477462684069826650e-03 6.691570826934630130e-03 5.741217029068544295e-03 4.717786920710801725e-03 3.692267734207984719e-03 2.648791394246492823e-03 1.582157520172551134e-03 5.223878438669968130e-04 -4.984603723734890805e-04 -1.498005373308772085e-03 -2.528590295459273631e-03 -3.594566482914002617e-03 -4.678478688836754801e-03
4.679236398096008054e-02 6.132835530321655709e-02 6.284465028420729849e-02 6.408294640059639113e-02 6.506018669887932149e-02 6.560516448825820524e-02 6.575265157803251992e-02 6.541476994535255773e-02 6.467978739148265432e-02 6.350043866923738012e-02 6.191308184006343029e-02 5.996212059848752413e-02 5.770026956508293031e-02 5.518787983911527945e-02 5.246825805761504841e-02 4.961886782774312110e-02 4.668075754166790131e-02 4.365994937596952286e-02 4.068333593868703191e-02 3.765724863710593479e-02 3.469191233307514222e-02 3.178704372908969233e-02 2.895393022463196159e-02 2.618042882826884452e-02 2.352815741522311377e-02 2.093901117268394396e-02 1.844886762278934861e-02 1.602185921901674859e-02 1.369339814259296940e-02 1.143656507165606226e-02 9.245621337023359615e-03 7.150895921462751582e-03 5.253634416250953926e-03 5.059373971618832955e-02 7.148700145856212718e-02 7.421955059983484371e-02 7.659087669347749983e-02 7.855324600521171319e-02 7.981553087218540288e-02 8.043074128008369239e-02 8.027972311803353855e-02 7.941422764137909263e-02 7.783177975272968785e-02 7.557997730828010241e-02 7.275094884841876164e-02 6.945713338484776900e-02 6.582881068300927563e-02 6.193349725576758474e-02 5.794525364857562588e-02 5.390921749076711678e-02 4.993919518886074521e-02 4.600861904483802972e-02 4.217891714634003364e-02 3.846929821995657972e-02 3.491358965166020678e-02 3.150716775971941497e-02 2.822402045065863438e-02 2.509882745058005654e-02 2.207637384772049086e-02 1.915147185152971110e-02 1.633742133324793053e-02 1.357648864607103635e-02 1.076530475434120566e-02 7.998017616705163993e-03 5.195270919539719638e-03 2.334553389752129938e-03 1.085127028978621146e-04 3.266406468105790450e-05 1.004972866464816155e-03 2.279008095966509814e-03 3.640314238049069569e-03 5.221550805344449264e-03 6.615516055662038451e-03 7.768628662582930007e-03 8.771576154286335122e-03 9.599595614772140142e-03 1.023886150614708446e-02 1.069493739223223785e-02 1.099853556296384767e-02 1.117546928538539278e-02 1.123341766213444698e-02 1.118016224255821874e-02 1.102785951879116724e-02 1.074668018326233564e-02 1.028737425781347907e-02 9.441685247269290121e-03 8.730811081165480367e-03 7.876987282962238934e-03 6.852290526752855340e-03 5.746445319934203461e-03 4.629982802797649039e-03 3.489970079713008988e-03 2.323161419332102264e-03 1.159371602721341555e-03 3.014390401121376631e-05 -1.082346037516892460e-03 -2.229410346318738256e-03 -3.412226375668288986e-03 -4.612664929777187360e-03
4.455909697847487000e-02 6.089479480981946358e-02 6.272535452855047822e-02 6.430668381337981132e-02 6.560516448825820524e-02 6.653921908973051136e-02 6.705449132373456078e-02 6.705666574500912525e-02 6.663598488816334375e-02 6.572398290423275835e-02 6.435172178063433557e-02 6.256174901592399806e-02 6.040856081664606331e-02 5.795640621232065609e-02 5.525320075258087493e-02 5.238159752641361605e-02 4.938827106977907583e-02 4.628832149411921809e-02 4.319293990959927748e-02 4.006150155117195466e-02 3.696821151705818875e-02 3.392613109674539468e-02 3.095099501176476128e-02 2.803119614906385282e-02 2.522424569348815857e-02 2.247973647154091412e-02 1.983089986429315693e-02 1.724109599956847108e-02 1.474897679286922385e-02 1.232324240841669617e-02 9.957527794570689497e-03 7.677211746404018211e-03 5.572891249484013265e-03 4.819859013555833488e-02 7.087406615165438295e-02 7.400807036321116472e-02 7.684235782447484953e-02 7.922864364597823061e-02 8.105369448722846148e-02 8.219775694346610762e-02 8.253784788630262603e-02 8.211292372632207626e-02 8.089349487639875547e-02 7.891499312316214987e-02 7.626815481674539821e-02 7.307202036541828039e-02 6.946793302600925979e-02 6.553509382521749416e-02 6.145924076512090245e-02 5.729722710097708005e-02 5.317454089038192028e-02 4.909245669388451888e-02 4.507692604043560258e-02 4.118759962405807440e-02 3.745102493872147498e-02 3.386384873837857551e-02 3.040173298415640296e-02 2.709314072417020117e-02 2.388689377258358670e-02 2.077434392813059735e-02 1.777163774549544301e-02 1.480715775314476838e-02 1.178447436869210774e-02 8.787306059528430732e-03 5.727199203189836142e-03 2.559371290947006026e-03 1.133997454954897247e-04 -3.662043953873981347e-04 7.792464779721604805e-04 2.194666854934130065e-03 3.703800438497984165e-03 5.447285535779292087e-03 7.001802849760471736e-03 8.298877430883103146e-03 9.437248993199889163e-03 1.039085147164295515e-02 1.114500248390631020e-02 1.170397865017465747e-02 1.209523568242247549e-02 1.234208157344102511e-02 1.245157418356022776e-02 1.243083928299243586e-02 1.229088939033863397e-02 1.200436121196374849e-02 1.152650777658936927e-02 1.066738599321068702e-02 9.906530790813071474e-03 8.991943053180025125e-03 7.900359263140813854e-03 6.719412924323124245e-03 5.518726018016590663e-03 4.288240490230628248e-03 3.026663412926944990e-03 1.763415925442794610e-03 5.292898027363993323e-04 -6.933982045189797860e-04 -1.953864810112444610e-03 -3.249262759749998314e-03 -4.561406646267143587e-03
4.220242543947765046e-02 6.009964420352923581e-02 6.221615363545406757e-02 6.411394874164079438e-02 6.575265157803251992e-02 6.705449132373456078e-02 6.794548634052223479e-02 6.828727751437325966e-02 6.821639129092524345e-02 6.760557055387714231e-02 6.648354056113030264e-02 6.488921667686819994e-02 6.287730334708965807e-02 6.051490220326115332e-02 5.785375640020034432e-02 5.498156251507466813e-02 5.195029010371897404e-02 4.878439547808981896e-02 4.559567903926511900e-02 4.235942294944377434e-02 3.914626610866472900e-02 3.597478413313662943e-02 3.286354879186909050e-02 2.980441558862606879e-02 2.684949776151630829e-02 2.395585867297988017e-02 2.115458232195999849e-02 1.840277858647060977e-02 1.575465589302980224e-02 1.316456177308605695e-02 1.062774761011919464e-02 8.164548115862847733e-03 5.854156917390804932e-03 4.566864139176203541e-02 6.982978837029475694e-02 7.332002836766736420e-02 7.657057859664143096e-02 7.942105069152081975e-02 8.176769126379290764e-02 8.345112317497989374e-02 8.429557831427486603e-02 8.436147173002936372e-02 8.355942338392860491e-02 8.190929059276418067e-02 7.949670719774161454e-02 7.644451545977823392e-02 7.290370178028364456e-02 6.896440030959170853e-02 6.482415305426050822e-02 6.055244618944983365e-02 5.628885787915671041e-02 5.204727700307262145e-02 4.786160928722218988e-02 4.379740664864733429e-02 3.988403077077028180e-02 3.612016253218711115e-02 3.248368814553255490e-02 2.899724642378434178e-02 2.561306229284701988e-02 2.231817708403592559e-02 1.914599574550748459e-02 1.597711423861999241e-02 1.274981674733296176e-02 9.528921397052306924e-03 6.216711817665474156e-03 2.744944145915305909e-03 1.142938736776066995e-04 -6.029337269885138174e-04 6.200229864948323495e-04 2.143352437437409923e-03 3.780730408234812216e-03 5.674330772358284099e-03 7.382902275794833366e-03 8.821054403711475755e-03 1.009476158312810033e-02 1.117628001868089561e-02 1.204976693864526736e-02 1.271797476005193453e-02 1.320489394388845578e-02 1.353114774539676719e-02 1.370295901743436365e-02 1.372643617227763645e-02 1.361091218933245875e-02 1.333083481614227850e-02 1.284547646622943157e-02 1.198319779372909559e-02 1.118261696100598251e-02 1.021784426078615506e-02 9.070426285184630608e-03 7.825463770594778476e-03 6.551179932141428137e-03 5.240285278544635182e-03 3.893437090471967617e-03 2.539492279213062358e-03 1.208278271993260943e-03 -1.172216977696237188e-04 -1.482749176621046784e-03 -2.880309463382784135e-03 -4.291972973678035569e-03
3.971916936826096201e-02 5.891449520192103967e-02 6.128183689748292751e-02 6.346290964089115749e-02 6.541476994535255773e-02 6.705666574500912525e-02 6.828727751437325966e-02 6.915243698480162682e-02 6.934401731131221991e-02 6.905303869693155128e-02 6.821200143144126593e-02 6.684913130014373539e-02 6.501545299048663851e-02 6.277847944029507632e-02 6.019176812234736107e-02 5.734874761048965042e-02 5.430389777067860108e-02 5.109290840547823370e-02 4.782996619910511588e-02 4.450403728172064310e-02 4.118511192740857696e-02 3.789713936231794283e-02 3.466159329214789364e-02 3.147416063988510426e-02 2.838211412888557925e-02 2.534872735739576374e-02 2.240004442021295561e-02 1.953964645565829314e-02 1.671757229411437867e-02 1.396936467931387746e-02 1.126878787794227156e-02 8.629777563112461108e-03 6.119373725704358585e-03 4.299528164232500199e-02 6.833228403759487868e-02 7.212701690171288704e-02 7.574327729868116088e-02 7.901858873923425786e-02 8.184717133951928403e-02 8.403268566054997168e-02 8.555928230797982259e-02 8.603806401128082093e-02 8.569615179382229775e-02 8.442891295922863582e-02 8.230936573208663676e-02 7.945824235825492410e-02 7.603255674198194924e-02 7.213085952509004639e-02 6.796200158979708028e-02 6.360762337073989914e-02 5.922330734700185367e-02 5.483650575980330427e-02 5.049383398267111300e-02 4.626515709709991264e-02 4.218459994905968125e-02 3.825375990143466132e-02 3.445327759617405894e-02 3.080129793554004305e-02 2.725426052770193661e-02 2.380338150355581356e-02 2.035817111255529277e-02 1.707079156627757180e-02 1.365976322253903419e-02 1.023094693963474792e-02 6.680891911985739097e-03 2.918313435965260924e-03 9.545274419978840301e-05 -7.733251003984862367e-04 4.956220430474679670e-04 2.097767887081979001e-03 3.835595007064231381e-03 5.855122528828732471e-03 7.700036011852428273e-03 9.269439064807297526e-03 1.067795024790412807e-02 1.189733593302127156e-02 1.291016505402443545e-02 1.371554293920065198e-02 1.433081182154364447e-02 1.477064283512937240e-02 1.503787762566965135e-02 1.513600006178850502e-02 1.507179706991734064e-02 1.482105995413823298e-02 1.434710565107654746e-02 1.349721194163828845e-02 1.267115044687584097e-02 1.166984354979445915e-02 1.048011402482614506e-02 9.184302833166728408e-03 7.848878160681610483e-03 6.469283366171591464e-03 5.048181824156464104e-03 3.613740152216849202e-03 2.194629985759068581e-03 7.751078370508517317e-04 -6.856098375891947266e-04 -2.173262401443106645e-03 -3.670565784568636820e-03
3.720637551607471061e-02 5.744203000581044743e-02 6.002194251644116935e-02 6.244863020938393183e-02 6.467978739148265432e-02 6.663598488816334375e-02 6.821639129092524345e-02 6.934401731131221991e-02 6.996360362421109869e-02 7.001292678679421622e-02 6.948244230479502792e-02 6.838619152910839494e-02 6.676840376879773775e-02 6.469434478683086520e-02 6.221843543320728503e-02 5.943129409960357101e-02 5.639985765460973910e-02 5.316592671164104694e-02 4.984771415183118781e-02 4.644793556864176137e-02 4.303717386372134246e-02 3.964523080422802798e-02 3.629692896953298775e-02 3.299209695150216032e-02 2.977443183168547794e-02 2.661335113731502430e-02 2.353430202470737156e-02 2.051700610751784962e-02 1.756683830115533806e-02 1.467295491503996241e-02 1.181814635908759979e-02 9.011190686363050248e-03 6.306298282724978090e-03 4.029240716910844483e-02 6.649007440721926843e-02 7.053032603388713351e-02 7.445148595575125372e-02 7.809436160600931320e-02 8.135480990858627581e-02 8.402905533169741092e-02 8.596871716269054164e-02 8.706915374432298849e-02 8.720391257721259171e-02 8.636504199634897905e-02 8.459538172534630807e-02 8.200526117799283865e-02 7.875201119153291129e-02 7.493886994017222303e-02 7.078164734426813098e-02 6.637674938532665825e-02 6.189518349904737926e-02 5.738001151534379701e-02 5.289320281497333909e-02 4.850925615972240257e-02 4.426873660779209740e-02 4.017710722848693433e-02 3.621810407709045998e-02 3.240597965278063652e-02 2.869917079367228022e-02 2.508217391164551530e-02 2.152860173209370995e-02 1.803495863882249514e-02 1.444162449604454758e-02 1.081195476235812837e-02 7.032237005262832047e-03 2.985986917063972439e-03 9.186556026144201894e-05 -1.048164118773610171e-03 2.718281676541291865e-04 1.958793447206861726e-03 3.803776221051365179e-03 5.957711922793450243e-03 7.949991717058095195e-03 9.661964023737406454e-03 1.121350036913701387e-02 1.257285251383617915e-02 1.371942073468399373e-02 1.464962712030752449e-02 1.537724728344364890e-02 1.591474622692359148e-02 1.626454610653760985e-02 1.642898278600621320e-02 1.641230869918939780e-02 1.619068481311859015e-02 1.573039913358898964e-02 1.489721675703448329e-02 1.405293437040886807e-02 1.302509905908902192e-02 1.180531291204361261e-02 1.047207819923412324e-02 9.089115405715223611e-03 7.654116981420116053e-03 6.171428799883885326e-03 4.668068698355797713e-03 3.171083344931617878e-03 1.666269893870741918e-03 1.187836172643320459e-04 -1.450400121491733684e-03 -3.026054524280493829e-03
3.466629156836015246e-02 5.566373363526772727e-02 5.841149799097566930e-02 6.103723671999018024e-02 6.350043866923738012e-02 6.572398290423275835e-02 6.760557055387714231e-02 6.905303869693155128e-02 7.001292678679421622e-02 7.040946489396734953e-02 7.020938959959591164e-02 6.941248557610199543e-02 6.805115405473934065e-02 6.618368187695181093e-02 6.386044593339262887e-02 6.117327061532463334e-02 5.819047998112896608e-02 5.496514823650383574e-02 5.161954602833276895e-02 4.817031928120441703e-02 4.468931616911268195e-02 4.121273257360726777e-02 3.776924504219134060e-02 3.436294000549311445e-02 3.103528912122281366e-02 2.776077058472447082e-02 2.456335343040271998e-02 2.142104753827807004e-02 1.834445486857803204e-02 1.531635257098445946e-02 1.231883231268095236e-02 9.354743064147522796e-03 6.464523987434600029e-03 3.755376473640981844e-02 6.429548301350182515e-02 6.851701508296813292e-02 7.267368084972261610e-02 7.661218499850788732e-02 8.023250715748105055e-02 8.332727576122297974e-02 8.573231036320404230e-02 8.731422282418356551e-02 8.795172194714576119e-02 8.758193382799467352e-02 8.622261761206789776e-02 8.396471911122412035e-02 8.095740491500574842e-02 7.730158761117671140e-02 7.321796880847172839e-02 6.881298579286979078e-02 6.427497105248008991e-02 5.966416110625877983e-02 5.505979484379607686e-02 5.054175431051460832e-02 4.615893010504148325e-02 4.192199114963340162e-02 3.781863653390853813e-02 3.386101391807663785e-02 3.000984739180314123e-02 2.624694861042065411e-02 2.255113446522120230e-02 1.889703328634483731e-02 1.514053385232009934e-02 1.132749330372789277e-02 7.335328500560981888e-03 3.022241038551663761e-03 8.843648053497524676e-05 -1.287994716052417001e-03 7.186443029878574048e-05 1.829597512900759922e-03 3.762779585906813468e-03 6.027696219345256290e-03 8.142402135669040211e-03 9.972318640965982528e-03 1.164460793792819991e-02 1.312717925934067317e-02 1.439837551543486117e-02 1.545237219869568385e-02 1.629836596177734048e-02 1.694484067021991003e-02 1.739197577845275761e-02 1.763944743170928892e-02 1.768776926473557623e-02 1.751239500488237580e-02 1.708202137517585845e-02 1.628111293225203635e-02 1.543568883718153539e-02 1.440015302695752016e-02 1.317089537203481285e-02 1.182199272914262293e-02 1.041382275471732823e-02 8.946145895083246202e-03 7.424927646434370879e-03 5.875852143006020205e-03 4.324089911405295562e-03 2.757376421883122805e-03 1.147798863847642077e-03 -4.765443898358025514e-04 -2.103689233988789448e-03
3.213092742703135135e-02 5.362291882094218087e-02 5.649299240216135165e-02 5.926903612317172693e-02 6.191308184006343029e-02 6.435172178063433557e-02 6.648354056113030264e-02 6.821200143144126593e-02 6.948244230479502792e-02 7.020938959959591164e-02 7.034352633098168994e-02 6.986765604519305783e-02 6.879744291003990486e-02 6.717857198964811982e-02 6.505260111069101348e-02 6.250801077593701183e-02 5.961393912786685373e-02 5.643329060287582272e-02 5.309262445374725997e-02 4.962265709039766909e-02 4.609686497181959830e-02 4.255837781013310089e-02 3.904030628142751702e-02 3.555114070969990492e-02 3.213179382029048708e-02 2.876087979709746403e-02 2.546133782692387715e-02 2.221155146568519478e-02 1.902300552749802351e-02 1.587566667996168773e-02 1.275005417575575915e-02 9.642815755079619383e-03 6.579797971432586358e-03 3.481690963406928324e-02 6.180308275098671256e-02 6.614137968313639482e-02 7.046153786172319744e-02 7.461743608401565087e-02 7.851547360158302180e-02 8.194949801637693709e-02 8.475078511045111562e-02 8.677412364644286613e-02 8.788916101415823745e-02 8.800006253937758816e-02 8.709354309961803153e-02 8.523123872685194058e-02 8.254310079695358071e-02 7.911826885576443702e-02 7.517612690066863279e-02 7.083018973276013208e-02 6.628516764883551904e-02 6.161953929150506409e-02 5.693108341269723094e-02 5.230568712618532262e-02 4.780243932476518215e-02 4.343866906677276707e-02 3.920703886130171012e-02 3.511957724875482828e-02 3.113922381352145566e-02 2.724620640485688958e-02 2.341970302595064446e-02 1.962435299628011165e-02 1.572268259990906858e-02 1.174507901300217948e-02 7.560295223417223820e-03 3.001110373523928777e-03 8.115309925161183957e-05 -1.535624872360864509e-03 -1.454613084078854339e-04 1.671103631116117438e-03 3.677487367532400898e-03 6.036159980988341917e-03 8.257489849531996634e-03 1.019260883584570919e-02 1.197607601826034505e-02 1.357610373728723556e-02 1.496992827824208949e-02 1.614912432673533751e-02 1.711790536722956196e-02 1.788032045098423076e-02 1.843388406631247742e-02 1.877533496003860880e-02 1.890128987771879862e-02 1.878625441494143414e-02 1.840102801546409858e-02 1.764818206172128964e-02 1.681922799886588840e-02 1.579493667905018661e-02 1.457648097484351597e-02 1.323313556250818764e-02 1.182148275659268902e-02 1.034316269672815904e-02 8.805607179108323676e-03 7.232886105061917502e-03 5.647960133716998024e-03 4.040704312794778791e-03 2.390772518913322677e-03 7.334174516186959874e-04 -9.237547167781076174e-04
2.963201884045937526e-02 5.136320191128188051e-02 5.431101100348689065e-02 5.718899288140286141e-02 5.996212059848752413e-02 6.256174901592399806e-02 6.488921667686819994e-02 6.684913130014373539e-02 6.838619152910839494e-02 6.941248557610199543e-02 6.986765604519305783e-02 6.971940184105969440e-02 6.896453173691693972e-02 6.763089284143783408e-02 6.574538509670575792e-02 6.338863999205436583e-02 6.062757218076286064e-02 5.753325365717024131e-02 5.423591555225876909e-02 5.077997403973984192e-02 4.724041714828419725e-02 4.366766367893384210e-02 4.009980615508754176e-02 3.654989447199038372e-02 3.306011538564822272e-02 2.961234731305936729e-02 2.622915628405499827e-02 2.289015401690347451e-02 1.960651676172523242e-02 1.635663045246027805e-02 1.311925778918215761e-02 9.884709021400581164e-03 6.663586282821453745e-03 3.211634517947071360e-02 5.906734289496707452e-02 6.346072507094766002e-02 6.787448083466440796e-02 7.217017935451079669e-02 7.626240365430728141e-02 7.994977146170179072e-02 8.306667476109792780e-02 8.546308816926038998e-02 8.700788757595299960e-02 8.758308585692517467e-02 8.714755840715011914e-02 8.572899623945176573e-02 8.342739582075929528e-02 8.030827406815074787e-02 7.658214253114122017e-02 7.236418014327679338e-02 6.787309404256550160e-02 6.320522493094966887e-02 5.847707972727218817e-02 5.378056169876766629e-02 4.918656861535596753e-02 4.472053826569512974e-02 4.038123605243943565e-02 3.618282812029227635e-02 3.209057810258875848e-02 2.808429739225815763e-02 2.414253804634748646e-02 2.022400086438708861e-02 1.619552079622581242e-02 1.207299123015525937e-02 7.716809435108523685e-03 2.934684841045001776e-03 7.378562823337023202e-05 -1.782750692400693901e-03 -3.745391927748614085e-04 1.484528350130595023e-03 3.545047666714419305e-03 5.975801822512922558e-03 8.282431955405410856e-03 1.030340650486907643e-02 1.218096673264226250e-02 1.388482523150373106e-02 1.539154159683655751e-02 1.669007944423774731e-02 1.777947899130793985e-02 1.865903501576308618e-02 1.932338214460899498e-02 1.976656065287014236e-02 1.998213052473701498e-02 1.994465028077078289e-02 1.962698728736855108e-02 1.894721043305626351e-02 1.816057341858894753e-02 1.717238732919531066e-02 1.598897447320023549e-02 1.467528996257300156e-02 1.328429082511146248e-02 1.181955875941250421e-02 1.028984029452029159e-02 8.717293691243308343e-03 7.122417389017154238e-03 5.497506655914883265e-03 3.830457518975581479e-03 2.163868292135856519e-03 5.011930962409734533e-04
2.719365431139246156e-02 4.892861967125620298e-02 5.191269435410425515e-02 5.484722831858864639e-02 5.770026956508293031e-02 6.040856081664606331e-02 6.287730334708965807e-02 6.501545299048663851e-02 6.676840376879773775e-02 6.805115405473934065e-02 6.879744291003990486e-02 6.896453173691693972e-02 6.853219363654187990e-02 6.750803877076705373e-02 6.589897967876866269e-02 6.377357557235820151e-02 6.119191732567876713e-02 5.823026491217793421e-02 5.502067620275848114e-02 5.162002161741331002e-02 4.810398085260979978e-02 4.453024458662820789e-02 4.094229068899512408e-02 3.735787241190077074e-02 3.382231993040260565e-02 3.032004499248435944e-02 2.687395323377705231e-02 2.346563953926050078e-02 2.010562619654668662e-02 1.677148824139929398e-02 1.344035696352037339e-02 1.009629072873104508e-02 6.734462038474033074e-03 2.947810947529802897e-02 5.614208431839261965e-02 6.053468976150752634e-02 6.497815813457991085e-02 6.934171586809871612e-02 7.354926311785815740e-02 7.740623292043294357e-02 8.075495298787781218e-02 8.344558700689191921e-02 8.535388738651190910e-02 8.634968520150673732e-02 8.637237777006671891e-02 8.541836223999220434e-02 8.355200417522685996e-02 8.080314731960969166e-02 7.736687459066152184e-02 7.335172581530589875e-02 6.898566554050612754e-02 6.438011556390436929e-02 5.966880988953629505e-02 5.494858713385696730e-02 5.030314259564516721e-02 4.576725689832449734e-02 4.134697571348780465e-02 3.706099663464667432e-02 3.287725477165913401e-02 2.877651292699223012e-02 2.473689198365350977e-02 2.071351662027286905e-02 1.657696581805711417e-02 1.232974188842561429e-02 7.824503206719150492e-03 2.845010969903161071e-03 6.769721562892417981e-05 -2.018261503548273751e-03 -6.064713873932493435e-04 1.275275329484950150e-03 3.368417918719275421e-03 5.847410762384899936e-03 8.215301859872620530e-03 1.029935935383370291e-02 1.224970242957363134e-02 1.403880574015179024e-02 1.564295909993701494e-02 1.704858997861784589e-02 1.824969348630006705e-02 1.924097558314876583e-02 2.001451445083632028e-02 2.056247828031542574e-02 2.087693264856942468e-02 2.093429569114084801e-02 2.070964982123548598e-02 2.013278444047385957e-02 1.941867236097130286e-02 1.849450379367916300e-02 1.737219834707645627e-02 1.611332800439284341e-02 1.476774322726106918e-02 1.334109820606794138e-02 1.184316909757821695e-02 1.029381612724394011e-02 8.710940267041413637e-03 7.089750931278076922e-03 5.427355706769045225e-03 3.774479262868833760e-03 2.133352868238301385e-03
2.483883906058818175e-02 4.636670673718226721e-02 4.934976872606812448e-02 5.229980088843493718e-02 5.518787983911527945e-02 5.795640621232065609e-02 6.051490220326115332e-02 6.277847944029507632e-02 6.469434478683086520e-02 6.618368187695181093e-02 6.717857198964811982e-02 6.763089284143783408e-02 6.750803877076705373e-02 6.680072008220214186e-02 6.548775110898241714e-02 6.363089772037491820e-02 6.127421635181500015e-02 5.849470753634752884e-02 5.542262380216785023e-02 5.212493574053538720e-02 4.867623861578654343e-02 4.514092356278341656e-02 4.156798230052732857e-02 3.797997289506306606e-02 3.442704863026012363e-02 3.089557104574507801e-02 2.741000992839277839e-02 2.395411552172525133e-02 2.053812496910236915e-02 1.713949554850023593e-02 1.373409977499397312e-02 1.030009754982994657e-02 6.817661789371562940e-03 2.692687354117736728e-02 5.308376626473182425e-02 5.742689028732602535e-02 6.184401557309578135e-02 6.621162607707559156e-02 7.046357149214381443e-02 7.441292340234796632e-02 7.791272752559150194e-02 8.081690294756303794e-02 8.301279675934070124e-02 8.436613361171102499e-02 8.480568211813738211e-02 8.430429985968050655e-02 8.289761105067172675e-02 8.055226936306399133e-02 7.747192800680459401e-02 7.373556222648787462e-02 6.957360104275048251e-02 6.510620623014010122e-02 6.048080694370989302e-02 5.579656694121456345e-02 5.115000892340088728e-02 4.658604139354120127e-02 4.211907746395664176e-02 3.777464592132808580e-02 3.352397797772106725e-02 2.935035051100179371e-02 2.523221348878827361e-02 2.112308307870375268e-02 1.689753655353285963e-02 1.254611750552730824e-02 7.914740628662351313e-03 2.765157262647550268e-03 6.029837182208811077e-05 -2.231291608187642439e-03 -8.298949588915987934e-04 1.054680014474442809e-03 3.159941576984153042e-03 5.664348214424535025e-03 8.069763530432785131e-03 1.019366726187907572e-02 1.219429360963609349e-02 1.404819203606764814e-02 1.573166499975968760e-02 1.722862124254695773e-02 1.852828994238375424e-02 1.962119261476973422e-02 2.049726436656549786e-02 2.114734196928532220e-02 2.156277667425259004e-02 2.172273866654185134e-02 2.160474633089828206e-02 2.114900090649338843e-02 2.052795390834648639e-02 1.968937332484220135e-02 1.865044269798568979e-02 1.746926781942238424e-02 1.619245734119372643e-02 1.482742745995905935e-02 1.338433907126264366e-02 1.188018391157258033e-02 1.033019949289976612e-02 8.733122868911825584e-03 7.096423563746289374e-03 5.480342859709548368e-03 3.892254431605118338e-03
2.257476362435624148e-02 4.370688566022356419e-02 4.665607891549954783e-02 4.958523812508070644e-02 5.246825805761504841e-02 5.525320075258087493e-02 5.785375640020034432e-02 6.019176812234736107e-02 6.221843543320728503e-02 6.386044593339262887e-02 6.505260111069101348e-02 6.574538509670575792e-02 6.589897967876866269e-02 6.548775110898241714e-02 6.448695366613838020e-02 6.292226178051027463e-02 6.083110279190307584e-02 5.828332555550231470e-02 5.540196777440538345e-02 5.226011966543036430e-02 4.892854118087302390e-02 4.547708500381051483e-02 4.195997786012534841e-02 3.840456977421769641e-02 3.486705913454073852e-02 3.133563430475980877e-02 2.783684499132200313e-02 2.435768029264770082e-02 2.090831325643255356e-02 1.746686105918186446e-02 1.400854362343881797e-02 1.050631564735739210e-02 6.926515724824314560e-03 2.447173914323864594e-02 4.993229350898525237e-02 5.418461694342913137e-02 5.852746578323107102e-02 6.284380965607272440e-02 6.707772696196744044e-02 7.104956826677608084e-02 7.462368918493199332e-02 7.766375540202836991e-02 8.006502921249697424e-02 8.169823007273105397e-02 8.248811558819613143e-02 8.239196997191775007e-02 8.140843383737317307e-02 7.951909581451742370e-02 7.683583310792750642e-02 7.344687064301859414e-02 6.957021841355162661e-02 6.532413404037076821e-02 6.086340105862672600e-02 5.628549474203058123e-02 5.169862431904923006e-02 4.715793785853995140e-02 4.268702225270855355e-02 3.832012465224560877e-02 3.403265196670412357e-02 2.981194888508468394e-02 2.563796251586647132e-02 2.146445163199785927e-02 1.717078352626319818e-02 1.273735233413031409e-02 8.004833287647278653e-03 2.715848483579122365e-03 4.663781905763834360e-05 -2.423488639949437310e-03 -1.049122334340481287e-03 8.154424316756997328e-04 2.910136895527906838e-03 5.414691073854937912e-03 7.830912937483435268e-03 9.968211018009362490e-03 1.199348706834465865e-02 1.388904544306416265e-02 1.563163160365296095e-02 1.720280643322148750e-02 1.858757927690011386e-02 1.977294101671851767e-02 2.074712832922063002e-02 2.149977941624558672e-02 2.202127841630534613e-02 2.229320007835540809e-02 2.229539891042720684e-02 2.197963000089585978e-02 2.147361242533520759e-02 2.074599718388244959e-02 1.981791954105299736e-02 1.874282692192745167e-02 1.756342544460265734e-02 1.628842690798254153e-02 1.492774190529626288e-02 1.349505240814578150e-02 1.200308745135645477e-02 1.045480572314101513e-02 8.869189478319192826e-03 7.317811421881630779e-03 5.822166474482266124e-03
2.043662420301198268e-02 4.101224207760697377e-02 4.389924362093831217e-02 4.677598476868940341e-02 4.961886782774312110e-02 5.238159752641361605e-02 5.498156251507466813e-02 5.734874761048965042e-02 5.943129409960357101e-02 6.117327061532463334e-02 6.250801077593701183e-02 6.338863999205436583e-02 6.377357557235820151e-02 6.363089772037491820e-02 6.292226178051027463e-02 6.166267237072907414e-02 5.987025764232703495e-02 5.760163261789855160e-02 5.496471928572810306e-02 5.203436841990815437e-02 4.887368499547921352e-02 4.555609110773571613e-02 4.214026393497907752e-02 3.865815805198569849e-02 3.517239574163054383e-02 3.167324778129455148e-02 2.819002062484441892e-02 2.471358210303037720e-02 2.125463815889768251e-02 1.779279283073598866e-02 1.430337766415261912e-02 1.075498630577036499e-02 7.101654166513597828e-03 2.214965840407553607e-02 4.675762655996778400e-02 5.088497798597287763e-02 5.511364847547473717e-02 5.933210308529342919e-02 6.349501475904595349e-02 6.742910672227174496e-02 7.101319887957326105e-02 7.410378204833723004e-02 7.663247336592525494e-02 7.846353510020882827e-02 7.952547845321540632e-02 7.976988134486193149e-02 7.918157167097394922e-02 7.771161267154193253e-02 7.545799339991668409e-02 7.247899973206263502e-02 6.897089537681766469e-02 6.503366230716595142e-02 6.082363257385160066e-02 5.643140260096505406e-02 5.197448619694693822e-02 4.751756654272244057e-02 4.309374751867030284e-02 3.874706650850724687e-02 3.445822315340436176e-02 3.022006195777281537e-02 2.601533898608399467e-02 2.179991466365940878e-02 1.745908015562849108e-02 1.296510523328100323e-02 8.155147756217435637e-03 2.755931446778510548e-03 2.919883149007237256e-05 -2.579800721245613729e-03 -1.243949194531564304e-03 5.831919926654030497e-04 2.650567199238459872e-03 5.134931033838125575e-03 7.538345078061061202e-03 9.663725270138975171e-03 1.168753526681242522e-02 1.359985879507845559e-02 1.537839066923372099e-02 1.700234487095748578e-02 1.845271157433404918e-02 1.971317652961669317e-02 2.077034667662527173e-02 2.161258257100603930e-02 2.222907422645073114e-02 2.260433968110816746e-02 2.272193883519571869e-02 2.255012916481327623e-02 2.216360564940111910e-02 2.155651581286345195e-02 2.075334954555555986e-02 1.980171920196947474e-02 1.873974651725442142e-02 1.757693530733982559e-02 1.632218878520923580e-02 1.498518525253629899e-02 1.357588256957930305e-02 1.210133792475075187e-02 1.059208704595457698e-02 9.132042573984608044e-03 7.764939292811996220e-03
