#DES 1YR

use_WL = T

wl_dataset[DES] = data/DES/DES_1YR_final.dataset
#is faster than plik
wl_dataset_speed[DES] = 8 

#Use min of 40 for consistency with CMB lensing prior (but not same as DES papers)
H0_min=40

param[DES_b1] = 0.1531217E+01 
param[DES_b2] = 0.1727393E+01 
param[DES_b3] = 0.1666332E+01 
param[DES_b4] = 0.2007496E+01 
param[DES_b5] = 0.2154528E+01 

#Looks like Metacalibration is the default
param[DES_m1] = 0.2608283E-01 
param[DES_m2] = 0.2539740E-01 
param[DES_m3] =-0.3920539E-03 
param[DES_m4] =-0.4187982E-02 
prior[DES_m1] = 0.012 0.023
prior[DES_m2] = 0.012 0.023
prior[DES_m3] = 0.012 0.023
prior[DES_m4] = 0.012 0.023

param[DES_AIA] = 0.4277634E+00 
param[DES_alphaIA] =-0.3328350E+01 
param[DES_z0AI] = 0.62

param[DES_DzL1] =-0.4411430E-03 
param[DES_DzL2] = 0.1890910E-02 
param[DES_DzL3] = 0.6909644E-02
param[DES_DzL4] =-0.3972603E-02 
param[DES_DzL5] =-0.8533768E-02

prior[DES_DzL1] = 0.001 0.008
prior[DES_DzL2] = 0.002 0.007
prior[DES_DzL3] = 0.001 0.007
prior[DES_DzL4] = 0.003 0.01
prior[DES_DzL5] = 0 0.01

param[DES_DzS1] = -0.1256244E-02 
param[DES_DzS2] = -0.2894155E-01 
param[DES_DzS3] = -0.7880249E-02 
param[DES_DzS4] = -0.1665697E-01 

prior[DES_DzS1] = -0.001 0.016
prior[DES_DzS2] = -0.019 0.013
prior[DES_DzS3] = 0.009 0.011
prior[DES_DzS4] = -0.018 0.022
