3.405324016937868580e-03 2.427783218216879660e-03 2.323481164403544668e-03 2.217676349109570701e-03 2.110574676186212535e-03 2.002463459800999691e-03 1.893691319464713661e-03 1.784655361952026736e-03 1.675791763281242724e-03 1.567567162144387505e-03 1.460469666327233670e-03 1.354999011470227940e-03 1.251655737834641213e-03 1.150929478150775672e-03 1.053286676941296920e-03 9.591582482479079014e-04 8.689277880631410267e-04 7.829210188910152787e-04 7.013972077836578807e-04 6.245433552581698602e-04 5.524718992470888101e-04 4.852223965946924136e-04 4.227671139244805259e-04 3.650198130811771035e-04 3.118464980481375714e-04 2.630767398436364415e-04 2.185144993458175997e-04 1.779479781626912217e-04 1.411587127244164107e-04 1.079311038100558008e-04 7.806830662648959205e-05 3.405324206247948779e-03 2.412239553244092949e-03 2.297320300704736983e-03 2.193391880827352293e-03 2.076177439746756601e-03 1.970678147043227434e-03 1.862383434134767856e-03 1.758149423243618404e-03 1.649068412411446201e-03 1.559022563322013570e-03 1.462013523775867801e-03 1.378214226203561743e-03 1.288111171961484102e-03 1.206030664412613331e-03 1.121340678383900020e-03 1.058030969312895525e-03 9.971879997474053774e-04 9.334678344173850126e-04 8.491875805636078757e-04 7.859302736224372133e-04 6.996430912474376753e-04 6.627995098315365204e-04 5.797363075453111246e-04 5.097361632346450932e-04 4.363185491680598689e-04 3.729969550914754759e-04 3.107232124430691039e-04 2.815462057621583199e-04 2.128755634587742784e-04 1.451904789269804416e-04 1.029556259867588813e-04 2.866200177337418609e+00 6.008290794865856627e-03 4.208555742155907151e-03 2.706095219771575012e-03 1.449740520330570007e-03 4.041880491731518108e-04 -4.560696955839134122e-04 -1.150559105149536647e-03 -1.695299009880923925e-03 -2.104744610507907655e-03 -2.392793922552557181e-03 -2.573394306822078276e-03 -2.660715401499092782e-03 -2.669007130873160983e-03 -2.612312320358603675e-03 -2.504138180265255351e-03 -2.357165665098531412e-03 -2.182877726728555973e-03 -1.991285676047541923e-03 -1.790897927791333839e-03 -1.588477569318911924e-03 -1.389124668266404281e-03 -1.196389825771029423e-03 -1.012503208489087857e-03 -8.385763190159215919e-04 -6.749994898208560960e-04 -5.216255228174794751e-04 -3.779339541507922861e-04 -2.427571806642860692e-04 -1.195383285527662986e-04 0.000000000000000000e+00
2.427783218216879660e-03 1.482605792684806197e-02 1.549674315766816357e-02 1.603751083590951657e-02 1.644795350661852618e-02 1.672901142303508809e-02 1.688296461117049299e-02 1.691343601674165018e-02 1.682535414760861700e-02 1.662485922007090125e-02 1.631916193648323687e-02 1.591637212454204142e-02 1.542531227585213806e-02 1.485532592515263935e-02 1.421608676712744074e-02 1.351741234795353526e-02 1.276908558231259691e-02 1.198068747281909492e-02 1.116144470893397876e-02 1.032009596201451801e-02 9.464780414154062502e-03 8.602951182026650004e-03 7.741314828805827795e-03 6.885796332933720974e-03 6.041527101120395572e-03 5.212852308720836679e-03 4.403353312503644097e-03 3.615881092103920020e-03 2.852597425568159824e-03 2.115022227644649481e-03 1.404095454443795264e-03 2.427792806865061107e-03 1.516352587154651092e-02 1.581571129218660096e-02 1.633417521256062127e-02 1.671322042551666789e-02 1.697170043562187813e-02 1.709408864386466678e-02 1.711796602010299748e-02 1.703310658994550489e-02 1.688985117097645955e-02 1.666397537521426345e-02 1.635250997356727312e-02 1.597289034351213194e-02 1.553981121041453015e-02 1.507449213645690664e-02 1.455378311266309829e-02 1.400616595355462339e-02 1.338183133159763505e-02 1.267369010322825541e-02 1.196919064778032178e-02 1.125434527082026792e-02 1.039111828085575485e-02 9.516314741642252495e-03 8.563807215091217076e-03 7.546735818611815215e-03 6.539462601209796583e-03 5.456954552149301946e-03 4.322163677255003340e-03 3.059083006159580426e-03 1.809807057753334099e-03 5.299889594292401650e-04 1.773022382914643060e+02 3.028062312683836854e-01 2.650015198589106835e-01 2.323542201723301226e-01 2.036569924232207174e-01 1.781258283869496806e-01 1.552410165143149612e-01 1.346493151055394577e-01 1.161024005438436035e-01 9.941753284869038476e-02 8.445223015849719073e-02 7.108786443352081708e-02 5.921946264620241152e-02 4.874944424528786929e-02 3.958385721566100995e-02 3.163043423082124994e-02 2.479753585595554852e-02 1.899397394899838415e-02 1.412916387274739533e-02 1.011361283285053085e-02 6.859604520908905469e-03 4.282520379690307570e-03 2.301957155779179795e-03 8.424297206229688570e-04 -1.659689320099938200e-04 -7.876130872064637800e-04 -1.081426869682190111e-03 -1.101023585864511871e-03 -8.939124878567307779e-04 -5.174524408212789533e-04 0.000000000000000000e+00
2.323481164403544668e-03 1.549674315766816357e-02 1.623446962128332130e-02 1.683656804365546433e-02 1.730180252859857964e-02 1.763041311807505077e-02 1.782413312410364992e-02 1.788620303894986399e-02 1.782133336999666695e-02 1.763560377227247483e-02 1.733631017599906662e-02 1.693177895821121673e-02 1.643116436579030240e-02 1.584423982634636588e-02 1.518118947394174294e-02 1.445240406306034023e-02 1.366828485654897514e-02 1.283905922281299711e-02 1.197461199118124604e-02 1.108433674852464176e-02 1.017701095418432899e-02 9.260697820577343947e-03 8.342676357541998003e-03 7.429399050726693404e-03 6.526474746430341138e-03 5.638672890850548666e-03 4.769944621622218897e-03 3.923456332863361519e-03 3.101632031877220481e-03 2.306202518219526137e-03 1.538269546758925556e-03 2.323490631757222161e-03 1.586354124666138760e-02 1.658371514486030665e-02 1.716161346214301053e-02 1.759354710019872536e-02 1.789604264400576975e-02 1.805406458236721856e-02 1.810590208201873913e-02 1.804196615162875772e-02 1.791237013325649996e-02 1.769517720384292114e-02 1.738424165198832611e-02 1.700086691874018452e-02 1.655864532727557847e-02 1.608203501328707777e-02 1.554367324981598131e-02 1.497164892065367715e-02 1.432095539155738007e-02 1.357939421599970060e-02 1.283925004900701196e-02 1.208814034419068706e-02 1.117319123374514896e-02 1.024741364412204252e-02 9.236221149432172553e-03 8.153442191555441976e-03 7.078864599656263697e-03 5.921774304990294613e-03 4.703407286373394343e-03 3.349281077961502231e-03 2.004870508023653703e-03 6.244489401004119002e-04 1.906100539379557119e+02 3.283508591342311767e-01 2.878499658751402790e-01 2.528613700792027297e-01 2.220820769505301162e-01 1.946678653319124375e-01 1.700609663826072038e-01 1.478840927547851181e-01 1.278736879209381450e-01 1.098372896084539169e-01 9.362600702010648313e-02 7.911667646832631906e-02 6.620074063754140259e-02 5.477738960913107469e-02 4.474943831065135436e-02 3.602116642222961268e-02 2.849713178940259037e-02 2.208193831315767575e-02 1.668035918505766935e-02 1.219785774546527403e-02 8.541311197754499623e-03 5.620470936929321260e-03 3.349218137081490416e-03 1.646399537927104766e-03 4.366168168294889984e-04 -3.497463293034540886e-04 -7.765643355413069659e-04 -9.020889899576042814e-04 -7.781449850839537892e-04 -4.666554375163966574e-04 0.000000000000000000e+00
2.217676349109570701e-03 1.603751083590951657e-02 1.683656804365546433e-02 1.749596100116643585e-02 1.801357138165831165e-02 1.838885797523435311e-02 1.862290535512757528e-02 1.871845295672575418e-02 1.867986210170876488e-02 1.851301223364498413e-02 1.822514055736928346e-02 1.782464565848428800e-02 1.732087223005407059e-02 1.672388811357574182e-02 1.604426039707441617e-02 1.529283513009533323e-02 1.448052465034131361e-02 1.361810668927825214e-02 1.271603974164750399e-02 1.178429930346310169e-02 1.083223924514409471e-02 9.868481602538788089e-03 8.900836439375604120e-03 7.936251405527783298e-03 6.980788602315913215e-03 6.039624818892789897e-03 5.117070432946915770e-03 4.216602289748167150e-03 3.340906500876588293e-03 2.491928784511834860e-03 1.670940186776360319e-03 2.217685557433661352e-03 1.643031783964365999e-02 1.721331924159323623e-02 1.784711218595698423e-02 1.833003135932568042e-02 1.867592204896647429e-02 1.887030707431528245e-02 1.895172898534402267e-02 1.891127835122032030e-02 1.879839690413497022e-02 1.859355442646525719e-02 1.828760917848277004e-02 1.790547470636476984e-02 1.745956650835876756e-02 1.697729022967917403e-02 1.642748914730512988e-02 1.583704128784461582e-02 1.516689594354913261e-02 1.439912147150777116e-02 1.363043904859927158e-02 1.284988275669359317e-02 1.189134410465964541e-02 1.092230154743459823e-02 9.860493527398593236e-03 8.720125920145573029e-03 7.586045092088867375e-03 6.362417209780664613e-03 5.068613384873054892e-03 3.632243871922236512e-03 2.200655828222450403e-03 7.275611008758043957e-04 2.029268362704797539e+02 3.522104185005505150e-01 3.092718657063237564e-01 2.721708479755452492e-01 2.395132664656431376e-01 2.103974842089010311e-01 1.842295228220007797e-01 1.606094342278053810e-01 1.392596188927184564e-01 1.199790288668170363e-01 1.026135074282382292e-01 8.703652429851164996e-02 7.313713060258990317e-02 6.081249119033319689e-02 4.996339193536139534e-02 4.049184567882557761e-02 3.229976060073138505e-02 2.528863568382136093e-02 1.935963774340105498e-02 1.441413918843702756e-02 1.035447091287650632e-02 7.085513452107372254e-03 4.516090112458401480e-03 2.559943628880155270e-03 1.136664038784202749e-03 1.718001714319023398e-04 -4.031289507371248171e-04 -6.507263733232387676e-04 -6.269042650098113640e-04 -3.978818616441523980e-04 0.000000000000000000e+00
2.110574676186212535e-03 1.644795350661852618e-02 1.730180252859857964e-02 1.801357138165831165e-02 1.858025058078006594e-02 1.900047643045196799e-02 1.927461476741220564e-02 1.940480918447569023e-02 1.939495681717781292e-02 1.925060678756303906e-02 1.897879761084232328e-02 1.858785524125075236e-02 1.808716950049920821e-02 1.748696052479598723e-02 1.679804237184160873e-02 1.603158878551343841e-02 1.519890559831577406e-02 1.431121444717080651e-02 1.337945279102715698e-02 1.241409531635175208e-02 1.142500144385324642e-02 1.042129261264588581e-02 9.411261311750587777e-03 8.402311701527767282e-03 7.400929541076026533e-03 6.412677465120067768e-03 5.442210752586390185e-03 4.493308630948469364e-03 3.568916698634877049e-03 2.671197673268276354e-03 1.801597908623249391e-03 2.110583511485437415e-03 1.686298185307792338e-02 1.770281771064414339e-02 1.838815801777422126e-02 1.891938118335349459e-02 1.930733254073442942e-02 1.953815127168950783e-02 1.965020504750006683e-02 1.963528142813799823e-02 1.954174795692800032e-02 1.935252041554429495e-02 1.905571996387622064e-02 1.867955942312789913e-02 1.823522728771621512e-02 1.775275236006878046e-02 1.719762755955651576e-02 1.659481097833292312e-02 1.591215139705717124e-02 1.512553217277442554e-02 1.433559507537228092e-02 1.353265071264725741e-02 1.253899467814989510e-02 1.153479415487393932e-02 1.043088024052081855e-02 9.241573764353101100e-03 8.056309620674237046e-03 6.774783064403455159e-03 5.414343741138167611e-03 3.905320944840496526e-03 2.395349433860557032e-03 8.383771756029040302e-04 2.142008419335960809e+02 3.741512817117253475e-01 3.290490208654135440e-01 2.900797100830286301e-01 2.557629906866081826e-01 2.251425992354268435e-01 1.975900417209432158e-01 1.726838835963326324e-01 1.501334580155596343e-01 1.297300781221069343e-01 1.113153124057511961e-01 9.476032344548067365e-02 7.995289466560702440e-02 6.678933797690260465e-02 5.516961364029945858e-02 4.499467893240448324e-02 3.616499073358497851e-02 2.858010591255685795e-02 2.213868998847300443e-02 1.673905155694387428e-02 1.227991086821316954e-02 8.662110177710676678e-03 5.790142209530699073e-03 3.573273957396454724e-03 1.926621834744838028e-03 7.713597796143319661e-04 3.479176048118890575e-05 -3.497061983913384887e-04 -4.418661014723640002e-04 -3.118982396909873961e-04 0.000000000000000000e+00
2.002463459800999691e-03 1.672901142303508809e-02 1.763041311807505077e-02 1.838885797523435311e-02 1.900047643045196799e-02 1.946307839970912515e-02 1.977627335158875163e-02 1.994154066817608456e-02 1.996221865227684050e-02 1.984341060180198207e-02 1.959182576301752438e-02 1.921557740676626061e-02 1.872395603186286644e-02 1.812718958625285717e-02 1.743619820292742484e-02 1.666234891521471348e-02 1.581721537342875225e-02 1.491234780708403616e-02 1.395905878125487491e-02 1.296823036896440663e-02 1.195014795614343824e-02 1.091436481066028301e-02 9.869599769914848622e-03 8.823668182003143248e-03 7.783443999217847485e-03 6.754849122967067354e-03 5.742865057118401798e-03 4.751561691916333756e-03 3.784138468257365433e-03 2.842974717755972994e-03 1.929696157543388550e-03 2.002471829349635000e-03 1.716210331390741889e-02 1.805203559483367637e-02 1.878382733461226792e-02 1.935992171528404943e-02 1.978789619698676297e-02 2.005455405331442800e-02 2.019769311736179310e-02 2.020978956038611135e-02 2.013777441027124818e-02 1.996697525464430356e-02 1.968310132716081726e-02 1.931731061758989315e-02 1.887953251305182420e-02 1.840207969240752542e-02 1.784754415904725791e-02 1.723838113908682593e-02 1.655006640234302218e-02 1.575202157264466579e-02 1.494818499492075667e-02 1.413005304772695613e-02 1.310999148287245175e-02 1.207903958864711344e-02 1.094188192734780671e-02 9.712740988513740570e-03 8.485054320652326426e-03 7.154794501697861117e-03 5.737123985525664771e-03 4.165769204774057675e-03 2.586993881021756522e-03 9.557648046473666463e-04 2.243731630256182257e+02 3.939399759942497359e-01 3.469624376295281087e-01 3.063828778293613553e-01 2.706400566318616918e-01 2.387260486519725555e-01 2.099795094216756197e-01 1.839585555271416040e-01 1.603602475029570207e-01 1.389690196911029241e-01 1.196229881914451232e-01 1.021919294450460286e-01 8.656337948977629870e-02 7.263390151337717482e-02 6.030379795786528635e-02 4.947417481076089862e-02 4.004525306519247929e-02 3.191584615118021190e-02 2.498327330198833740e-02 1.914386561514355364e-02 1.429373288321492651e-02 1.033057759313030059e-02 7.155354170860423087e-03 4.673543972310244959e-03 2.796385492583482006e-03 1.441191109248808437e-03 5.314903257030406235e-04 -2.986397311259467785e-06 -2.254812761979293600e-04 -2.098511937136373284e-04 0.000000000000000000e+00
1.893691319464713661e-03 1.688296461117049299e-02 1.782413312410364992e-02 1.862290535512757528e-02 1.927461476741220564e-02 1.977627335158875163e-02 2.012672700027354211e-02 2.032674966705998523e-02 2.037904932534014349e-02 2.028818674029147021e-02 2.006042565315186224e-02 1.970353660641109214e-02 1.922657228392616116e-02 1.863962629941610244e-02 1.795358320110766043e-02 1.717986560995712203e-02 1.633018407172264971e-02 1.541629546203152068e-02 1.444977608352356058e-02 1.344181564926239664e-02 1.240303791855759327e-02 1.134335263050310037e-02 1.027184154488737164e-02 9.196679099013688879e-03 8.125085850165034498e-03 7.063310946733986941e-03 6.016638678397120965e-03 4.989413765343290313e-03 3.985080340462248023e-03 3.006231017848137298e-03 2.054672503981734826e-03 1.893699149715420390e-03 1.732970760709388186e-02 1.826237065181736050e-02 1.903485902771610491e-02 1.965169681642470537e-02 2.011699090973849413e-02 2.041824553260171426e-02 2.059233320776624604e-02 2.063238530221538428e-02 2.058357207777541248e-02 2.043353379669672967e-02 2.016594371898902671e-02 1.981451807568162388e-02 1.938790621721267135e-02 1.892036826049744297e-02 1.837203332619598978e-02 1.776240902590678350e-02 1.707510846526066536e-02 1.627298932387291619e-02 1.546256660305679598e-02 1.463647933987008085e-02 1.359885044279898238e-02 1.254973839334337649e-02 1.138844675935785956e-02 1.012893422550243186e-02 8.867930409648403303e-03 7.498541324903456630e-03 6.033566115155057120e-03 4.410846954017729783e-03 2.773557352564872975e-03 1.078450190258195811e-03 2.333797521585457559e+02 4.113506903458313269e-01 3.627994963172690990e-01 3.208799082943959990e-01 2.839559463020910335e-01 2.509713566093310089e-01 2.212337278161641829e-01 1.942817277033711543e-01 1.698008142554252031e-01 1.475691383705693971e-01 1.274220140469219387e-01 1.092285937432388859e-01 9.287705235194353148e-02 7.826520497269112697e-02 6.529479154593152701e-02 5.386822848013102932e-02 4.388670060002110990e-02 3.524948362295304144e-02 2.785373110958340101e-02 2.159492246148066869e-02 1.636760644570764769e-02 1.206729896774683640e-02 8.592265561178044977e-03 5.844948810200385064e-03 3.733359691972602378e-03 2.171514253690154644e-03 1.079656919590992565e-03 3.842934929275214069e-04 1.902421595163940299e-05 -9.326927884177923362e-05 0.000000000000000000e+00
1.784655361952026736e-03 1.691343601674165018e-02 1.788620303894986399e-02 1.871845295672575418e-02 1.940480918447569023e-02 1.994154066817608456e-02 2.032674966705998523e-02 2.056048992060527381e-02 2.064479214492236786e-02 2.058359967776423119e-02 2.038263294097754016e-02 2.004920436136770762e-02 1.959200109679825469e-02 1.902084730319627062e-02 1.834645385024665301e-02 1.758016178798690876e-02 1.673368566551066902e-02 1.581886311422386199e-02 1.484741741648484131e-02 1.383073983310801301e-02 1.277969803161930519e-02 1.170447582097592851e-02 1.061444752364468225e-02 9.518087950166035857e-03 8.422916512247189888e-03 7.335471960344884003e-03 6.261312880321251439e-03 5.205038519050399388e-03 4.170324644704936565e-03 3.159970453013056981e-03 2.175962404940375104e-03 1.784662596711279791e-03 1.736928723772229038e-02 1.833682535801314448e-02 1.914370809402374946e-02 1.979654255351735032e-02 2.029584084791485193e-02 2.062983432933157557e-02 2.083415994717886799e-02 2.090254863418790007e-02 2.087812148801969359e-02 2.075067827397143391e-02 2.050226537725752252e-02 2.016874834611616721e-02 1.975747950641949455e-02 1.930434858930460407e-02 1.876743430636844748e-02 1.816299518049166103e-02 1.748307947591676986e-02 1.668404896626889122e-02 1.587419512744909014e-02 1.504730009514878425e-02 1.400094629822510109e-02 1.294232339670691075e-02 1.176613766292129194e-02 1.048596253829955569e-02 9.200981672621106819e-03 7.802402132078114019e-03 6.300472447609672955e-03 4.637892657738456811e-03 2.952991769405953742e-03 1.205053291788157422e-03 2.411538366983598962e+02 4.261725586412364875e-01 3.763608192592122204e-01 3.333814735993095302e-01 2.955308892762816830e-01 2.617083627440910942e-01 2.311924650586474617e-01 2.035034880359364584e-01 1.783159047597603630e-01 1.554020514170248168e-01 1.345949287596980293e-01 1.157636588838141661e-01 9.879778431634421432e-02 8.359723741602874403e-02 7.006618266178867016e-02 5.810942932229827551e-02 4.763027468035050532e-02 3.852963711406511005e-02 3.070568236662211264e-02 2.405417962473683016e-02 1.846919611369180966e-02 1.384505418637212854e-02 1.007822595730382444e-02 7.068911047543048262e-03 4.722592675085388048e-03 2.950604228242712825e-03 1.670441217923025485e-03 8.058502700258381602e-04 2.876696005716662913e-04 3.594513067305598946e-05 0.000000000000000000e+00
1.675791763281242724e-03 1.682535414760861700e-02 1.782133336999666695e-02 1.867986210170876488e-02 1.939495681717781292e-02 1.996221865227684050e-02 2.037904932534014349e-02 2.064479214492236786e-02 2.076077828965174760e-02 2.073028227178000393e-02 2.055840469246833849e-02 2.025190283716394452e-02 1.981898556249239024e-02 1.926908376236736303e-02 1.861260429275743769e-02 1.786067392117510547e-02 1.702487982829231639e-02 1.611701357143274088e-02 1.514882575654051718e-02 1.413179873982415603e-02 1.307694427316264535e-02 1.199463188493888298e-02 1.089445190183785037e-02 9.785114611632847806e-03 8.674384566827994525e-03 7.569046864505163917e-03 6.474900722627662149e-03 5.396774916361607270e-03 4.338559591192512992e-03 3.303250112826616302e-03 2.293008231875155820e-03 1.675798362056823369e-03 1.728576306218774367e-02 1.827997949526309271e-02 1.911453251079981916e-02 1.979808869489235387e-02 2.032753063303838204e-02 2.069183285596519831e-02 2.092513659579847349e-02 2.102169935594089961e-02 2.102233882153435596e-02 2.091881968947758783e-02 2.069198523444731874e-02 2.037943014985659287e-02 1.998718979751217331e-02 1.955249684801411633e-02 1.903175631951049829e-02 1.843781664147572594e-02 1.777125693306455881e-02 1.698217333686826910e-02 1.617977158994468243e-02 1.535901483917032073e-02 1.431265759029505535e-02 1.325309931472076069e-02 1.207126480162904088e-02 1.078025835475468486e-02 9.480757510019071493e-03 8.063146530911554505e-03 6.534925079024192160e-03 4.844394007531862417e-03 3.123285957190515168e-03 1.334122969004641153e-03 2.476287350959607636e+02 4.382163975117960297e-01 3.874665881475156670e-01 3.437153461500303542e-01 3.051995398982803032e-01 2.707785766502017744e-01 2.397044553544624146e-01 2.114803460856285455e-01 1.857703824008846150e-01 1.623414786445664948e-01 1.410246741153902417e-01 1.216894883797331045e-01 1.042273894775145177e-01 8.854113237281249771e-02 7.453815318073010732e-02 6.212662211687802749e-02 5.121301070532634225e-02 4.170100083341977959e-02 3.349091448729250853e-02 2.647994086797646543e-02 2.056275274306931106e-02 1.563349380342978628e-02 1.158777032464792384e-02 8.324373297926823331e-03 5.746999695384567668e-03 3.764956922289931351e-03 2.293570782249620965e-03 1.254336321918493808e-03 5.757665916931812298e-04 1.755370330503446571e-04 0.000000000000000000e+00
1.567567162144387505e-03 1.662485922007090125e-02 1.763560377227247483e-02 1.851301223364498413e-02 1.925060678756303906e-02 1.984341060180198207e-02 2.028818674029147021e-02 2.058359967776423119e-02 2.073028227178000393e-02 2.073081262378819248e-02 2.058961788553190231e-02 2.031282406906921925e-02 1.990806710861378961e-02 1.938427577840278609e-02 1.875143412934004300e-02 1.802033011226391451e-02 1.720229719609094737e-02 1.630895625994735476e-02 1.535196542703661307e-02 1.434278563439419889e-02 1.329246938445292903e-02 1.221147905198298293e-02 1.110953925854248070e-02 9.995525414936650907e-03 8.877387988555239876e-03 7.762109789461714426e-03 6.655691890275148778e-03 5.563162831293170553e-03 4.488605509205230611e-03 3.435197100170003879e-03 2.405266664300788077e-03 1.567573098597934344e-03 1.708538117173625734e-02 1.809789084050464000e-02 1.895310213101313729e-02 1.966167876856135532e-02 2.021693620119817403e-02 2.060859843004463413e-02 2.086910450066169556e-02 2.099315450847288184e-02 2.101904169266048672e-02 2.094027343441001721e-02 2.073691038447247545e-02 2.044785523950358452e-02 2.007779780836378009e-02 1.966506654895065070e-02 1.916472791144509247e-02 1.858618907963481212e-02 1.793846929463580042e-02 1.716578001674334830e-02 1.637733682168013294e-02 1.556935170289037475e-02 1.453146866835220048e-02 1.347934559360086312e-02 1.230098681263179505e-02 1.100897187105301725e-02 9.704405137662085873e-03 8.278021482952188648e-03 6.734364330472819744e-03 5.028051787327116225e-03 3.282518499640368469e-03 1.464177004311457107e-03 2.527409917013171992e+02 4.473206469406335040e-01 3.959621057399337340e-01 3.517317087631904871e-01 3.128160902183757530e-01 2.780400969825923552e-01 2.466320973389289906e-01 2.180796709734797445e-01 1.920373650528434673e-01 1.682670478174308759e-01 1.465980482049627220e-01 1.269005610243743309e-01 1.090683652844046808e-01 9.300756891242994984e-02 7.862956224813161255e-02 6.584669958015060276e-02 5.456956804684581080e-02 4.470564053595317555e-02 3.615847349614811218e-02 2.882776631903893882e-02 2.260986719193548017e-02 1.739975739276676189e-02 1.309312059422375850e-02 9.588199257525679975e-03 6.787677658948471950e-03 4.599529566088040797e-03 2.937527888769100523e-03 1.721461860558437529e-03 8.779947540478125765e-04 3.229337775561413469e-04 0.000000000000000000e+00
1.460469666327233670e-03 1.631916193648323687e-02 1.733631017599906662e-02 1.822514055736928346e-02 1.897879761084232328e-02 1.959182576301752438e-02 2.006042565315186224e-02 2.038263294097754016e-02 2.055840469246833849e-02 2.058961788553190231e-02 2.047999570817525886e-02 2.023497894762814331e-02 1.986155629000124420e-02 1.936806325309789120e-02 1.876395701182580200e-02 1.805957370179698054e-02 1.726587510962543023e-02 1.639419222930484088e-02 1.545597362612776554e-02 1.446254675816383353e-02 1.342490015242211142e-02 1.235349335087822763e-02 1.125809974730611514e-02 1.014768506018810627e-02 9.030321636687967113e-03 7.913136445699119406e-03 6.802288782189996885e-03 5.702972524214904720e-03 4.619437303296366863e-03 3.555023683192096683e-03 2.512216353622114505e-03 1.460474926791942686e-03 1.677555717879541594e-02 1.779793707438351302e-02 1.866664329213195417e-02 1.939422277952518661e-02 1.997058687742436084e-02 2.038620534469028078e-02 2.067166397906355577e-02 2.082201766601111600e-02 2.087284716668727155e-02 2.081916665515033682e-02 2.064065523919912659e-02 2.037711096569769925e-02 2.003183722873946859e-02 1.964405438648281904e-02 1.916778219139143521e-02 1.860906808578486477e-02 1.798511424253322610e-02 1.723476433776783764e-02 1.646631749698739336e-02 1.567732388689981743e-02 1.465603328228830098e-02 1.361938635044563674e-02 1.245338404618013921e-02 1.117004184959587837e-02 9.869743211997905608e-03 8.444823505425049642e-03 6.896657320651758231e-03 5.186840283864172473e-03 3.428911664007213561e-03 1.593748199496525285e-03 2.564336759896635840e+02 4.533563616119498096e-01 4.017224692934144858e-01 3.573076586201030524e-01 3.182586800288669804e-01 2.833719470246127137e-01 2.518556963147259298e-01 2.231837997792271988e-01 1.970021513431548521e-01 1.730679929024782071e-01 1.512091386114406133e-01 1.312966139169004509e-01 1.132267328631686443e-01 9.690930819658057083e-02 8.226018744169827368e-02 6.919656354947996413e-02 5.763393133097233917e-02 4.748445751858100528e-02 3.865591418195791357e-02 3.105153179760380619e-02 2.457036056244081557e-02 1.910921470418845344e-02 1.456479579095361875e-02 1.083566888536206460e-02 7.824299559307084859e-03 5.438046872102134631e-03 3.589778215376682267e-03 2.198155535230118720e-03 1.188502109447879063e-03 4.752925073040659859e-04 0.000000000000000000e+00
1.354999011470227940e-03 1.591637212454204142e-02 1.693177895821121673e-02 1.782464565848428800e-02 1.858785524125075236e-02 1.921557740676626061e-02 1.970353660641109214e-02 2.004920436136770762e-02 2.025190283716394452e-02 2.031282406906921925e-02 2.023497894762814331e-02 2.002309136207864118e-02 1.968344975919044532e-02 1.922372481442422704e-02 1.865275990745092483e-02 1.798034072133314343e-02 1.721695077893932446e-02 1.637352040318419341e-02 1.546117713832954529e-02 1.449100598552438210e-02 1.347382768117578317e-02 1.242000239500524843e-02 1.133926454342759627e-02 1.024059212321603435e-02 9.132111459325896810e-03 8.021035883751742937e-03 6.913634884771161816e-03 5.815228863971475502e-03 4.730203913223910220e-03 3.662041515115209162e-03 2.613366537937025866e-03 1.355003593515189059e-03 1.636468753037985044e-02 1.738861979799181251e-02 1.826364037530297038e-02 1.900400361272125416e-02 1.959647915778057331e-02 2.003226784757587350e-02 2.034000626023569486e-02 2.051501956591602130e-02 2.059002126526798815e-02 2.056129629125613353e-02 2.040851058186725006e-02 2.017196171399585763e-02 1.985351267012025814e-02 1.949311429152585096e-02 1.904398994598045791e-02 1.850899996184472360e-02 1.791312854335337656e-02 1.719048710426974644e-02 1.644752997933002225e-02 1.568324759916331704e-02 1.468620338167617514e-02 1.367263007082471400e-02 1.252750568185390968e-02 1.126224434550031177e-02 9.975317487129283997e-03 8.561956677578946850e-03 7.020155884438116639e-03 5.319063727548867249e-03 3.560885394282392070e-03 1.721435125242465163e-03 2.586596607850213445e+02 4.562311848384613122e-01 4.046562913694675689e-01 3.603508304139708129e-01 3.214330111445812266e-01 2.866777136676345039e-01 2.552771197771259160e-01 2.266936739045111726e-01 2.005657877790764376e-01 1.766465984403341738e-01 1.547625949826968716e-01 1.347857035796766190e-01 1.166148586717552921e-01 1.001637595905836009e-01 8.535303011244460558e-02 7.210517332180380046e-02 6.034121237791534309e-02 4.997875941958547508e-02 4.093065771433667538e-02 3.310459232217290854e-02 2.640327260470916662e-02 2.072629713312161559e-02 1.597230345274041133e-02 1.204104513850818257e-02 8.835570333450767921e-03 6.263358279749016606e-03 4.237040266272799026e-03 2.674755450918236358e-03 1.501025894282649467e-03 6.295576196209211849e-04 0.000000000000000000e+00
1.251655737834641213e-03 1.542531227585213806e-02 1.643116436579030240e-02 1.732087223005407059e-02 1.808716950049920821e-02 1.872395603186286644e-02 1.922657228392616116e-02 1.959200109679825469e-02 1.981898556249239024e-02 1.990806710861378961e-02 1.986155629000124420e-02 1.968344975919044532e-02 1.937930406714075474e-02 1.895607388314729524e-02 1.842192063274981570e-02 1.778599744304461966e-02 1.705821692601848863e-02 1.624900909712324870e-02 1.536907737053434635e-02 1.442916101094322140e-02 1.343981244926821701e-02 1.241119718201408317e-02 1.135292245067613670e-02 1.027389874490861749e-02 9.182235754707163480e-03 8.085172023171599900e-03 6.989035457005315748e-03 5.899230233434378697e-03 4.820244661686483821e-03 3.755674784842087666e-03 2.708266477220897320e-03 1.251659648872136378e-03 1.586194472200489272e-02 1.687934859387888939e-02 1.775361262607561344e-02 1.850045513385196669e-02 1.910385947338317028e-02 1.955573043037638417e-02 1.988271216398550950e-02 2.008032526090684083e-02 2.017829477249032458e-02 2.017395235905479478e-02 2.004727661654930396e-02 1.983869266813950358e-02 1.954855813281238669e-02 1.921743075783989910e-02 1.879795009905419617e-02 1.829003009796949589e-02 1.772591614649277059e-02 1.703572230170025126e-02 1.632314605585702405e-02 1.558872446028283787e-02 1.462302529531829542e-02 1.363958029542267601e-02 1.252339124889305204e-02 1.128521973952154034e-02 1.002043791198202818e-02 8.628475305974207810e-03 7.103742098380767638e-03 5.423406892874903761e-03 3.677109076908465727e-03 1.845954724313044783e-03 2.593846883053572014e+02 4.558922747483406535e-01 4.047084385036405774e-01 3.608020981864089038e-01 3.222751066653743446e-01 2.878884085575714735e-01 2.568227639763258074e-01 2.285318842793450100e-01 2.026481466480543059e-01 1.789212553140298589e-01 1.571766073735871572e-01 1.372870571894219960e-01 1.191541382611070593e-01 1.026954676296474162e-01 8.783658739192146125e-02 7.450559471111349585e-02 6.262947684197917031e-02 5.213187149674674420e-02 4.293139911558650768e-02 3.494100001422466295e-02 2.806790550809429297e-02 2.221538301180826097e-02 1.728488149982690403e-02 1.317818652815265328e-02 9.799723041418580138e-03 7.057829437589689149e-03 4.865582551713214417e-03 3.141221194458133220e-03 1.809027403202682557e-03 7.825252961064759882e-04 0.000000000000000000e+00
1.150929478150775672e-03 1.485532592515263935e-02 1.584423982634636588e-02 1.672388811357574182e-02 1.748696052479598723e-02 1.812718958625285717e-02 1.863962629941610244e-02 1.902084730319627062e-02 1.926908376236736303e-02 1.938427577840278609e-02 1.936806325309789120e-02 1.922372481442422704e-02 1.895607388314729524e-02 1.857131833989432435e-02 1.807688901932157782e-02 1.748124236301429671e-02 1.679364331704639654e-02 1.602393540203868316e-02 1.518230561489003309e-02 1.427905238379794522e-02 1.332436498788764322e-02 1.232812235201595670e-02 1.129971780079820631e-02 1.024791439399872460e-02 9.180733197558590963e-03 8.105374525510985681e-03 7.028170011535547074e-03 5.954561548562410482e-03 4.889101896613027610e-03 3.835471708355887421e-03 2.796515145179878387e-03 1.150932734092349101e-03 1.527706760446709104e-02 1.628021718035036272e-02 1.714687882844604175e-02 1.789392443593026613e-02 1.850298782385894486e-02 1.896663654946545777e-02 1.930952790142236031e-02 1.952731765222465513e-02 1.964665488171346563e-02 1.966571600818751986e-02 1.956506942431545173e-02 1.938492518088136274e-02 1.912406457730632739e-02 1.882355932103551080e-02 1.843564451755300149e-02 1.795757491949690268e-02 1.742823940110629910e-02 1.677456856712947544e-02 1.609662337763776221e-02 1.539659029440252312e-02 1.446870457780991860e-02 1.352181773352582363e-02 1.244206640298576270e-02 1.123947794059316704e-02 1.000519610576602360e-02 8.644109768874853189e-03 7.146859570353492931e-03 5.498977367562356798e-03 3.776548258891194304e-03 1.966193390871661621e-03 2.585900400836827657e+02 4.523281492944037918e-01 4.018617591179993731e-01 3.586373220591933531e-01 3.207531685771314867e-01 2.869644873492364079e-01 2.564457488782875827e-01 2.286450260657938161e-01 2.031904026769829064e-01 1.798290083615495527e-01 1.583854684993240558e-01 1.387335943610075450e-01 1.207774284328787251e-01 1.044384143599406400e-01 8.964699491109806573e-02 7.633696382452066775e-02 6.444151932285890894e-02 5.389072137729988832e-02 4.460950607401718837e-02 3.651672560195365347e-02 2.952487925044614686e-02 2.354169917886675054e-02 1.847225869464230036e-02 1.422117879829098465e-02 1.069503338287514094e-02 7.803750261612312465e-03 5.461534857337969374e-03 3.587356920374840021e-03 2.105834458119095615e-03 9.309119405982700397e-04 0.000000000000000000e+00
1.053286676941296920e-03 1.421608676712744074e-02 1.518118947394174294e-02 1.604426039707441617e-02 1.679804237184160873e-02 1.743619820292742484e-02 1.795358320110766043e-02 1.834645385024665301e-02 1.861260429275743769e-02 1.875143412934004300e-02 1.876395701182580200e-02 1.865275990745092483e-02 1.842192063274981570e-02 1.807688901932157782e-02 1.762433613500713481e-02 1.707197625051987480e-02 1.642836707075074482e-02 1.570269464222816963e-02 1.490455014969778100e-02 1.404370648850301363e-02 1.312990284513039854e-02 1.217264521237531455e-02 1.118102966411477911e-02 1.016359349096771295e-02 9.128197238871506997e-03 8.081938484644590401e-03 7.031095967970192075e-03 5.981100702805404630e-03 4.936529203327424606e-03 3.901113623740622843e-03 2.877770448898249282e-03 1.053289300913775239e-03 1.462015347943033082e-02 1.560177907773815584e-02 1.645431803296515741e-02 1.719542651902128752e-02 1.780489032622043985e-02 1.827588333127425774e-02 1.863112495115299902e-02 1.886636388111204848e-02 1.900511889013225403e-02 1.904623867393924821e-02 1.897110727065272687e-02 1.881941042934344790e-02 1.858828305612383186e-02 1.831924033886293129e-02 1.796426306162574038e-02 1.751826258061163488e-02 1.702607773018362247e-02 1.641232784728227992e-02 1.577260322388393185e-02 1.511083213806509867e-02 1.422654080949827503e-02 1.332195429680006413e-02 1.228551292009954880e-02 1.112638172729351130e-02 9.930462329151014747e-03 8.609274304929132385e-03 7.149529100808550697e-03 5.545336913117764228e-03 3.858503449142327603e-03 2.081253060240082376e-03 2.562746428560972731e+02 4.455693975164186083e-01 3.961377581703271478e-01 3.538680992814209891e-01 3.168684878803466054e-01 2.838969706499862022e-01 2.541272715308553476e-01 2.270052788922656550e-01 2.021568123449833110e-01 1.793274909768839409e-01 1.583416104352375620e-01 1.390740095663019205e-01 1.214311210481075071e-01 1.053380362562334610e-01 9.072994721005621377e-02 7.754628127006228666e-02 6.572651164905447818e-02 5.520733072991521051e-02 4.592035076709240909e-02 3.779083274658804475e-02 3.073715459613892906e-02 2.467220113755136390e-02 1.950540164070019636e-02 1.514495880864294951e-02 1.150033033043110046e-02 8.483741675205760599e-03 6.011199719396263970e-03 4.003035360025432483e-03 2.384784898601912534e-03 1.071423282656631341e-03 0.000000000000000000e+00
9.591582482479079014e-04 1.351741234795353526e-02 1.445240406306034023e-02 1.529283513009533323e-02 1.603158878551343841e-02 1.666234891521471348e-02 1.717986560995712203e-02 1.758016178798690876e-02 1.786067392117510547e-02 1.802033011226391451e-02 1.805957370179698054e-02 1.798034072133314343e-02 1.778599744304461966e-02 1.748124236301429671e-02 1.707197625051987480e-02 1.656514427312712895e-02 1.596855507410936334e-02 1.529068259372758781e-02 1.454045727310906110e-02 1.372705403924367670e-02 1.285968494926521474e-02 1.194740425265322821e-02 1.099893276742393289e-02 1.002250701763801252e-02 9.025756781228366082e-03 8.015612657190984008e-03 6.998243059345373579e-03 5.979017908461524422e-03 4.962494577032463064e-03 3.952421023389099050e-03 2.951757273968342969e-03 9.591602693828581681e-04 1.390145632445396497e-02 1.485482779400030748e-02 1.568713236332878666e-02 1.641639773308315592e-02 1.702110709159627283e-02 1.749496848112311667e-02 1.785884980094170835e-02 1.810856994737739672e-02 1.826449502673060596e-02 1.832600750904545689e-02 1.827548212901700109e-02 1.815180708682428284e-02 1.795040927263038058e-02 1.771319190629386600e-02 1.739200489914543082e-02 1.697974789897710446e-02 1.652645857673821356e-02 1.595535524289698817e-02 1.535677882770585152e-02 1.473647594839322221e-02 1.390083425893641825e-02 1.304356018389709292e-02 1.205661349037272234e-02 1.094810863895176282e-02 9.797861629304833661e-03 8.525056061710377733e-03 7.112347998300840198e-03 5.562519637619316865e-03 3.922638408849551429e-03 2.190489132481056398e-03 2.524564690881475713e+02 4.356881949982651658e-01 3.875961691400598985e-01 3.465414767312611222e-01 3.106553648129840028e-01 2.787076192001818331e-01 2.498770613226242998e-01 2.236111449127769213e-01 1.995357168454845453e-01 1.773961580581425446e-01 1.570170203903617223e-01 1.382743166057772699e-01 1.210767602362490258e-01 1.053528608933260030e-01 9.104230681067519704e-02 7.808995510081243041e-02 6.644145072836404875e-02 5.604014847476174177e-02 4.682451723240588226e-02 3.872655511502735154e-02 3.167098042639170802e-02 2.557639462500871028e-02 2.035721671217074341e-02 1.592590408317942977e-02 1.219548097952667144e-02 9.081143399168056102e-03 6.501350429725420536e-03 4.378412772015912932e-03 2.639364592198194508e-03 1.200820955598469290e-03 0.000000000000000000e+00
8.689277880631410267e-04 1.276908558231259691e-02 1.366828485654897514e-02 1.448052465034131361e-02 1.519890559831577406e-02 1.581721537342875225e-02 1.633018407172264971e-02 1.673368566551066902e-02 1.702487982829231639e-02 1.720229719609094737e-02 1.726587510962543023e-02 1.721695077893932446e-02 1.705821692601848863e-02 1.679364331704639654e-02 1.642836707075074482e-02 1.596855507410936334e-02 1.542124270843944073e-02 1.479415400047457904e-02 1.409550917823119455e-02 1.333382642383367997e-02 1.251772519458687997e-02 1.165573852682121048e-02 1.075614111109739028e-02 9.826798775009899442e-03 8.875043512802440263e-03 7.907576380768980076e-03 6.930398442719518971e-03 5.948767722911685145e-03 4.967178209730141285e-03 3.989356068970439061e-03 3.018273813890364528e-03 8.689292403731704254e-04 1.313119471690175379e-02 1.405018575079716725e-02 1.485661728734220983e-02 1.556845384442654377e-02 1.616344163594281291e-02 1.663573566498055545e-02 1.700446956344284222e-02 1.726552919507123515e-02 1.743613572191509212e-02 1.751610237973500253e-02 1.748892180589975767e-02 1.739244870567567894e-02 1.722035562973138131e-02 1.701488811421573641e-02 1.672786271878170042e-02 1.635050778963890658e-02 1.593726631127194426e-02 1.541088495975313950e-02 1.485573842102157031e-02 1.427944840517806485e-02 1.349676714630883463e-02 1.269106598299679124e-02 1.175907269168097007e-02 1.070759232096826427e-02 9.609729519922716873e-03 8.393185357158342019e-03 7.036472999232580572e-03 5.551035287093071709e-03 3.968995875083546759e-03 2.293537684010091195e-03 2.471731306692937551e+02 4.227965771665149197e-01 3.763333879206776644e-01 3.367385964273098553e-01 3.021800130870076484e-01 2.714481347592632154e-01 2.437329018618153431e-01 2.184872995842965515e-01 1.953397123013189685e-01 1.740367499006178487e-01 1.544039589511645993e-01 1.363187722047324857e-01 1.196921171477668272e-01 1.044556779551932407e-01 9.055331988150473743e-02 7.793501593503400493e-02 6.655233625143971987e-02 5.635516323945906347e-02 4.728882941184364003e-02 3.929222837648257277e-02 3.229672409403969852e-02 2.622706322022226935e-02 2.100317692598471092e-02 1.654236292592305840e-02 1.276182897395209542e-02 9.580366233304302842e-03 6.919502774224142380e-03 4.704125529694559021e-03 2.863333928378628771e-03 1.315983598160208601e-03 0.000000000000000000e+00
