3.405324016937868580e-03 2.427783218216879660e-03 2.323481164403544668e-03 2.217676349109570701e-03 2.110574676186212535e-03 2.002463459800999691e-03 1.893691319464713661e-03 1.784655361952026736e-03 1.675791763281242724e-03 1.567567162144387505e-03 1.460469666327233670e-03 1.354999011470227940e-03 1.251655737834641213e-03 1.150929478150775672e-03 1.053286676941296920e-03 9.591582482479079014e-04 8.689277880631410267e-04 7.829210188910152787e-04 7.013972077836578807e-04 6.245433552581698602e-04 5.524718992470888101e-04 4.852223965946924136e-04 4.227671139244805259e-04 3.650198130811771035e-04 3.118464980481375714e-04 2.630767398436364415e-04 2.185144993458175997e-04 1.779479781626912217e-04 1.411587127244164107e-04 1.079311038100558008e-04 7.806830662648959205e-05 3.405324206247948779e-03 2.412239553244092949e-03 2.297320300704736983e-03 2.193391880827352293e-03 2.076177439746756601e-03 1.970678147043227434e-03 1.862383434134767856e-03 1.758149423243618404e-03 1.649068412411446201e-03 1.559022563322013570e-03 1.462013523775867801e-03 1.378214226203561743e-03 1.288111171961484102e-03 1.206030664412613331e-03 1.121340678383900020e-03 1.058030969312895525e-03 9.971879997474053774e-04 9.334678344173850126e-04 8.491875805636078757e-04 7.859302736224372133e-04 6.996430912474376753e-04 6.627995098315365204e-04 5.797363075453111246e-04 5.097361632346450932e-04 4.363185491680598689e-04 3.729969550914754759e-04 3.107232124430691039e-04 2.815462057621583199e-04 2.128755634587742784e-04 1.451904789269804416e-04 1.029556259867588813e-04 6.076149440055957258e-04 9.321217852412708258e-04 9.758082486447017170e-04 9.840250706098104504e-04 9.564703698566522040e-04 9.106087548102282433e-04 9.206102947078720214e-04 8.428796942346691466e-04 7.223341451554627767e-04 6.353426182175255692e-04 5.585898738831927661e-04 4.648508046851896258e-04 3.346771630643122913e-04 1.908938977461521877e-04 3.496054759120999011e-05 -9.128442964431275088e-05 -2.519964190804683439e-04 -4.091124027371117761e-04 -5.646416830252981621e-04 -7.207540742494264767e-04 -8.748314820387411306e-04 -1.020684806271354370e-03 -1.154597713565996267e-03 -1.271061875530443046e-03 -1.369038966936503244e-03 -1.457724899807103045e-03 -1.526105260522276101e-03 -1.555231592468885168e-03 -1.559514072350085250e-03 -1.546507016133160696e-03 -1.530858482294312302e-03
2.427783218216879660e-03 1.482605792684806197e-02 1.549674315766816357e-02 1.603751083590951657e-02 1.644795350661852618e-02 1.672901142303508809e-02 1.688296461117049299e-02 1.691343601674165018e-02 1.682535414760861700e-02 1.662485922007090125e-02 1.631916193648323687e-02 1.591637212454204142e-02 1.542531227585213806e-02 1.485532592515263935e-02 1.421608676712744074e-02 1.351741234795353526e-02 1.276908558231259691e-02 1.198068747281909492e-02 1.116144470893397876e-02 1.032009596201451801e-02 9.464780414154062502e-03 8.602951182026650004e-03 7.741314828805827795e-03 6.885796332933720974e-03 6.041527101120395572e-03 5.212852308720836679e-03 4.403353312503644097e-03 3.615881092103920020e-03 2.852597425568159824e-03 2.115022227644649481e-03 1.404095454443795264e-03 2.427792806865061107e-03 1.516352587154651092e-02 1.581571129218660096e-02 1.633417521256062127e-02 1.671322042551666789e-02 1.697170043562187813e-02 1.709408864386466678e-02 1.711796602010299748e-02 1.703310658994550489e-02 1.688985117097645955e-02 1.666397537521426345e-02 1.635250997356727312e-02 1.597289034351213194e-02 1.553981121041453015e-02 1.507449213645690664e-02 1.455378311266309829e-02 1.400616595355462339e-02 1.338183133159763505e-02 1.267369010322825541e-02 1.196919064778032178e-02 1.125434527082026792e-02 1.039111828085575485e-02 9.516314741642252495e-03 8.563807215091217076e-03 7.546735818611815215e-03 6.539462601209796583e-03 5.456954552149301946e-03 4.322163677255003340e-03 3.059083006159580426e-03 1.809807057753334099e-03 5.299889594292401650e-04 3.681943493526933318e-04 3.690142952540997889e-03 5.397193436893234046e-03 7.289860017010381388e-03 9.315525988767189500e-03 1.141372494753416927e-02 1.365710173877414564e-02 1.577415476860922691e-02 1.769663800527847622e-02 1.942473503361098058e-02 2.092866836553830892e-02 2.214831046761744915e-02 2.301296066047285246e-02 2.348236014878473180e-02 2.363663057885888666e-02 2.356212324232749220e-02 2.292333842602455388e-02 2.185954309164660908e-02 2.040543309772416963e-02 1.862300495551882928e-02 1.654917719679431173e-02 1.422252384789605278e-02 1.168496898641857920e-02 9.002657263824650341e-03 6.255423484508757306e-03 3.517652415342666528e-03 8.627439278456703210e-04 -1.624642716531319881e-03 -3.869212643513036606e-03 -5.785113262877267411e-03 -7.382199741746774124e-03
2.323481164403544668e-03 1.549674315766816357e-02 1.623446962128332130e-02 1.683656804365546433e-02 1.730180252859857964e-02 1.763041311807505077e-02 1.782413312410364992e-02 1.788620303894986399e-02 1.782133336999666695e-02 1.763560377227247483e-02 1.733631017599906662e-02 1.693177895821121673e-02 1.643116436579030240e-02 1.584423982634636588e-02 1.518118947394174294e-02 1.445240406306034023e-02 1.366828485654897514e-02 1.283905922281299711e-02 1.197461199118124604e-02 1.108433674852464176e-02 1.017701095418432899e-02 9.260697820577343947e-03 8.342676357541998003e-03 7.429399050726693404e-03 6.526474746430341138e-03 5.638672890850548666e-03 4.769944621622218897e-03 3.923456332863361519e-03 3.101632031877220481e-03 2.306202518219526137e-03 1.538269546758925556e-03 2.323490631757222161e-03 1.586354124666138760e-02 1.658371514486030665e-02 1.716161346214301053e-02 1.759354710019872536e-02 1.789604264400576975e-02 1.805406458236721856e-02 1.810590208201873913e-02 1.804196615162875772e-02 1.791237013325649996e-02 1.769517720384292114e-02 1.738424165198832611e-02 1.700086691874018452e-02 1.655864532727557847e-02 1.608203501328707777e-02 1.554367324981598131e-02 1.497164892065367715e-02 1.432095539155738007e-02 1.357939421599970060e-02 1.283925004900701196e-02 1.208814034419068706e-02 1.117319123374514896e-02 1.024741364412204252e-02 9.236221149432172553e-03 8.153442191555441976e-03 7.078864599656263697e-03 5.921774304990294613e-03 4.703407286373394343e-03 3.349281077961502231e-03 2.004870508023653703e-03 6.244489401004119002e-04 3.499367821392215718e-04 3.638196611819699729e-03 5.437005256145793775e-03 7.446996812554972957e-03 9.612726067129616359e-03 1.186882996244427099e-02 1.428622237418286471e-02 1.658979032779735185e-02 1.870105672906378913e-02 2.060907180959450913e-02 2.228467674418635816e-02 2.366465748986896003e-02 2.467429486313310605e-02 2.526755744939190168e-02 2.552778728506965855e-02 2.554374524645242756e-02 2.495572460684560012e-02 2.391099449426102933e-02 2.244462917264704316e-02 2.062185643997537648e-02 1.848012117623760997e-02 1.605874945970151707e-02 1.340187392152666739e-02 1.058046554429747585e-02 7.681052672122545832e-03 4.785299942189552742e-03 1.971424809995221336e-03 -6.715452879862332308e-04 -3.061216798631508432e-03 -5.102269910257395923e-03 -6.797603252575862287e-03
2.217676349109570701e-03 1.603751083590951657e-02 1.683656804365546433e-02 1.749596100116643585e-02 1.801357138165831165e-02 1.838885797523435311e-02 1.862290535512757528e-02 1.871845295672575418e-02 1.867986210170876488e-02 1.851301223364498413e-02 1.822514055736928346e-02 1.782464565848428800e-02 1.732087223005407059e-02 1.672388811357574182e-02 1.604426039707441617e-02 1.529283513009533323e-02 1.448052465034131361e-02 1.361810668927825214e-02 1.271603974164750399e-02 1.178429930346310169e-02 1.083223924514409471e-02 9.868481602538788089e-03 8.900836439375604120e-03 7.936251405527783298e-03 6.980788602315913215e-03 6.039624818892789897e-03 5.117070432946915770e-03 4.216602289748167150e-03 3.340906500876588293e-03 2.491928784511834860e-03 1.670940186776360319e-03 2.217685557433661352e-03 1.643031783964365999e-02 1.721331924159323623e-02 1.784711218595698423e-02 1.833003135932568042e-02 1.867592204896647429e-02 1.887030707431528245e-02 1.895172898534402267e-02 1.891127835122032030e-02 1.879839690413497022e-02 1.859355442646525719e-02 1.828760917848277004e-02 1.790547470636476984e-02 1.745956650835876756e-02 1.697729022967917403e-02 1.642748914730512988e-02 1.583704128784461582e-02 1.516689594354913261e-02 1.439912147150777116e-02 1.363043904859927158e-02 1.284988275669359317e-02 1.189134410465964541e-02 1.092230154743459823e-02 9.860493527398593236e-03 8.720125920145573029e-03 7.586045092088867375e-03 6.362417209780664613e-03 5.068613384873054892e-03 3.632243871922236512e-03 2.200655828222450403e-03 7.275611008758043957e-04 3.323546258891643180e-04 3.535876806520222865e-03 5.406619613968154624e-03 7.513333755208285308e-03 9.798495409487335481e-03 1.219286270302823855e-02 1.476560264202866381e-02 1.723982430088160517e-02 1.952769576368208401e-02 2.160725585902403822e-02 2.345005380118830168e-02 2.498996440618855494e-02 2.614861886806080921e-02 2.687445739051848997e-02 2.725293615781050963e-02 2.737464619493279808e-02 2.685716728158510369e-02 2.585484685713808697e-02 2.440238192593386507e-02 2.256736591127666766e-02 2.038709342620824774e-02 1.790106879023097008e-02 1.515518614349993867e-02 1.222477165576397497e-02 9.202553238166316998e-03 6.177033022260253713e-03 3.230838026585025613e-03 4.568209262485110303e-04 -2.056042150904294381e-03 -4.203018873956871487e-03 -5.978804806212666828e-03
2.110574676186212535e-03 1.644795350661852618e-02 1.730180252859857964e-02 1.801357138165831165e-02 1.858025058078006594e-02 1.900047643045196799e-02 1.927461476741220564e-02 1.940480918447569023e-02 1.939495681717781292e-02 1.925060678756303906e-02 1.897879761084232328e-02 1.858785524125075236e-02 1.808716950049920821e-02 1.748696052479598723e-02 1.679804237184160873e-02 1.603158878551343841e-02 1.519890559831577406e-02 1.431121444717080651e-02 1.337945279102715698e-02 1.241409531635175208e-02 1.142500144385324642e-02 1.042129261264588581e-02 9.411261311750587777e-03 8.402311701527767282e-03 7.400929541076026533e-03 6.412677465120067768e-03 5.442210752586390185e-03 4.493308630948469364e-03 3.568916698634877049e-03 2.671197673268276354e-03 1.801597908623249391e-03 2.110583511485437415e-03 1.686298185307792338e-02 1.770281771064414339e-02 1.838815801777422126e-02 1.891938118335349459e-02 1.930733254073442942e-02 1.953815127168950783e-02 1.965020504750006683e-02 1.963528142813799823e-02 1.954174795692800032e-02 1.935252041554429495e-02 1.905571996387622064e-02 1.867955942312789913e-02 1.823522728771621512e-02 1.775275236006878046e-02 1.719762755955651576e-02 1.659481097833292312e-02 1.591215139705717124e-02 1.512553217277442554e-02 1.433559507537228092e-02 1.353265071264725741e-02 1.253899467814989510e-02 1.153479415487393932e-02 1.043088024052081855e-02 9.241573764353101100e-03 8.056309620674237046e-03 6.774783064403455159e-03 5.414343741138167611e-03 3.905320944840496526e-03 2.395349433860557032e-03 8.383771756029040302e-04 3.153868192211396748e-04 3.389994218838631584e-03 5.312443768752078514e-03 7.494338902001510504e-03 9.876860852046406847e-03 1.238798558033085001e-02 1.509518490581905278e-02 1.772163077932617514e-02 2.017116535272775457e-02 2.241115374428392232e-02 2.441399904797298889e-02 2.611092502094024617e-02 2.742032305494761582e-02 2.828539507149550186e-02 2.879263002443881864e-02 2.903389094568463100e-02 2.860571160038279451e-02 2.766852687775613398e-02 2.625589852207479979e-02 2.443688819454023498e-02 2.224794973321698316e-02 1.972817152551357284e-02 1.692471608240917261e-02 1.391671427299258357e-02 1.080251165518573801e-02 7.676926481951172263e-03 4.626539773437248967e-03 1.747460471516178258e-03 -8.652922424929492592e-04 -3.097666760784338526e-03 -4.934966478373670369e-03
2.002463459800999691e-03 1.672901142303508809e-02 1.763041311807505077e-02 1.838885797523435311e-02 1.900047643045196799e-02 1.946307839970912515e-02 1.977627335158875163e-02 1.994154066817608456e-02 1.996221865227684050e-02 1.984341060180198207e-02 1.959182576301752438e-02 1.921557740676626061e-02 1.872395603186286644e-02 1.812718958625285717e-02 1.743619820292742484e-02 1.666234891521471348e-02 1.581721537342875225e-02 1.491234780708403616e-02 1.395905878125487491e-02 1.296823036896440663e-02 1.195014795614343824e-02 1.091436481066028301e-02 9.869599769914848622e-03 8.823668182003143248e-03 7.783443999217847485e-03 6.754849122967067354e-03 5.742865057118401798e-03 4.751561691916333756e-03 3.784138468257365433e-03 2.842974717755972994e-03 1.929696157543388550e-03 2.002471829349635000e-03 1.716210331390741889e-02 1.805203559483367637e-02 1.878382733461226792e-02 1.935992171528404943e-02 1.978789619698676297e-02 2.005455405331442800e-02 2.019769311736179310e-02 2.020978956038611135e-02 2.013777441027124818e-02 1.996697525464430356e-02 1.968310132716081726e-02 1.931731061758989315e-02 1.887953251305182420e-02 1.840207969240752542e-02 1.784754415904725791e-02 1.723838113908682593e-02 1.655006640234302218e-02 1.575202157264466579e-02 1.494818499492075667e-02 1.413005304772695613e-02 1.310999148287245175e-02 1.207903958864711344e-02 1.094188192734780671e-02 9.712740988513740570e-03 8.485054320652326426e-03 7.154794501697861117e-03 5.737123985525664771e-03 4.165769204774057675e-03 2.586993881021756522e-03 9.557648046473666463e-04 2.989684906020610797e-04 3.207663297472459780e-03 5.161613199278203105e-03 7.396665612956932791e-03 9.853480621727301117e-03 1.245838673940328351e-02 1.527725614790354999e-02 1.803515624699400521e-02 2.062876565837635373e-02 2.301531474285231291e-02 2.516827453202062290e-02 2.701656935121290667e-02 2.847580812511702614e-02 2.948430331107694882e-02 3.012854812908411298e-02 3.050116307550269912e-02 3.017947428629189077e-02 2.932896963900260071e-02 2.798133294167610974e-02 2.620618350714951778e-02 2.403844534491515056e-02 2.151618779496416653e-02 1.868730727190108173e-02 1.563410771003858127e-02 1.245987693960826613e-02 9.265141755245310043e-03 6.139929875739992375e-03 3.183013923746405051e-03 4.948971114882749940e-04 -1.801193218180750788e-03 -3.680065117669689689e-03
1.893691319464713661e-03 1.688296461117049299e-02 1.782413312410364992e-02 1.862290535512757528e-02 1.927461476741220564e-02 1.977627335158875163e-02 2.012672700027354211e-02 2.032674966705998523e-02 2.037904932534014349e-02 2.028818674029147021e-02 2.006042565315186224e-02 1.970353660641109214e-02 1.922657228392616116e-02 1.863962629941610244e-02 1.795358320110766043e-02 1.717986560995712203e-02 1.633018407172264971e-02 1.541629546203152068e-02 1.444977608352356058e-02 1.344181564926239664e-02 1.240303791855759327e-02 1.134335263050310037e-02 1.027184154488737164e-02 9.196679099013688879e-03 8.125085850165034498e-03 7.063310946733986941e-03 6.016638678397120965e-03 4.989413765343290313e-03 3.985080340462248023e-03 3.006231017848137298e-03 2.054672503981734826e-03 1.893699149715420390e-03 1.732970760709388186e-02 1.826237065181736050e-02 1.903485902771610491e-02 1.965169681642470537e-02 2.011699090973849413e-02 2.041824553260171426e-02 2.059233320776624604e-02 2.063238530221538428e-02 2.058357207777541248e-02 2.043353379669672967e-02 2.016594371898902671e-02 1.981451807568162388e-02 1.938790621721267135e-02 1.892036826049744297e-02 1.837203332619598978e-02 1.776240902590678350e-02 1.707510846526066536e-02 1.627298932387291619e-02 1.546256660305679598e-02 1.463647933987008085e-02 1.359885044279898238e-02 1.254973839334337649e-02 1.138844675935785956e-02 1.012893422550243186e-02 8.867930409648403303e-03 7.498541324903456630e-03 6.033566115155057120e-03 4.410846954017729783e-03 2.773557352564872975e-03 1.078450190258195811e-03 2.830269249483628800e-04 2.996004594858719169e-03 4.961682741757669421e-03 7.227863599142289770e-03 9.735407044673544119e-03 1.241012271299425478e-02 1.531639488003097571e-02 1.818298937209446645e-02 2.090069179192051430e-02 2.341731415167189884e-02 2.570767761186314171e-02 2.769884965639620930e-02 2.930416702532513684e-02 3.045747239599326181e-02 3.124431370376766839e-02 3.175761760969895986e-02 3.155750783019665301e-02 3.081347129218585737e-02 2.955460592776905024e-02 2.785018597106853414e-02 2.573293636667487588e-02 2.323931055089130393e-02 2.041737228181140715e-02 1.735188849740502970e-02 1.415031881231229409e-02 1.091820066801399078e-02 7.748447573616765519e-03 4.741883461975160939e-03 2.003920924827630456e-03 -3.332430087875032170e-04 -2.232933623660335928e-03
1.784655361952026736e-03 1.691343601674165018e-02 1.788620303894986399e-02 1.871845295672575418e-02 1.940480918447569023e-02 1.994154066817608456e-02 2.032674966705998523e-02 2.056048992060527381e-02 2.064479214492236786e-02 2.058359967776423119e-02 2.038263294097754016e-02 2.004920436136770762e-02 1.959200109679825469e-02 1.902084730319627062e-02 1.834645385024665301e-02 1.758016178798690876e-02 1.673368566551066902e-02 1.581886311422386199e-02 1.484741741648484131e-02 1.383073983310801301e-02 1.277969803161930519e-02 1.170447582097592851e-02 1.061444752364468225e-02 9.518087950166035857e-03 8.422916512247189888e-03 7.335471960344884003e-03 6.261312880321251439e-03 5.205038519050399388e-03 4.170324644704936565e-03 3.159970453013056981e-03 2.175962404940375104e-03 1.784662596711279791e-03 1.736928723772229038e-02 1.833682535801314448e-02 1.914370809402374946e-02 1.979654255351735032e-02 2.029584084791485193e-02 2.062983432933157557e-02 2.083415994717886799e-02 2.090254863418790007e-02 2.087812148801969359e-02 2.075067827397143391e-02 2.050226537725752252e-02 2.016874834611616721e-02 1.975747950641949455e-02 1.930434858930460407e-02 1.876743430636844748e-02 1.816299518049166103e-02 1.748307947591676986e-02 1.668404896626889122e-02 1.587419512744909014e-02 1.504730009514878425e-02 1.400094629822510109e-02 1.294232339670691075e-02 1.176613766292129194e-02 1.048596253829955569e-02 9.200981672621106819e-03 7.802402132078114019e-03 6.300472447609672955e-03 4.637892657738456811e-03 2.952991769405953742e-03 1.205053291788157422e-03 2.674804329174612183e-04 2.761947133382439915e-03 4.720395775041964261e-03 6.996131711868234550e-03 9.530847665227567753e-03 1.225091532598727648e-02 1.521933153754066043e-02 1.817030870615544969e-02 2.099008775886548883e-02 2.361792539853876938e-02 2.603033373641511911e-02 2.815304948765754225e-02 2.989770260992970219e-02 3.119416539342507663e-02 3.212619173535696815e-02 3.278664167588204309e-02 3.272060219349000321e-02 3.210050944368125075e-02 3.095222220165962448e-02 2.934379720754718909e-02 2.730513128200670256e-02 2.487048952476186153e-02 2.208751771887628931e-02 1.904266478715308658e-02 1.584669926131573522e-02 1.260938063403216000e-02 9.425894526368803344e-03 6.398489085488361441e-03 3.636899225686325825e-03 1.282010384783580960e-03 -6.171787796310203517e-04
1.675791763281242724e-03 1.682535414760861700e-02 1.782133336999666695e-02 1.867986210170876488e-02 1.939495681717781292e-02 1.996221865227684050e-02 2.037904932534014349e-02 2.064479214492236786e-02 2.076077828965174760e-02 2.073028227178000393e-02 2.055840469246833849e-02 2.025190283716394452e-02 1.981898556249239024e-02 1.926908376236736303e-02 1.861260429275743769e-02 1.786067392117510547e-02 1.702487982829231639e-02 1.611701357143274088e-02 1.514882575654051718e-02 1.413179873982415603e-02 1.307694427316264535e-02 1.199463188493888298e-02 1.089445190183785037e-02 9.785114611632847806e-03 8.674384566827994525e-03 7.569046864505163917e-03 6.474900722627662149e-03 5.396774916361607270e-03 4.338559591192512992e-03 3.303250112826616302e-03 2.293008231875155820e-03 1.675798362056823369e-03 1.728576306218774367e-02 1.827997949526309271e-02 1.911453251079981916e-02 1.979808869489235387e-02 2.032753063303838204e-02 2.069183285596519831e-02 2.092513659579847349e-02 2.102169935594089961e-02 2.102233882153435596e-02 2.091881968947758783e-02 2.069198523444731874e-02 2.037943014985659287e-02 1.998718979751217331e-02 1.955249684801411633e-02 1.903175631951049829e-02 1.843781664147572594e-02 1.777125693306455881e-02 1.698217333686826910e-02 1.617977158994468243e-02 1.535901483917032073e-02 1.431265759029505535e-02 1.325309931472076069e-02 1.207126480162904088e-02 1.078025835475468486e-02 9.480757510019071493e-03 8.063146530911554505e-03 6.534925079024192160e-03 4.844394007531862417e-03 3.123285957190515168e-03 1.334122969004641153e-03 2.522403276070330110e-04 2.512085282351656651e-03 4.445491969511518142e-03 6.710083122252560005e-03 9.248906134637687598e-03 1.198989324018712339e-02 1.499471891624760966e-02 1.800470824343629664e-02 2.090295021527779559e-02 2.362112060984077055e-02 2.613780574917016347e-02 2.837800769512970750e-02 3.025226756911565326e-02 3.168707001469109330e-02 3.276364288923604151e-02 3.357449507653093718e-02 3.365199379971187815e-02 3.317050068685130360e-02 3.215205594357890828e-02 3.066267928745924562e-02 2.872887160629043410e-02 2.638218153901372709e-02 2.366924939511791046e-02 2.067736619527534361e-02 1.751966158816449168e-02 1.430924164488077584e-02 1.114290145956297988e-02 8.123677701585689873e-03 5.365030333503204886e-03 3.016163667515659591e-03 1.139065104247241784e-03
1.567567162144387505e-03 1.662485922007090125e-02 1.763560377227247483e-02 1.851301223364498413e-02 1.925060678756303906e-02 1.984341060180198207e-02 2.028818674029147021e-02 2.058359967776423119e-02 2.073028227178000393e-02 2.073081262378819248e-02 2.058961788553190231e-02 2.031282406906921925e-02 1.990806710861378961e-02 1.938427577840278609e-02 1.875143412934004300e-02 1.802033011226391451e-02 1.720229719609094737e-02 1.630895625994735476e-02 1.535196542703661307e-02 1.434278563439419889e-02 1.329246938445292903e-02 1.221147905198298293e-02 1.110953925854248070e-02 9.995525414936650907e-03 8.877387988555239876e-03 7.762109789461714426e-03 6.655691890275148778e-03 5.563162831293170553e-03 4.488605509205230611e-03 3.435197100170003879e-03 2.405266664300788077e-03 1.567573098597934344e-03 1.708538117173625734e-02 1.809789084050464000e-02 1.895310213101313729e-02 1.966167876856135532e-02 2.021693620119817403e-02 2.060859843004463413e-02 2.086910450066169556e-02 2.099315450847288184e-02 2.101904169266048672e-02 2.094027343441001721e-02 2.073691038447247545e-02 2.044785523950358452e-02 2.007779780836378009e-02 1.966506654895065070e-02 1.916472791144509247e-02 1.858618907963481212e-02 1.793846929463580042e-02 1.716578001674334830e-02 1.637733682168013294e-02 1.556935170289037475e-02 1.453146866835220048e-02 1.347934559360086312e-02 1.230098681263179505e-02 1.100897187105301725e-02 9.704405137662085873e-03 8.278021482952188648e-03 6.734364330472819744e-03 5.028051787327116225e-03 3.282518499640368469e-03 1.464177004311457107e-03 2.372159483649522002e-04 2.252564966813779945e-03 4.144534346802467017e-03 6.378512939687920602e-03 8.899302719112408069e-03 1.163728633734016464e-02 1.465282669689128500e-02 1.769591824628157298e-02 2.064790059226380772e-02 2.343391709921445465e-02 2.603503358133795256e-02 2.837616535814877286e-02 3.036742725958782585e-02 3.193257985205857907e-02 3.314971891320388220e-02 3.411080954084073913e-02 3.433795542573393061e-02 3.400646536560737038e-02 3.313407283237308765e-02 3.178401523437435899e-02 2.997891131616893176e-02 2.774712950683055207e-02 2.513373356015102117e-02 2.222597408953588469e-02 1.913832133623599371e-02 1.598627388057362667e-02 1.286753156155863095e-02 9.885282286639767921e-03 7.156104537466029085e-03 4.837050760061518788e-03 3.003556948957438345e-03
1.460469666327233670e-03 1.631916193648323687e-02 1.733631017599906662e-02 1.822514055736928346e-02 1.897879761084232328e-02 1.959182576301752438e-02 2.006042565315186224e-02 2.038263294097754016e-02 2.055840469246833849e-02 2.058961788553190231e-02 2.047999570817525886e-02 2.023497894762814331e-02 1.986155629000124420e-02 1.936806325309789120e-02 1.876395701182580200e-02 1.805957370179698054e-02 1.726587510962543023e-02 1.639419222930484088e-02 1.545597362612776554e-02 1.446254675816383353e-02 1.342490015242211142e-02 1.235349335087822763e-02 1.125809974730611514e-02 1.014768506018810627e-02 9.030321636687967113e-03 7.913136445699119406e-03 6.802288782189996885e-03 5.702972524214904720e-03 4.619437303296366863e-03 3.555023683192096683e-03 2.512216353622114505e-03 1.460474926791942686e-03 1.677555717879541594e-02 1.779793707438351302e-02 1.866664329213195417e-02 1.939422277952518661e-02 1.997058687742436084e-02 2.038620534469028078e-02 2.067166397906355577e-02 2.082201766601111600e-02 2.087284716668727155e-02 2.081916665515033682e-02 2.064065523919912659e-02 2.037711096569769925e-02 2.003183722873946859e-02 1.964405438648281904e-02 1.916778219139143521e-02 1.860906808578486477e-02 1.798511424253322610e-02 1.723476433776783764e-02 1.646631749698739336e-02 1.567732388689981743e-02 1.465603328228830098e-02 1.361938635044563674e-02 1.245338404618013921e-02 1.117004184959587837e-02 9.869743211997905608e-03 8.444823505425049642e-03 6.896657320651758231e-03 5.186840283864172473e-03 3.428911664007213561e-03 1.593748199496525285e-03 2.223222973262064649e-04 1.988992534787714737e-03 3.824754536485948202e-03 6.010175028498033339e-03 8.492089382526579397e-03 1.120409496236540042e-02 1.420518716718768490e-02 1.725545143375546708e-02 2.023585667955722298e-02 2.306609968544931499e-02 2.573013050706196569e-02 2.815345567248638686e-02 3.024645777832014881e-02 3.193090898635770475e-02 3.328129527521815623e-02 3.438893481727437612e-02 3.476824843589350345e-02 3.459457539904051832e-02 3.388096012218318187e-02 3.268720555726358640e-02 3.103166187857460054e-02 2.893913654003134675e-02 2.645258127881970969e-02 2.365830089319713447e-02 2.067102971256937899e-02 1.760763883672782082e-02 1.456599578943231638e-02 1.164880843904918598e-02 8.975157702515185881e-03 6.709359821585816550e-03 4.940528300831065374e-03
1.354999011470227940e-03 1.591637212454204142e-02 1.693177895821121673e-02 1.782464565848428800e-02 1.858785524125075236e-02 1.921557740676626061e-02 1.970353660641109214e-02 2.004920436136770762e-02 2.025190283716394452e-02 2.031282406906921925e-02 2.023497894762814331e-02 2.002309136207864118e-02 1.968344975919044532e-02 1.922372481442422704e-02 1.865275990745092483e-02 1.798034072133314343e-02 1.721695077893932446e-02 1.637352040318419341e-02 1.546117713832954529e-02 1.449100598552438210e-02 1.347382768117578317e-02 1.242000239500524843e-02 1.133926454342759627e-02 1.024059212321603435e-02 9.132111459325896810e-03 8.021035883751742937e-03 6.913634884771161816e-03 5.815228863971475502e-03 4.730203913223910220e-03 3.662041515115209162e-03 2.613366537937025866e-03 1.355003593515189059e-03 1.636468753037985044e-02 1.738861979799181251e-02 1.826364037530297038e-02 1.900400361272125416e-02 1.959647915778057331e-02 2.003226784757587350e-02 2.034000626023569486e-02 2.051501956591602130e-02 2.059002126526798815e-02 2.056129629125613353e-02 2.040851058186725006e-02 2.017196171399585763e-02 1.985351267012025814e-02 1.949311429152585096e-02 1.904398994598045791e-02 1.850899996184472360e-02 1.791312854335337656e-02 1.719048710426974644e-02 1.644752997933002225e-02 1.568324759916331704e-02 1.468620338167617514e-02 1.367263007082471400e-02 1.252750568185390968e-02 1.126224434550031177e-02 9.975317487129283997e-03 8.561956677578946850e-03 7.020155884438116639e-03 5.319063727548867249e-03 3.560885394282392070e-03 1.721435125242465163e-03 2.074893604958364887e-04 1.726368150543611908e-03 3.492922671218045422e-03 5.613580720163239765e-03 8.037378846203771521e-03 1.070175955169846808e-02 1.366422248195474538e-02 1.669620808433524076e-02 1.967963869645025093e-02 2.252985333894141212e-02 2.523406763322605384e-02 2.771906348053404176e-02 2.989619950041519716e-02 3.168605295938514005e-02 3.315914662204841323e-02 3.440613002605908549e-02 3.493642888368849592e-02 3.492457026483496846e-02 3.437864407755444190e-02 3.335447519736044197e-02 3.186587332181798488e-02 2.993380278114407891e-02 2.759862187952785706e-02 2.494478363116829633e-02 2.208617476718028466e-02 1.913996968338675664e-02 1.620344638341775223e-02 1.337821523777751528e-02 1.078523249120164063e-02 8.595368943788888119e-03 6.911391003883474507e-03
1.251655737834641213e-03 1.542531227585213806e-02 1.643116436579030240e-02 1.732087223005407059e-02 1.808716950049920821e-02 1.872395603186286644e-02 1.922657228392616116e-02 1.959200109679825469e-02 1.981898556249239024e-02 1.990806710861378961e-02 1.986155629000124420e-02 1.968344975919044532e-02 1.937930406714075474e-02 1.895607388314729524e-02 1.842192063274981570e-02 1.778599744304461966e-02 1.705821692601848863e-02 1.624900909712324870e-02 1.536907737053434635e-02 1.442916101094322140e-02 1.343981244926821701e-02 1.241119718201408317e-02 1.135292245067613670e-02 1.027389874490861749e-02 9.182235754707163480e-03 8.085172023171599900e-03 6.989035457005315748e-03 5.899230233434378697e-03 4.820244661686483821e-03 3.755674784842087666e-03 2.708266477220897320e-03 1.251659648872136378e-03 1.586194472200489272e-02 1.687934859387888939e-02 1.775361262607561344e-02 1.850045513385196669e-02 1.910385947338317028e-02 1.955573043037638417e-02 1.988271216398550950e-02 2.008032526090684083e-02 2.017829477249032458e-02 2.017395235905479478e-02 2.004727661654930396e-02 1.983869266813950358e-02 1.954855813281238669e-02 1.921743075783989910e-02 1.879795009905419617e-02 1.829003009796949589e-02 1.772591614649277059e-02 1.703572230170025126e-02 1.632314605585702405e-02 1.558872446028283787e-02 1.462302529531829542e-02 1.363958029542267601e-02 1.252339124889305204e-02 1.128521973952154034e-02 1.002043791198202818e-02 8.628475305974207810e-03 7.103742098380767638e-03 5.423406892874903761e-03 3.677109076908465727e-03 1.845954724313044783e-03 1.926716908102554880e-04 1.469046811764633271e-03 3.155248260606252544e-03 5.196830307305470506e-03 7.545103768010562317e-03 1.014185207735067082e-02 1.304287959739687530e-02 1.603206987903367173e-02 1.899354201060598005e-02 2.183933894368179918e-02 2.456027812393950932e-02 2.708508284633796837e-02 2.932679003172282417e-02 3.120561474688754791e-02 3.278787790744812358e-02 3.416360714110107388e-02 3.484000810867964038e-02 3.499003540833779680e-02 3.461668274357941610e-02 3.377137290389274626e-02 3.246322801898560845e-02 3.070919721363066929e-02 2.854663442200038037e-02 2.605725838279891043e-02 2.335298549453372965e-02 2.055019501868065451e-02 1.774481201271081374e-02 1.503675327140894732e-02 1.254820981213740014e-02 1.045576322930132952e-02 8.875536081155968940e-03
1.150929478150775672e-03 1.485532592515263935e-02 1.584423982634636588e-02 1.672388811357574182e-02 1.748696052479598723e-02 1.812718958625285717e-02 1.863962629941610244e-02 1.902084730319627062e-02 1.926908376236736303e-02 1.938427577840278609e-02 1.936806325309789120e-02 1.922372481442422704e-02 1.895607388314729524e-02 1.857131833989432435e-02 1.807688901932157782e-02 1.748124236301429671e-02 1.679364331704639654e-02 1.602393540203868316e-02 1.518230561489003309e-02 1.427905238379794522e-02 1.332436498788764322e-02 1.232812235201595670e-02 1.129971780079820631e-02 1.024791439399872460e-02 9.180733197558590963e-03 8.105374525510985681e-03 7.028170011535547074e-03 5.954561548562410482e-03 4.889101896613027610e-03 3.835471708355887421e-03 2.796515145179878387e-03 1.150932734092349101e-03 1.527706760446709104e-02 1.628021718035036272e-02 1.714687882844604175e-02 1.789392443593026613e-02 1.850298782385894486e-02 1.896663654946545777e-02 1.930952790142236031e-02 1.952731765222465513e-02 1.964665488171346563e-02 1.966571600818751986e-02 1.956506942431545173e-02 1.938492518088136274e-02 1.912406457730632739e-02 1.882355932103551080e-02 1.843564451755300149e-02 1.795757491949690268e-02 1.742823940110629910e-02 1.677456856712947544e-02 1.609662337763776221e-02 1.539659029440252312e-02 1.446870457780991860e-02 1.352181773352582363e-02 1.244206640298576270e-02 1.123947794059316704e-02 1.000519610576602360e-02 8.644109768874853189e-03 7.146859570353492931e-03 5.498977367562356798e-03 3.776548258891194304e-03 1.966193390871661621e-03 1.778565326513990613e-04 1.220727952770420729e-03 2.817315019401286924e-03 4.767483269243072593e-03 7.024815877888293536e-03 9.535803581078390948e-03 1.235429166282823489e-02 1.527750536194565946e-02 1.819290257556260837e-02 2.101024011464526151e-02 2.372420945055129030e-02 2.626609981779563438e-02 2.855130130980060993e-02 3.050051708361183750e-02 3.217572841850271925e-02 3.366643914714558677e-02 3.448047503238034495e-02 3.478854439169924706e-02 3.458852911752848674e-02 3.392715179173869111e-02 3.280882993239851719e-02 3.124644193904204531e-02 2.927401043136995326e-02 2.696968557272824349e-02 2.444230617017282420e-02 2.180635118901629380e-02 1.915563791487759696e-02 1.658782170012808657e-02 1.422567128733306235e-02 1.225049347191684707e-02 1.079118376179546285e-02
1.053286676941296920e-03 1.421608676712744074e-02 1.518118947394174294e-02 1.604426039707441617e-02 1.679804237184160873e-02 1.743619820292742484e-02 1.795358320110766043e-02 1.834645385024665301e-02 1.861260429275743769e-02 1.875143412934004300e-02 1.876395701182580200e-02 1.865275990745092483e-02 1.842192063274981570e-02 1.807688901932157782e-02 1.762433613500713481e-02 1.707197625051987480e-02 1.642836707075074482e-02 1.570269464222816963e-02 1.490455014969778100e-02 1.404370648850301363e-02 1.312990284513039854e-02 1.217264521237531455e-02 1.118102966411477911e-02 1.016359349096771295e-02 9.128197238871506997e-03 8.081938484644590401e-03 7.031095967970192075e-03 5.981100702805404630e-03 4.936529203327424606e-03 3.901113623740622843e-03 2.877770448898249282e-03 1.053289300913775239e-03 1.462015347943033082e-02 1.560177907773815584e-02 1.645431803296515741e-02 1.719542651902128752e-02 1.780489032622043985e-02 1.827588333127425774e-02 1.863112495115299902e-02 1.886636388111204848e-02 1.900511889013225403e-02 1.904623867393924821e-02 1.897110727065272687e-02 1.881941042934344790e-02 1.858828305612383186e-02 1.831924033886293129e-02 1.796426306162574038e-02 1.751826258061163488e-02 1.702607773018362247e-02 1.641232784728227992e-02 1.577260322388393185e-02 1.511083213806509867e-02 1.422654080949827503e-02 1.332195429680006413e-02 1.228551292009954880e-02 1.112638172729351130e-02 9.930462329151014747e-03 8.609274304929132385e-03 7.149529100808550697e-03 5.545336913117764228e-03 3.858503449142327603e-03 2.081253060240082376e-03 1.630688440217802190e-04 9.844715957927328582e-04 2.484048754009062204e-03 4.332468089406097018e-03 6.485528676667524049e-03 8.894675043252243257e-03 1.161147732281201175e-02 1.444720278146162037e-02 1.729367471308448923e-02 2.005930362917291571e-02 2.274284798001568325e-02 2.527872516511165540e-02 2.758530488950063086e-02 2.958462332359654626e-02 3.133426805908028773e-02 3.292334857337397835e-02 3.386319130406841016e-02 3.432167061003559005e-02 3.429166463975257678e-02 3.381502479796706651e-02 3.289157694117300634e-02 3.153019103144104329e-02 2.976132537206364198e-02 2.765879968482306064e-02 2.532731113841293208e-02 2.287835040184118748e-02 2.040289561433165921e-02 1.799580669697696186e-02 1.577975336215635405e-02 1.393963592269725250e-02 1.261624342416128690e-02
9.591582482479079014e-04 1.351741234795353526e-02 1.445240406306034023e-02 1.529283513009533323e-02 1.603158878551343841e-02 1.666234891521471348e-02 1.717986560995712203e-02 1.758016178798690876e-02 1.786067392117510547e-02 1.802033011226391451e-02 1.805957370179698054e-02 1.798034072133314343e-02 1.778599744304461966e-02 1.748124236301429671e-02 1.707197625051987480e-02 1.656514427312712895e-02 1.596855507410936334e-02 1.529068259372758781e-02 1.454045727310906110e-02 1.372705403924367670e-02 1.285968494926521474e-02 1.194740425265322821e-02 1.099893276742393289e-02 1.002250701763801252e-02 9.025756781228366082e-03 8.015612657190984008e-03 6.998243059345373579e-03 5.979017908461524422e-03 4.962494577032463064e-03 3.952421023389099050e-03 2.951757273968342969e-03 9.591602693828581681e-04 1.390145632445396497e-02 1.485482779400030748e-02 1.568713236332878666e-02 1.641639773308315592e-02 1.702110709159627283e-02 1.749496848112311667e-02 1.785884980094170835e-02 1.810856994737739672e-02 1.826449502673060596e-02 1.832600750904545689e-02 1.827548212901700109e-02 1.815180708682428284e-02 1.795040927263038058e-02 1.771319190629386600e-02 1.739200489914543082e-02 1.697974789897710446e-02 1.652645857673821356e-02 1.595535524289698817e-02 1.535677882770585152e-02 1.473647594839322221e-02 1.390083425893641825e-02 1.304356018389709292e-02 1.205661349037272234e-02 1.094810863895176282e-02 9.797861629304833661e-03 8.525056061710377733e-03 7.112347998300840198e-03 5.562519637619316865e-03 3.922638408849551429e-03 2.190489132481056398e-03 1.483720810902828939e-04 7.627364023584065449e-04 2.159714286549437035e-03 3.898028591038811205e-03 5.935602528066758615e-03 8.228973370392243455e-03 1.082708355077263186e-02 1.355574025285297655e-02 1.631203544000065300e-02 1.900389135813075961e-02 2.163423656964065522e-02 2.414109941285793454e-02 2.644638813638459929e-02 2.847428873067940971e-02 3.027800579846261220e-02 3.194639330960380441e-02 3.299717222596126182e-02 3.359487671997733738e-02 3.372760575149463813e-02 3.343229203417270867e-02 3.270440749895241889e-02 3.154898990140241749e-02 2.999280016817390537e-02 2.810466061788578426e-02 2.598413350664211668e-02 2.373867458641467504e-02 2.145572902006726360e-02 1.922686538442967830e-02 1.717395505700047148e-02 1.548421362593803245e-02 1.430914289448582954e-02
8.689277880631410267e-04 1.276908558231259691e-02 1.366828485654897514e-02 1.448052465034131361e-02 1.519890559831577406e-02 1.581721537342875225e-02 1.633018407172264971e-02 1.673368566551066902e-02 1.702487982829231639e-02 1.720229719609094737e-02 1.726587510962543023e-02 1.721695077893932446e-02 1.705821692601848863e-02 1.679364331704639654e-02 1.642836707075074482e-02 1.596855507410936334e-02 1.542124270843944073e-02 1.479415400047457904e-02 1.409550917823119455e-02 1.333382642383367997e-02 1.251772519458687997e-02 1.165573852682121048e-02 1.075614111109739028e-02 9.826798775009899442e-03 8.875043512802440263e-03 7.907576380768980076e-03 6.930398442719518971e-03 5.948767722911685145e-03 4.967178209730141285e-03 3.989356068970439061e-03 3.018273813890364528e-03 8.689292403731704254e-04 1.313119471690175379e-02 1.405018575079716725e-02 1.485661728734220983e-02 1.556845384442654377e-02 1.616344163594281291e-02 1.663573566498055545e-02 1.700446956344284222e-02 1.726552919507123515e-02 1.743613572191509212e-02 1.751610237973500253e-02 1.748892180589975767e-02 1.739244870567567894e-02 1.722035562973138131e-02 1.701488811421573641e-02 1.672786271878170042e-02 1.635050778963890658e-02 1.593726631127194426e-02 1.541088495975313950e-02 1.485573842102157031e-02 1.427944840517806485e-02 1.349676714630883463e-02 1.269106598299679124e-02 1.175907269168097007e-02 1.070759232096826427e-02 9.609729519922716873e-03 8.393185357158342019e-03 7.036472999232580572e-03 5.551035287093071709e-03 3.968995875083546759e-03 2.293537684010091195e-03 1.338644337212684858e-04 5.574333478425306859e-04 1.847935471254230286e-03 3.469701306702132389e-03 5.382667970445806013e-03 7.548510700097849080e-03 1.001317360671967298e-02 1.261729894813068409e-02 1.526402539640605259e-02 1.786155784110294784e-02 2.041700273164281237e-02 2.287239013461450643e-02 2.515364244637277591e-02 2.718786312285968385e-02 2.902392971740373057e-02 3.075056651969686194e-02 3.189476670574694500e-02 3.261729075835046593e-02 3.290178773099367709e-02 3.278033918802590596e-02 3.224441568048775492e-02 3.129550441526789822e-02 2.995663767192153007e-02 2.829108758618554403e-02 2.639238484074810792e-02 2.436296848342398014e-02 2.228610712910690517e-02 2.024962277735560187e-02 1.837386474791266600e-02 1.684694313416926215e-02 1.582958974267003119e-02
