6.898932918123457103e-02 4.952851861286435009e-02 4.739412313417201705e-02 4.516609256051964255e-02 4.281024946175531615e-02 4.035426249876829241e-02 3.781309287066138280e-02 3.525463080092307300e-02 3.269347429801574417e-02 3.016739596038847671e-02 2.769863781371251915e-02 2.527742820832222514e-02 2.298894468529822169e-02 2.081425241877246993e-02 1.876380674953859531e-02 1.682218456529569611e-02 1.502560714644626469e-02 1.323657933089497293e-02 1.179977914659395555e-02 1.038719903433152174e-02 9.106295832274412944e-03 7.939584369003790595e-03 6.887766040478320376e-03 5.938003430827228785e-03 5.097816882307633878e-03 4.360133452376914985e-03 3.676170339522604781e-03 3.087723052866227572e-03 2.575332071541845853e-03 2.205807949328752494e-03 2.094140309234880735e-03 7.432427513956840759e-02 5.927581520479224819e-02 5.699275025837156894e-02 5.446480173224572258e-02 5.165078652495745659e-02 4.860330102685009313e-02 4.534355705088514293e-02 4.201971851005159575e-02 3.864711625883517077e-02 3.529674272820079034e-02 3.204360636268025614e-02 2.884724959666777611e-02 2.581603462929895482e-02 2.297433328701209074e-02 2.031932711954002185e-02 1.790550482452887490e-02 1.563428828158173675e-02 1.340480881577880458e-02 1.164273483991705438e-02 9.957541583675273353e-03 8.464651018859268433e-03 7.137931323832619711e-03 6.009516859057540718e-03 4.992995401496580846e-03 4.124663735374243904e-03 3.347604343254082394e-03 2.724510402882215302e-03 2.125623316732174438e-03 1.631409125739886066e-03 1.249146625142775677e-03 1.053779729608344574e-03 1.526870172251961063e-04 2.189377484157853132e-04 -1.287095759245529927e-04 -1.637347338206762227e-04 -2.271096824587405581e-04 -3.549505487797840748e-04 -4.669502945852532652e-04 -5.702161176261121012e-04 -7.709814735258052739e-04 -9.907157685916550324e-04 -1.192302273677483138e-03 -1.333410391691823441e-03 -1.410646379512511686e-03 -1.429357236638036446e-03 -1.390967933604381635e-03 -1.300035720144271639e-03 -1.174200057300012852e-03 -1.049976076379843413e-03 -9.680070065625558410e-04 -9.545563088524162574e-04 -1.022841739567537014e-03 -1.091322057732108195e-03 -1.092120781245709861e-03 -1.074554602759979216e-03 -1.072434729864726096e-03 -1.061653848885600994e-03 -1.008208697528944998e-03 -9.160844136317284302e-04 -8.164952652991129545e-04 -7.156190676043720994e-04 -6.297937481489372441e-04
4.952851861286435009e-02 6.322188270867068471e-02 6.376317374505426072e-02 6.398301247342473574e-02 6.379310202522717188e-02 6.319054408025007175e-02 6.216858634582380500e-02 6.076942112920601796e-02 5.901350688437415060e-02 5.694967786424025985e-02 5.461203588874509463e-02 5.202683856972908222e-02 4.933398236815075832e-02 4.652862863759136408e-02 4.365691766004880375e-02 4.073689450541716217e-02 3.783595747847451340e-02 3.486791226698322810e-02 3.210410431426288791e-02 2.934174599502831216e-02 2.666566349526919635e-02 2.406826068965362345e-02 2.156204920062395475e-02 1.914366974195564827e-02 1.682130056567298498e-02 1.463158856184861717e-02 1.245659026287748543e-02 1.038805903354315247e-02 8.394513822491660865e-03 6.510808934000558192e-03 4.849311224159252171e-03 5.352554973215719464e-02 7.535044437298112074e-02 7.672073030337864252e-02 7.756111999847471739e-02 7.772962576416894698e-02 7.721396107647671148e-02 7.599165800751506161e-02 7.415025979300865488e-02 7.171808702654904055e-02 6.878509686447094318e-02 6.550489277281913714e-02 6.183632312913871915e-02 5.802411842175502626e-02 5.414110833919411753e-02 5.023679924146658843e-02 4.642263346161572268e-02 4.263951220459985536e-02 3.889866369970763904e-02 3.541759628530322807e-02 3.203640563657905033e-02 2.881126815189491083e-02 2.572168579399916957e-02 2.281861817921249092e-02 1.997947240075305386e-02 1.727046952505676553e-02 1.459411747135908044e-02 1.209629592921709559e-02 9.542280091419269930e-03 7.039829293021649531e-03 4.531428235609646915e-03 2.019736972856556439e-03 1.156608019348426828e-04 2.186898912535438326e-03 3.212173042407041011e-03 4.511665492054619912e-03 5.677244888590254022e-03 6.629328304839083100e-03 7.561237144565188112e-03 8.465187815321090908e-03 8.952021367290388318e-03 9.299081539288522533e-03 9.509223584345026167e-03 9.610316113143091074e-03 9.608897785873624781e-03 9.507082634613890984e-03 9.309407030593531626e-03 9.018597725404167015e-03 8.629362316908749039e-03 8.122628175566783126e-03 7.475971441876360681e-03 6.678128498800863649e-03 5.726953585043406854e-03 4.703351705481036149e-03 3.684986171445005666e-03 2.655777130733341044e-03 1.605446098191486365e-03 5.621416730174663527e-04 -4.405453706894160975e-04 -1.418042330103018054e-03 -2.424133349922866047e-03 -3.465310125437474735e-03 -4.523159091628533440e-03
4.739412313417201705e-02 6.376317374505426072e-02 6.472152322211024988e-02 6.528283943931782740e-02 6.544108784361402087e-02 6.516221846395156558e-02 6.442640960988169074e-02 6.326715894328219236e-02 6.169933942487136613e-02 5.977075353897384757e-02 5.751688081705795541e-02 5.496875789369606163e-02 5.227300034556722069e-02 4.942853754107216779e-02 4.648728001261627496e-02 4.347387612784858746e-02 4.046063250668363587e-02 3.734575150960461193e-02 3.446585155701581415e-02 3.155847855972401111e-02 2.872292607899513614e-02 2.597346053395017951e-02 2.330763557124661961e-02 2.072656017600069123e-02 1.823825252926241508e-02 1.588285755981928837e-02 1.353652738356814038e-02 1.129407404574953554e-02 9.122014672790135573e-03 7.050328936527913183e-03 5.182399386475225814e-03 5.124020851609113747e-02 7.597951139351764860e-02 7.793014155606352300e-02 7.925270341846879507e-02 7.991598355135386134e-02 7.985838481534342226e-02 7.903325524949482428e-02 7.751216910908789726e-02 7.531341366045855856e-02 7.252650910697837350e-02 6.931410461988016247e-02 6.564115847723622776e-02 6.177005162200627231e-02 5.778337417480128996e-02 5.374165143409675993e-02 4.976644458818387656e-02 4.580867127393051935e-02 4.187596789166922462e-02 3.822598731314822557e-02 3.465626859456490128e-02 3.124142043622852097e-02 2.796282793913018941e-02 2.487007353917884689e-02 2.183724029167048719e-02 1.893145753095050801e-02 1.605057958352614986e-02 1.334428530125380055e-02 1.056998565296271911e-02 7.831103171395455836e-03 5.061057875422402853e-03 2.242385919240970620e-03 1.072928152110282687e-04 2.213797659088013754e-03 3.388192063217333218e-03 4.848836623725208232e-03 6.174033136117551036e-03 7.274793456336438140e-03 8.352853883577475436e-03 9.399607325205398128e-03 9.999788031454346846e-03 1.044821604568499374e-02 1.074317111985146830e-02 1.090960633595736660e-02 1.095359417246677403e-02 1.087748906323461606e-02 1.068602908800969468e-02 1.038245230647300357e-02 9.962786783846669381e-03 9.410323846103341855e-03 8.705573096667054006e-03 7.840068937603396348e-03 6.813632545052503153e-03 5.706109793659363064e-03 4.594742434900643893e-03 3.466574968557368901e-03 2.313650432567273228e-03 1.164127420531183704e-03 5.115690441392264204e-05 -1.040998992893681563e-03 -2.165457177839708643e-03 -3.325782282368704157e-03 -4.502817467315174509e-03
4.516609256051964255e-02 6.398301247342473574e-02 6.528283943931782740e-02 6.623215686271699543e-02 6.676426708316766934e-02 6.683942136082686447e-02 6.642332525416809463e-02 6.553943910471995982e-02 6.419387445603057241e-02 6.243196464962254277e-02 6.028973021227640450e-02 5.780286733942186644e-02 5.512405488281819921e-02 5.225650540084269408e-02 4.925813262754146632e-02 4.616101370972793688e-02 4.304295015237585842e-02 3.979655137170491630e-02 3.679467965285440623e-02 3.374484768816608110e-02 3.076462608992037995e-02 2.785951072431704437e-02 2.503592437216311042e-02 2.229409896408864056e-02 1.964150190054443287e-02 1.712150110456168300e-02 1.460458968361250803e-02 1.218823713821557894e-02 9.836826245982791331e-03 7.575063455419278613e-03 5.496018675614134166e-03 4.885112472445427012e-02 7.620456244194813433e-02 7.862533695974480152e-02 8.049697528157075122e-02 8.169655985799918751e-02 8.214698545878151847e-02 8.177327976504292217e-02 8.062894762300654161e-02 7.871574813816782645e-02 7.612035549232647191e-02 7.301306714033736767e-02 6.936548112419640977e-02 6.545740753334337858e-02 6.138228579248071470e-02 5.721285968062091165e-02 5.308233312685122635e-02 4.895372066327067367e-02 4.483915441808670327e-02 4.101209086906765916e-02 3.725588341820613297e-02 3.365492559233239367e-02 3.018934042712457730e-02 2.690981288827231505e-02 2.368688151760965990e-02 2.058793747448316169e-02 1.750615197451896657e-02 1.459386565430401475e-02 1.160192183728757896e-02 8.627234149528574536e-03 5.593872041463752304e-03 2.462225354056759349e-03 1.084032383851116980e-04 2.185227946603285863e-03 3.497263642785310243e-03 5.109356533441670838e-03 6.586826193628862562e-03 7.830751538214114280e-03 9.050904818823143211e-03 1.023810511076546706e-02 1.095209460038054465e-02 1.150441254129311655e-02 1.188857519764214069e-02 1.212627925532577290e-02 1.222280799568203034e-02 1.218036922907014125e-02 1.200342473065516870e-02 1.169519853953905619e-02 1.125262823194533336e-02 1.066131529513574157e-02 9.904992588106885723e-03 8.978353660520306534e-03 7.883390797108608822e-03 6.698524148358318657e-03 5.500086734511676692e-03 4.278159503343511964e-03 3.027107415310229584e-03 1.774919559398240639e-03 5.540514277563964507e-04 -6.512327320671895984e-04 -1.892303402927454333e-03 -3.168878680401890184e-03 -4.461574343217520645e-03
4.281024946175531615e-02 6.379310202522717188e-02 6.544108784361402087e-02 6.676426708316766934e-02 6.767722677666447584e-02 6.812545419272679481e-02 6.805610521570749916e-02 6.748167210294583884e-02 6.639413540000400904e-02 6.483413539238971901e-02 6.283656685257579810e-02 6.044093303878356194e-02 5.780494252689796081e-02 5.493625788384758762e-02 5.189870232395674132e-02 4.873267259692174586e-02 4.552209923610491676e-02 4.215904243293961545e-02 3.903959494640690114e-02 3.585597601682838365e-02 3.273516795791782397e-02 2.968328668551588334e-02 2.670873748240213535e-02 2.381247493590652256e-02 2.100145518010676504e-02 1.832210925840248306e-02 1.563949217038303544e-02 1.305341228381005914e-02 1.052601662682103867e-02 8.076490217086102971e-03 5.786662015347134730e-03 4.632225016596924067e-02 7.592341377495917532e-02 7.881920083786829456e-02 8.121853758042579807e-02 8.296610104656615414e-02 8.395626422676945311e-02 8.407756252843238964e-02 8.336532252859742143e-02 8.179349817152405111e-02 7.944203703196457689e-02 7.648585485220227298e-02 7.290233676715608679e-02 6.898770200357316751e-02 6.484676086121042571e-02 6.056535150326396860e-02 5.628993876022337500e-02 5.199779679304278313e-02 4.771023394466904211e-02 4.370558449614175139e-02 3.976710387487544102e-02 3.598403583547403473e-02 3.233673768600063558e-02 2.887609642969678550e-02 2.546961562943594187e-02 2.218448540181466866e-02 1.890915279564448631e-02 1.579762469061804162e-02 1.259536481016449577e-02 9.390860983501744461e-03 6.098843484962947897e-03 2.656169512343465721e-03 1.062512487593173676e-04 2.125524404926552088e-03 3.565762691596466392e-03 5.322798115302347643e-03 6.950027978178810635e-03 8.337923947923878837e-03 9.703412559804124732e-03 1.103661715449946908e-02 1.187332911752466032e-02 1.254048189965808156e-02 1.302644948819173427e-02 1.334921925462624961e-02 1.351288477886859740e-02 1.351907158218575850e-02 1.337144095004421697e-02 1.307261971329693427e-02 1.262001564135477490e-02 1.200160227329720268e-02 1.120485596511439259e-02 1.022818299826102131e-02 9.076039477709754721e-03 7.825081154027800287e-03 6.550245014737271845e-03 5.244555019400501741e-03 3.904730206812176679e-03 2.558456063679710561e-03 1.237286909784720852e-03 -7.399809213329044998e-05 -1.423595391695840415e-03 -2.806150980353294515e-03 -4.202275676668990913e-03
4.035426249876829241e-02 6.319054408025007175e-02 6.516221846395156558e-02 6.683942136082686447e-02 6.812545419272679481e-02 6.895292651678115725e-02 6.924359605877984658e-02 6.900890080375503277e-02 6.821386457564541927e-02 6.689280449648334070e-02 6.507683613372608478e-02 6.280746520737073846e-02 6.024577181684509508e-02 5.740389312573513508e-02 5.435018334340300378e-02 5.113473084799730756e-02 4.784809349075216239e-02 4.438529195340756156e-02 4.115769263780210546e-02 3.785145378708078961e-02 3.459994364703588426e-02 3.141109513753564952e-02 2.829479047162351824e-02 2.525291726717514978e-02 2.229188334044034450e-02 1.946113657377107967e-02 1.662023524221456494e-02 1.387121135507039110e-02 1.117382623089830350e-02 8.541475575936685258e-03 6.043893352991580245e-03 4.368224880268282290e-02 7.513441810049446834e-02 7.846545750010347486e-02 8.136020987036352015e-02 8.364313323778223286e-02 8.518449425748311765e-02 8.581975005307188042e-02 8.559241764975736300e-02 8.441886722320665615e-02 8.237020965948499418e-02 7.962110683980666570e-02 7.615172773405400053e-02 7.227255287584585797e-02 6.809929492951094510e-02 6.373088055552302011e-02 5.932865978441756449e-02 5.488634786877708005e-02 5.043782171111300949e-02 4.626074377111868280e-02 4.214700787370458113e-02 3.818859751327389335e-02 3.436682456499549204e-02 3.073289090394086195e-02 2.715151303584332002e-02 2.368945737083925571e-02 2.023028886186931455e-02 1.692907562733345084e-02 1.352670809009418745e-02 1.010164832840570494e-02 6.559247290301561256e-03 2.811785462147320218e-03 1.044054650189863716e-04 2.036658780330820144e-03 3.591546830266777353e-03 5.482034580486854110e-03 7.250865397936830624e-03 8.777415709467635899e-03 1.028512166591834774e-02 1.176369071969333817e-02 1.272644773640877955e-02 1.351457453277643203e-02 1.411106405861862687e-02 1.452977673558988360e-02 1.477316004351702031e-02 1.484170755524550148e-02 1.473758841247615158e-02 1.446203895993334113e-02 1.401234053908840052e-02 1.337894549925235446e-02 1.255377163256789393e-02 1.153956217914297103e-02 1.034344331065328859e-02 9.039817069695569099e-03 7.701597080855096186e-03 6.324550031848251430e-03 4.907690019010188531e-03 3.478178565106210696e-03 2.066382629903362831e-03 6.580854425974454408e-04 -7.903233283152301478e-04 -2.267342075849064758e-03 -3.754173325852018950e-03
3.781309287066138280e-02 6.216858634582380500e-02 6.442640960988169074e-02 6.642332525416809463e-02 6.805610521570749916e-02 6.924359605877984658e-02 6.993336444102395133e-02 7.003652829161861881e-02 6.955920165680319622e-02 6.851127100791243318e-02 6.691486718261209499e-02 6.481009130896241144e-02 6.235983234613391712e-02 5.957362419710887647e-02 5.653316124000762333e-02 5.329257664235138164e-02 4.995057112796499887e-02 4.640808842268682316e-02 4.308607487298029420e-02 3.967155882493156316e-02 3.630255042595766785e-02 3.298947464779118655e-02 2.974372380227552348e-02 2.656828957654904649e-02 2.346901017591228669e-02 2.049857936050936483e-02 1.751048700353530566e-02 1.460931817582387764e-02 1.175225257736874432e-02 8.946685292158973457e-03 6.249617359528560415e-03 4.094813605443633348e-02 7.383313356220468082e-02 7.754003087245850412e-02 8.087442393369467797e-02 8.364847454153728767e-02 8.570415169809407485e-02 8.695009779003741446e-02 8.719155322133835539e-02 8.645793577103769167e-02 8.476851279305147591e-02 8.228729288934615027e-02 7.899025056646839793e-02 7.519868171902492626e-02 7.103513000591027415e-02 6.661382826999298623e-02 6.211026513942961153e-02 5.753701348857211129e-02 5.294325807510217446e-02 4.860343360664810125e-02 4.432417378279757125e-02 4.019950891459737885e-02 3.621258909966976886e-02 3.241558819611428666e-02 2.867035061184824984e-02 2.504350217042593946e-02 2.141332695762004565e-02 1.793611018573927976e-02 1.434835656057000669e-02 1.071745599709834039e-02 6.939418343233795701e-03 2.901494711872808652e-03 9.055603514263830265e-05 1.897971787786983467e-03 3.552908018701108825e-03 5.567020926794047538e-03 7.475352081896398729e-03 9.146445107062958768e-03 1.080849286050465825e-02 1.244872487864044815e-02 1.355707523338386955e-02 1.448564140984777253e-02 1.521115015079759977e-02 1.574319501809879479e-02 1.608278753846346248e-02 1.622943378524637284e-02 1.618366272109812709e-02 1.594487395976624047e-02 1.550990672063081929e-02 1.487214412367505491e-02 1.402905330419278868e-02 1.298854936611001758e-02 1.176060887603198185e-02 1.041678557537000817e-02 9.027229213433272254e-03 7.590114547726276896e-03 6.106577246464437586e-03 4.602922857322246791e-03 3.107927641382544209e-03 1.608756765161463735e-03 6.764062667119868076e-05 -1.496980473436882115e-03 -3.067844561347062710e-03
3.525463080092307300e-02 6.076942112920601796e-02 6.326715894328219236e-02 6.553943910471995982e-02 6.748167210294583884e-02 6.900890080375503277e-02 7.003652829161861881e-02 7.050279995299427171e-02 7.036565272064095045e-02 6.962478228595900265e-02 6.828907034885464689e-02 6.639262028528740422e-02 6.409665707417629144e-02 6.141148919995124966e-02 5.841905371388859264e-02 5.518504446689866116e-02 5.181535307200103857e-02 4.821924075782742236e-02 4.482223630613901139e-02 4.131823140331066652e-02 3.784866248598717925e-02 3.442707427559255767e-02 3.106660463916275858e-02 2.777160893039338357e-02 2.454734028169096305e-02 2.145077124893787074e-02 1.832719643616556593e-02 1.528530487788868665e-02 1.227920468663185917e-02 9.309946280169014224e-03 6.420774178895874429e-03 3.819013618276714817e-02 7.206803002915224132e-02 7.607929498337753782e-02 7.978334221608640586e-02 8.298987966079078571e-02 8.553475890439851681e-02 8.725318929467973383e-02 8.802742869051156938e-02 8.777807225632065780e-02 8.650963760748639486e-02 8.436920592162315546e-02 8.131804226177610784e-02 7.768394484506670195e-02 7.359323527137248688e-02 6.917007264510090236e-02 6.460655029965785279e-02 5.993543339016733223e-02 5.522326610074067971e-02 5.074014956703891410e-02 4.631223684620708325e-02 4.203574183409682086e-02 3.789678089317577436e-02 3.394998422023118995e-02 3.005351261898069407e-02 2.627513602325028119e-02 2.248668523942324443e-02 1.884779107503959175e-02 1.508928970900180744e-02 1.126708431190156026e-02 7.267738081410379455e-03 2.952686481338740506e-03 8.873950503152192460e-05 1.772550769003368486e-03 3.512848064174515800e-03 5.631505827505273697e-03 7.656474935371818114e-03 9.445633343306215207e-03 1.123298819326781599e-02 1.300667890559974345e-02 1.423824549481366754e-02 1.529157104078555755e-02 1.613783297334491634e-02 1.678184181278626411e-02 1.722206000113460714e-02 1.745568429142884889e-02 1.748019297260409305e-02 1.729172926623282619e-02 1.688566598542172101e-02 1.625844505928313727e-02 1.541403288722109459e-02 1.436617844613989788e-02 1.312768670202947921e-02 1.176653453113769843e-02 1.034932233332381060e-02 8.876347143086476404e-03 7.350748048349085850e-03 5.797751885344866289e-03 4.244251587647058718e-03 2.679175276373273878e-03 1.071668029751054714e-03 -5.523933105815875561e-04 -2.178585368833962314e-03
3.269347429801574417e-02 5.901350688437415060e-02 6.169933942487136613e-02 6.419387445603057241e-02 6.639413540000400904e-02 6.821386457564541927e-02 6.955920165680319622e-02 7.036565272064095045e-02 7.057111270494313693e-02 7.015877312025146917e-02 6.911784917011377927e-02 6.747083463235370449e-02 6.537507854605204005e-02 6.283371214994280807e-02 5.993049187071138040e-02 5.673988197517280951e-02 5.337519077605287071e-02 4.975600694673115720e-02 4.630811490475057052e-02 4.273735771805402262e-02 3.918779077662210703e-02 3.567673902565652450e-02 3.221942250173311789e-02 2.882195804045432908e-02 2.548886934797285619e-02 2.228490235060610544e-02 1.904000898917597093e-02 1.587250121441343559e-02 1.273215042463778264e-02 9.613368340235834905e-03 6.544798689385743912e-03 3.542625277730252625e-02 6.987213116612688013e-02 7.410871804387615669e-02 7.809885496746368783e-02 8.165492889494117834e-02 8.461031015324697868e-02 8.678045243012368071e-02 8.804713996793564479e-02 8.829024616010248960e-02 8.748374598898268906e-02 8.574970436744992763e-02 8.301565822988446475e-02 7.961399612589321884e-02 7.566494122540316780e-02 7.130019268502743590e-02 6.672697401435512266e-02 6.199923654464427336e-02 5.720219310560628601e-02 5.260147732123934827e-02 4.804640017946434916e-02 4.363610086394401760e-02 3.936091327445737087e-02 3.528109591646346604e-02 3.124787341781769257e-02 2.733379485919950821e-02 2.340026835061791849e-02 1.961831907657505397e-02 1.570746134733857352e-02 1.171321626403711881e-02 7.512842345691313727e-03 2.941805583092477108e-03 8.176176967861337034e-05 1.626915548238342573e-03 3.434675890513328757e-03 5.640877085200288535e-03 7.768175807136296594e-03 9.664718741186772641e-03 1.156981639769551380e-02 1.347263599360736495e-02 1.482791705912871356e-02 1.600914819940796319e-02 1.698166605035723517e-02 1.774522122570415875e-02 1.829547366974864503e-02 1.862709010679385740e-02 1.873426162335824555e-02 1.860955396114269758e-02 1.824658838725246382e-02 1.764491605341648311e-02 1.681540298568608496e-02 1.577799239284251656e-02 1.454838901645509608e-02 1.319050961523950474e-02 1.176679192114016281e-02 1.027937130238854198e-02 8.733201342747083651e-03 7.152118258211542269e-03 5.560742232216780989e-03 3.949933418180925741e-03 2.296450953435471426e-03 6.336927671283432064e-04 -1.027993769415621542e-03
3.016739596038847671e-02 5.694967786424025985e-02 5.977075353897384757e-02 6.243196464962254277e-02 6.483413539238971901e-02 6.689280449648334070e-02 6.851127100791243318e-02 6.962478228595900265e-02 7.015877312025146917e-02 7.008258850180848487e-02 6.935569405263530829e-02 6.799267749998634536e-02 6.614382974250888891e-02 6.379313840974655536e-02 6.102476203711972025e-02 5.792029423459027493e-02 5.459966700021127994e-02 5.099403397338786448e-02 4.752521239683352161e-02 4.391535302815621072e-02 4.031048863902351315e-02 3.673241104779217253e-02 3.319867367207677417e-02 2.971778038826382654e-02 2.629215221524394339e-02 2.301364559253629705e-02 1.965612648612888660e-02 1.637881810233618451e-02 1.312025662945117029e-02 9.867649376790348092e-03 6.634205533998258596e-03 3.269732809524344974e-02 6.730890292178420831e-02 7.169191150562745363e-02 7.588248878121389707e-02 7.969954257899131145e-02 8.297955422775381285e-02 8.553114046647372626e-02 8.723803942478332296e-02 8.795453966370977983e-02 8.762600888030082358e-02 8.635913252577062660e-02 8.400006409302378241e-02 8.090862835793685703e-02 7.717807665634848768e-02 7.294273391544041363e-02 6.842241002683019380e-02 6.369166623161401364e-02 5.885447845121393601e-02 5.417185464434630393e-02 4.951900899037703363e-02 4.499895266171942410e-02 4.060721300905947156e-02 3.641830218233253064e-02 3.226364046341213820e-02 2.823284975267032967e-02 2.415438489891596346e-02 2.025640460504292070e-02 1.621293407070517612e-02 1.206705829413595027e-02 7.687452470696492200e-03 2.883981405964597313e-03 7.623983111785436135e-05 1.497715605134983946e-03 3.337535456050113453e-03 5.605018993580982052e-03 7.811295138402525769e-03 9.794279199213912213e-03 1.179810028862696147e-02 1.381393424033505908e-02 1.528243681605548701e-02 1.658503789776400589e-02 1.768120289860939179e-02 1.856530014814594329e-02 1.922985472574114188e-02 1.966699874085192645e-02 1.986813124662745178e-02 1.982303022955745481e-02 1.952374197907153983e-02 1.897138819631642020e-02 1.818131916911151433e-02 1.717853268817282064e-02 1.598192626262566821e-02 1.465167465842716690e-02 1.324606121642700994e-02 1.176904981339869927e-02 1.022724818323805449e-02 8.642789506877676664e-03 7.037713515582456197e-03 5.405036971341986227e-03 3.729809186692381335e-03 2.053097334058537164e-03 3.810024213035693107e-04
2.769863781371251915e-02 5.461203588874509463e-02 5.751688081705795541e-02 6.028973021227640450e-02 6.283656685257579810e-02 6.507683613372608478e-02 6.691486718261209499e-02 6.828907034885464689e-02 6.911784917011377927e-02 6.935569405263530829e-02 6.905422634431186701e-02 6.789501274759356109e-02 6.634161961912049543e-02 6.422833266268056229e-02 6.164369616745015573e-02 5.867407704345026925e-02 5.544411328814462941e-02 5.189674234740546122e-02 4.844519980413663357e-02 4.483174838330883372e-02 4.120382737020438640e-02 3.758879205643757965e-02 3.400607812035856548e-02 3.047266546777904414e-02 2.700132916878298511e-02 2.351276602418249373e-02 2.015282663838990559e-02 1.679599115158959821e-02 1.344238870298567270e-02 1.007652505005580436e-02 6.696662956257243456e-03 3.002674309475510464e-02 6.442458750936647105e-02 6.887765514078771079e-02 7.318449515472297273e-02 7.717305998933843281e-02 8.068703551719640099e-02 8.353609894720388784e-02 8.561253033523635869e-02 8.675861360584835591e-02 8.691065374993832415e-02 8.604062351750256521e-02 8.412443901325429574e-02 8.142912638588349628e-02 7.799853980822553379e-02 7.397236720645128383e-02 6.957973277941581491e-02 6.491328383652641976e-02 6.009423992736568493e-02 5.537767702236740669e-02 5.066649020328201775e-02 4.606750214892826878e-02 4.157728254784493621e-02 3.734336209630330361e-02 3.306198919129652025e-02 2.890520077742848165e-02 2.487515245317162629e-02 2.078068878373113756e-02 1.661313371440164069e-02 1.233270319699433966e-02 7.794634817551943616e-03 2.782349062059029290e-03 5.121297004702951594e-05 9.431955637220854755e-04 2.967395999646829131e-03 5.324419050956474657e-03 7.610237814597091768e-03 9.669838198397522414e-03 1.175772374014230799e-02 1.387077233426664731e-02 1.543952922040059753e-02 1.685258341248263569e-02 1.806418612831320672e-02 1.906371088631310037e-02 1.984095603396167362e-02 2.038634760491385423e-02 2.069005949309730280e-02 2.074112574456358354e-02 2.053073452917373448e-02 2.005854012734574823e-02 1.933921499845337941e-02 1.840011820531294376e-02 1.726372458437675991e-02 1.598747325212222792e-02 1.462605480048051292e-02 1.318546327010743265e-02 1.167371441984406052e-02 1.011082268464622361e-02 8.516031379713649707e-03 6.884887574576905277e-03 5.211559677500007641e-03 3.545318060938575794e-03 1.890074622858441307e-03
2.527742820832222514e-02 5.202683856972908222e-02 5.496875789369606163e-02 5.780286733942186644e-02 6.044093303878356194e-02 6.280746520737073846e-02 6.481009130896241144e-02 6.639262028528740422e-02 6.747083463235370449e-02 6.799267749998634536e-02 6.789501274759356109e-02 6.726899728013972790e-02 6.597019519042963964e-02 6.412158990340570408e-02 6.176406975990005738e-02 5.897899197025448931e-02 5.589054779134736833e-02 5.245128932809073330e-02 4.906101881867060838e-02 4.548396736088963083e-02 4.186792619674214316e-02 3.824522690845635897e-02 3.464439255863516892e-02 3.107358026950415505e-02 2.754754605846518670e-02 2.408468485194916603e-02 2.062183250151065558e-02 1.719226216115567196e-02 1.375946347936411046e-02 1.029973997311211913e-02 6.795997530844010912e-03 2.740481991887762717e-02 6.125813365906816743e-02 6.571749481640692947e-02 7.006923583099131103e-02 7.415132959406141311e-02 7.781664609407012989e-02 8.088003540305702121e-02 8.324529931196661403e-02 8.474810562819887205e-02 8.530661012647793029e-02 8.489739964299293506e-02 8.355252797592899183e-02 8.123703170427581943e-02 7.816291745952690107e-02 7.442065202183603678e-02 7.023641938113843464e-02 6.571300660494519552e-02 6.098446699757969353e-02 5.629766726317343706e-02 5.158464259039072242e-02 4.696010504322445378e-02 4.244795679899690533e-02 3.801498301661723062e-02 3.373181652354508703e-02 2.952077898771555964e-02 2.532721427275582207e-02 2.119433186231306152e-02 1.694053587958347859e-02 1.255526574942528520e-02 7.889162926614996449e-03 2.704225580067597893e-03 5.384126138590607859e-05 9.298476867021932945e-04 2.883086973755740953e-03 5.238415312956520679e-03 7.550087795961953931e-03 9.648278860880193236e-03 1.179002550756472027e-02 1.397599196456340842e-02 1.562842124245979181e-02 1.713977388947985833e-02 1.845887828388311294e-02 1.957008960340346840e-02 2.046054175161482469e-02 2.111924927190240303e-02 2.153584321892678191e-02 2.169956549154768849e-02 2.160096861509503210e-02 2.123632271482882306e-02 2.061641956488107635e-02 1.976900379742347127e-02 1.871985161931767616e-02 1.752387606173556531e-02 1.623221877440252092e-02 1.485263011708666883e-02 1.339392412302081378e-02 1.187342349523939043e-02 1.030747284355692898e-02 8.694866812456873359e-03 7.040327001479485675e-03 5.403015622647284154e-03 3.791246430259589094e-03
2.298894468529822169e-02 4.933398236815075832e-02 5.227300034556722069e-02 5.512405488281819921e-02 5.780494252689796081e-02 6.024577181684509508e-02 6.235983234613391712e-02 6.409665707417629144e-02 6.537507854605204005e-02 6.614382974250888891e-02 6.634161961912049543e-02 6.597019519042963964e-02 6.499979876961549385e-02 6.345045848242780728e-02 6.136392231670745323e-02 5.881384909491153834e-02 5.592022158878552640e-02 5.264246288197969165e-02 4.936136872487855570e-02 4.586524138326171507e-02 4.230106983954556865e-02 3.870731316315945830e-02 3.511543722059567302e-02 3.154012464928105525e-02 2.799517263169780737e-02 2.451159294784365297e-02 2.100665411944512007e-02 1.752906563865931286e-02 1.403828450530735829e-02 1.050486650126853695e-02 6.897366587313560025e-03 2.492421114139636504e-02 5.797696735254748851e-02 6.238650909406002337e-02 6.671875138254711179e-02 7.082211679226882439e-02 7.455961117707127217e-02 7.775623841260854985e-02 8.032640576155782031e-02 8.211014302829504341e-02 8.302329685662442060e-02 8.304388410886950900e-02 8.209770119597648019e-02 8.024782015353773557e-02 7.757987267205883331e-02 7.419254198394593935e-02 7.029810387560737894e-02 6.600033928597950905e-02 6.143964900532695311e-02 5.684931697289991037e-02 5.219006782854977711e-02 4.758072695580799205e-02 4.305098396540236322e-02 3.862540788044147716e-02 3.428208597640235167e-02 3.001700187940979994e-02 2.575368058261454096e-02 2.155566407385577435e-02 1.722835456281343949e-02 1.275558078596233415e-02 7.981933522674102000e-03 2.649245047759782833e-03 4.185837270401433671e-05 7.249061176169405889e-04 2.659656749649551895e-03 5.009055424386970982e-03 7.327792559637758517e-03 9.439186085436009413e-03 1.160572995258491932e-02 1.383484008149436610e-02 1.554407458320945790e-02 1.712869987984135672e-02 1.853308359636525807e-02 1.973751307805755167e-02 2.072721637437275471e-02 2.149026197129738636e-02 2.201586980637138327e-02 2.229334186868256115e-02 2.231247781926358476e-02 2.206641287972839136e-02 2.156219808485791006e-02 2.082718798946301894e-02 1.988913224727078405e-02 1.879929007257992446e-02 1.760459476695676317e-02 1.631413636654089824e-02 1.493686799946309166e-02 1.348689595109318906e-02 1.197776116752917626e-02 1.041215876421773198e-02 8.806434461624537344e-03 7.231274511074674977e-03 5.707874789789704056e-03
2.081425241877246993e-02 4.652862863759136408e-02 4.942853754107216779e-02 5.225650540084269408e-02 5.493625788384758762e-02 5.740389312573513508e-02 5.957362419710887647e-02 6.141148919995124966e-02 6.283371214994280807e-02 6.379313840974655536e-02 6.422833266268056229e-02 6.412158990340570408e-02 6.345045848242780728e-02 6.221147057966310706e-02 6.042812737571986309e-02 5.816002599572655390e-02 5.551569844166454742e-02 5.245697203607622289e-02 4.933907528990837121e-02 4.597538560558666471e-02 4.250995024313872217e-02 3.898709436519764288e-02 3.544267150425964297e-02 3.189601779799926262e-02 2.836287677138559990e-02 2.487948600314620826e-02 2.136070260200727614e-02 1.785891418069453576e-02 1.433313689817868573e-02 1.074926394880754144e-02 7.063103866410973611e-03 2.256316235021745345e-02 5.457881695933908955e-02 5.889074917985848839e-02 6.314865837029509654e-02 6.721128630185210784e-02 7.095286887511614848e-02 7.419672548300258741e-02 7.689439704876846471e-02 7.887571975429640003e-02 8.006327264833057455e-02 8.043268906986195121e-02 7.988176773217113558e-02 7.846035507539245168e-02 7.623038014632144144e-02 7.325937321967652960e-02 6.973729027639317957e-02 6.575391126548250920e-02 6.144972648143072480e-02 5.703651997876904578e-02 5.250403954007021312e-02 4.797365170803090384e-02 4.348514172340329359e-02 3.908043458646705964e-02 3.472776105064492858e-02 3.044023290354005984e-02 2.614077068179869803e-02 2.189746239238984232e-02 1.751833278700706126e-02 1.298057274494416463e-02 8.124404210063338252e-03 2.674838430577999165e-03 2.475132064765241243e-05 5.137310217487606884e-04 2.420108931236352161e-03 4.746561333568960483e-03 7.051610377706915046e-03 9.152851364678759455e-03 1.131885741325508281e-02 1.356601321360080374e-02 1.531059961497784581e-02 1.694873025992851140e-02 1.842064783639776882e-02 1.970286294279393821e-02 2.077882744065255582e-02 2.163565207063562063e-02 2.226200312420080138e-02 2.264709104850371954e-02 2.278035520002571340e-02 2.265326463934478479e-02 2.227065002538773306e-02 2.165942091105390460e-02 2.084805089352869192e-02 1.988290525214743421e-02 1.880599571733926681e-02 1.762724684110850148e-02 1.635498377639865719e-02 1.499937783279351941e-02 1.357093826775775287e-02 1.207629376547615305e-02 1.054367300485993010e-02 9.056504466736978870e-03 7.657602901591379144e-03
1.876380674953859531e-02 4.365691766004880375e-02 4.648728001261627496e-02 4.925813262754146632e-02 5.189870232395674132e-02 5.435018334340300378e-02 5.653316124000762333e-02 5.841905371388859264e-02 5.993049187071138040e-02 6.102476203711972025e-02 6.164369616745015573e-02 6.176406975990005738e-02 6.136392231670745323e-02 6.042812737571986309e-02 5.896551382602450292e-02 5.701388269089108229e-02 5.466724392695872931e-02 5.188219013209881963e-02 4.898096520934281523e-02 4.580335016097461520e-02 4.248685899218111739e-02 3.908080353257498835e-02 3.562530389976312911e-02 3.214412776466092636e-02 2.865586942085681169e-02 2.519997562741472033e-02 2.169515689355660387e-02 1.819409018269100772e-02 1.465720116362873374e-02 1.104686368325670694e-02 7.308049739456169529e-03 2.033473803251198073e-02 5.112255700209944465e-02 5.529815299019689295e-02 5.943650486786950654e-02 6.340583769909569067e-02 6.708966068233880586e-02 7.032327686101429165e-02 7.306758455909351246e-02 7.516414665862297673e-02 7.654229794336306347e-02 7.717908747403470771e-02 7.696570221824799996e-02 7.594051895058274992e-02 7.414830583460839397e-02 7.162969482137193644e-02 6.854773985872217312e-02 6.495575628929069201e-02 6.099348483689855799e-02 5.683784792912624506e-02 5.250939474765851239e-02 4.812715693865992489e-02 4.374075891631640928e-02 3.940303293263217044e-02 3.508601452569377194e-02 3.081183910860313402e-02 2.650890094280325404e-02 2.224544201228158963e-02 1.783843972953929810e-02 1.325958766580162193e-02 8.346787006767336300e-03 2.811946138901537905e-03 5.639773098453250101e-06 2.967616085913331314e-04 2.160475455259388590e-03 4.446127731533790380e-03 6.716750526539361221e-03 8.785038892454561862e-03 1.092599690575124516e-02 1.316678472762470263e-02 1.492539262637013371e-02 1.659661821670660800e-02 1.811699101653427985e-02 1.945979271964236659e-02 2.060714513663332650e-02 2.154548907600348923e-02 2.226303553899583454e-02 2.274886802940341915e-02 2.299227657715556192e-02 2.298383999587469417e-02 2.272689353574845750e-02 2.224790459913984775e-02 2.157564608887638929e-02 2.075103202536624988e-02 1.981082692426188591e-02 1.876559496065342142e-02 1.762259277837054106e-02 1.638753394288779142e-02 1.506755711512634127e-02 1.367254617970331369e-02 1.224156730555716124e-02 1.087076636115849246e-02 9.630283692144765012e-03
1.682218456529569611e-02 4.073689450541716217e-02 4.347387612784858746e-02 4.616101370972793688e-02 4.873267259692174586e-02 5.113473084799730756e-02 5.329257664235138164e-02 5.518504446689866116e-02 5.673988197517280951e-02 5.792029423459027493e-02 5.867407704345026925e-02 5.897899197025448931e-02 5.881384909491153834e-02 5.816002599572655390e-02 5.701388269089108229e-02 5.540536301485517873e-02 5.338816853897027093e-02 5.092326243577843803e-02 4.828704666899319431e-02 4.534970022626071129e-02 4.223530164048275304e-02 3.899619440805302678e-02 3.567565990683679855e-02 3.230137046612843732e-02 2.889509543690036569e-02 2.549860697976003357e-02 2.203800939461622241e-02 1.856492786936041889e-02 1.504266502273500332e-02 1.143129554472729729e-02 7.667057813985523641e-03 1.822089062065285897e-02 4.763088657957871563e-02 5.164098862556798508e-02 5.562580200833523725e-02 5.946238080486013905e-02 6.304283262145483901e-02 6.621080839738170687e-02 6.894174761199330093e-02 7.108558842189392768e-02 7.258168720568036747e-02 7.341220469082383737e-02 7.347428739202306602e-02 7.279864128416005387e-02 7.142324163283021721e-02 6.936966930627048999e-02 6.673853825638571824e-02 6.360401341768033567e-02 6.006255299065035858e-02 5.623916802310146429e-02 5.219550326933612011e-02 4.803754011122238904e-02 4.382228719022766145e-02 3.961001409786437527e-02 3.538095629179260210e-02 3.116372936887660053e-02 2.689549392049571039e-02 2.264303895373717332e-02 1.823638822341067806e-02 1.364345688691019805e-02 8.702070219967059442e-03 3.114871826971617880e-03 -3.400413349285221529e-06 9.328380105504942234e-05 1.902819979293784124e-03 4.132706393992669966e-03 6.350312810690448249e-03 8.364329140531319429e-03 1.045631043759631847e-02 1.266565480860909303e-02 1.441530138669029279e-02 1.609720742379714548e-02 1.764495017260071796e-02 1.902924591529120760e-02 2.023130542357648096e-02 2.123709958147749002e-02 2.203437246956102546e-02 2.261185936103651817e-02 2.295843143452256513e-02 2.306363763804119074e-02 2.292935512556510194e-02 2.258228848978635628e-02 2.205261219944736756e-02 2.137610195559271065e-02 2.058400001246669594e-02 1.968718181955459584e-02 1.869155183940603843e-02 1.759831470614879947e-02 1.641144255340043143e-02 1.514342277755640134e-02 1.384213869314535918e-02 1.261490494743303277e-02 1.156060378424228485e-02
1.502560714644626469e-02 3.783595747847451340e-02 4.046063250668363587e-02 4.304295015237585842e-02 4.552209923610491676e-02 4.784809349075216239e-02 4.995057112796499887e-02 5.181535307200103857e-02 5.337519077605287071e-02 5.459966700021127994e-02 5.544411328814462941e-02 5.589054779134736833e-02 5.592022158878552640e-02 5.551569844166454742e-02 5.466724392695872931e-02 5.338816853897027093e-02 5.171820321500635032e-02 4.960430385410703746e-02 4.726338749554716973e-02 4.461525604382726717e-02 4.175379609007263265e-02 3.873159642613196313e-02 3.559295811706764817e-02 3.236830053354403103e-02 2.908235282839490010e-02 2.577854572349676243e-02 2.239273686019783993e-02 1.897484135298926552e-02 1.549230459711391054e-02 1.190411141540335255e-02 8.139800998729206094e-03 1.626507064460068833e-02 4.417652034037875680e-02 4.799982802996054926e-02 5.180610927248202602e-02 5.548082280244057141e-02 5.892372725724846078e-02 6.198575848204211647e-02 6.465601440139348566e-02 6.679252116576814280e-02 6.834559302045689622e-02 6.930432573985462197e-02 6.957879482299247909e-02 6.919614275664899561e-02 6.819193510982178574e-02 6.657083733953127191e-02 6.441446253689951662e-02 6.175630365943803740e-02 5.870086438593422051e-02 5.525195043918011695e-02 5.156691003490216502e-02 4.770776239313855721e-02 4.373424344149251519e-02 3.971012000388122326e-02 3.562466283161003916e-02 3.151137999976210552e-02 2.731815165913616811e-02 2.310949293618496173e-02 1.873156792791109623e-02 1.415027011012529382e-02 9.205527813444441820e-03 3.594218208473405358e-03 -4.223915888853477544e-06 -1.175227229456583659e-04 1.628734249306384736e-03 3.791705748360894770e-03 5.943174589111998619e-03 7.889273527150606619e-03 9.916973347451585666e-03 1.207697050937375782e-02 1.379947816895618282e-02 1.547246969201595754e-02 1.702738444310107971e-02 1.843298349563755184e-02 1.967001694013707086e-02 2.072437660196670486e-02 2.158364769666933775e-02 2.223631709097308867e-02 2.267065885010284207e-02 2.287480285551825310e-02 2.284902881632155588e-02 2.262141091245339214e-02 2.222533489175330945e-02 2.169201959590266390e-02 2.104665911332260358e-02 2.029974923794257424e-02 1.945560033659687535e-02 1.851145746230230607e-02 1.746928509300328322e-02 1.634415699403992533e-02 1.519030489926647721e-02 1.412329487748800738e-02 1.326841496258804320e-02
