6.898932918123457103e-02 4.952851861286435009e-02 4.739412313417201705e-02 4.516609256051964255e-02 4.281024946175531615e-02 4.035426249876829241e-02 3.781309287066138280e-02 3.525463080092307300e-02 3.269347429801574417e-02 3.016739596038847671e-02 2.769863781371251915e-02 2.527742820832222514e-02 2.298894468529822169e-02 2.081425241877246993e-02 1.876380674953859531e-02 1.682218456529569611e-02 1.502560714644626469e-02 1.323657933089497293e-02 1.179977914659395555e-02 1.038719903433152174e-02 9.106295832274412944e-03 7.939584369003790595e-03 6.887766040478320376e-03 5.938003430827228785e-03 5.097816882307633878e-03 4.360133452376914985e-03 3.676170339522604781e-03 3.087723052866227572e-03 2.575332071541845853e-03 2.205807949328752494e-03 2.094140309234880735e-03 7.432427513956840759e-02 5.927581520479224819e-02 5.699275025837156894e-02 5.446480173224572258e-02 5.165078652495745659e-02 4.860330102685009313e-02 4.534355705088514293e-02 4.201971851005159575e-02 3.864711625883517077e-02 3.529674272820079034e-02 3.204360636268025614e-02 2.884724959666777611e-02 2.581603462929895482e-02 2.297433328701209074e-02 2.031932711954002185e-02 1.790550482452887490e-02 1.563428828158173675e-02 1.340480881577880458e-02 1.164273483991705438e-02 9.957541583675273353e-03 8.464651018859268433e-03 7.137931323832619711e-03 6.009516859057540718e-03 4.992995401496580846e-03 4.124663735374243904e-03 3.347604343254082394e-03 2.724510402882215302e-03 2.125623316732174438e-03 1.631409125739886066e-03 1.249146625142775677e-03 1.053779729608344574e-03 -1.706862723325579756e+00 -3.917908693644595736e-02 -3.621636994068861554e-02 -3.330771008297181424e-02 -3.041547944688794552e-02 -2.753435694645882739e-02 -2.468096829011562354e-02 -2.188510495336069145e-02 -1.918226622744174589e-02 -1.660961748250625730e-02 -1.420189517992856074e-02 -1.198793146380050696e-02 -9.988506758185375020e-03 -8.215982327401520971e-03 -6.673816100959902714e-03 -5.356544974503336075e-03 -4.251353957122150015e-03 -3.339739115853633967e-03 -2.599554509747600481e-03 -2.006389072950679267e-03 -1.535370738258180811e-03 -1.163627943472459857e-03 -8.713139113399484634e-04 -6.423358380425734423e-04 -4.641999480245480704e-04 -3.272229703941713819e-04 -2.234569867666968870e-04 -1.459750075411900955e-04 -8.816575329703719565e-05 -4.305941523018093657e-05 0.000000000000000000e+00
4.952851861286435009e-02 6.322188270867068471e-02 6.376317374505426072e-02 6.398301247342473574e-02 6.379310202522717188e-02 6.319054408025007175e-02 6.216858634582380500e-02 6.076942112920601796e-02 5.901350688437415060e-02 5.694967786424025985e-02 5.461203588874509463e-02 5.202683856972908222e-02 4.933398236815075832e-02 4.652862863759136408e-02 4.365691766004880375e-02 4.073689450541716217e-02 3.783595747847451340e-02 3.486791226698322810e-02 3.210410431426288791e-02 2.934174599502831216e-02 2.666566349526919635e-02 2.406826068965362345e-02 2.156204920062395475e-02 1.914366974195564827e-02 1.682130056567298498e-02 1.463158856184861717e-02 1.245659026287748543e-02 1.038805903354315247e-02 8.394513822491660865e-03 6.510808934000558192e-03 4.849311224159252171e-03 5.352554973215719464e-02 7.535044437298112074e-02 7.672073030337864252e-02 7.756111999847471739e-02 7.772962576416894698e-02 7.721396107647671148e-02 7.599165800751506161e-02 7.415025979300865488e-02 7.171808702654904055e-02 6.878509686447094318e-02 6.550489277281913714e-02 6.183632312913871915e-02 5.802411842175502626e-02 5.414110833919411753e-02 5.023679924146658843e-02 4.642263346161572268e-02 4.263951220459985536e-02 3.889866369970763904e-02 3.541759628530322807e-02 3.203640563657905033e-02 2.881126815189491083e-02 2.572168579399916957e-02 2.281861817921249092e-02 1.997947240075305386e-02 1.727046952505676553e-02 1.459411747135908044e-02 1.209629592921709559e-02 9.542280091419269930e-03 7.039829293021649531e-03 4.531428235609646915e-03 2.019736972856556439e-03 1.321774437107803735e+01 7.216585232279142115e-02 6.169169861112294012e-02 5.261418685045086280e-02 4.472616028917700270e-02 3.787610776937273827e-02 3.193906936493731696e-02 2.680481004082853336e-02 2.237355381830767598e-02 1.855381738084162235e-02 1.526321790482358491e-02 1.242916586061215342e-02 9.989070396296205120e-03 7.889803504821235949e-03 6.086909211039969077e-03 4.543873094649871630e-03 3.230628485506887443e-03 2.122456752901057033e-03 1.199638974764003288e-03 4.465281495524870575e-04 -1.486568361245447036e-04 -5.968651650351691502e-04 -9.088354633804671167e-04 -1.096407115204790133e-03 -1.172177943719956723e-03 -1.149554569369285557e-03 -1.041723194206045167e-03 -8.613854708913381772e-04 -6.205028156063417850e-04 -3.305604027046259185e-04 0.000000000000000000e+00
4.739412313417201705e-02 6.376317374505426072e-02 6.472152322211024988e-02 6.528283943931782740e-02 6.544108784361402087e-02 6.516221846395156558e-02 6.442640960988169074e-02 6.326715894328219236e-02 6.169933942487136613e-02 5.977075353897384757e-02 5.751688081705795541e-02 5.496875789369606163e-02 5.227300034556722069e-02 4.942853754107216779e-02 4.648728001261627496e-02 4.347387612784858746e-02 4.046063250668363587e-02 3.734575150960461193e-02 3.446585155701581415e-02 3.155847855972401111e-02 2.872292607899513614e-02 2.597346053395017951e-02 2.330763557124661961e-02 2.072656017600069123e-02 1.823825252926241508e-02 1.588285755981928837e-02 1.353652738356814038e-02 1.129407404574953554e-02 9.122014672790135573e-03 7.050328936527913183e-03 5.182399386475225814e-03 5.124020851609113747e-02 7.597951139351764860e-02 7.793014155606352300e-02 7.925270341846879507e-02 7.991598355135386134e-02 7.985838481534342226e-02 7.903325524949482428e-02 7.751216910908789726e-02 7.531341366045855856e-02 7.252650910697837350e-02 6.931410461988016247e-02 6.564115847723622776e-02 6.177005162200627231e-02 5.778337417480128996e-02 5.374165143409675993e-02 4.976644458818387656e-02 4.580867127393051935e-02 4.187596789166922462e-02 3.822598731314822557e-02 3.465626859456490128e-02 3.124142043622852097e-02 2.796282793913018941e-02 2.487007353917884689e-02 2.183724029167048719e-02 1.893145753095050801e-02 1.605057958352614986e-02 1.334428530125380055e-02 1.056998565296271911e-02 7.831103171395455836e-03 5.061057875422402853e-03 2.242385919240970620e-03 1.480030325573190808e+01 8.420783353133880211e-02 7.254851411430987551e-02 6.235806495427340806e-02 5.342718959786518784e-02 4.560367401770373114e-02 3.876261269183520902e-02 3.279374551939215343e-02 2.759675073198474687e-02 2.307898445361437553e-02 1.915634612764660974e-02 1.575397401284088159e-02 1.280647423596685541e-02 1.025757276826586538e-02 8.059280615937823578e-03 6.171246219778919913e-03 4.559332195478343723e-03 3.194630299966596653e-03 2.053306181992793633e-03 1.115710643508056096e-03 3.663362558431280795e-04 -2.092301178863773643e-04 -6.249092033667584273e-04 -8.954555140285947248e-04 -1.036093553031781694e-03 -1.062671976716444543e-03 -9.906359196227417993e-04 -8.348032178390050366e-04 -6.091858784619863564e-04 -3.273528695677901078e-04 0.000000000000000000e+00
4.516609256051964255e-02 6.398301247342473574e-02 6.528283943931782740e-02 6.623215686271699543e-02 6.676426708316766934e-02 6.683942136082686447e-02 6.642332525416809463e-02 6.553943910471995982e-02 6.419387445603057241e-02 6.243196464962254277e-02 6.028973021227640450e-02 5.780286733942186644e-02 5.512405488281819921e-02 5.225650540084269408e-02 4.925813262754146632e-02 4.616101370972793688e-02 4.304295015237585842e-02 3.979655137170491630e-02 3.679467965285440623e-02 3.374484768816608110e-02 3.076462608992037995e-02 2.785951072431704437e-02 2.503592437216311042e-02 2.229409896408864056e-02 1.964150190054443287e-02 1.712150110456168300e-02 1.460458968361250803e-02 1.218823713821557894e-02 9.836826245982791331e-03 7.575063455419278613e-03 5.496018675614134166e-03 4.885112472445427012e-02 7.620456244194813433e-02 7.862533695974480152e-02 8.049697528157075122e-02 8.169655985799918751e-02 8.214698545878151847e-02 8.177327976504292217e-02 8.062894762300654161e-02 7.871574813816782645e-02 7.612035549232647191e-02 7.301306714033736767e-02 6.936548112419640977e-02 6.545740753334337858e-02 6.138228579248071470e-02 5.721285968062091165e-02 5.308233312685122635e-02 4.895372066327067367e-02 4.483915441808670327e-02 4.101209086906765916e-02 3.725588341820613297e-02 3.365492559233239367e-02 3.018934042712457730e-02 2.690981288827231505e-02 2.368688151760965990e-02 2.058793747448316169e-02 1.750615197451896657e-02 1.459386565430401475e-02 1.160192183728757896e-02 8.627234149528574536e-03 5.593872041463752304e-03 2.462225354056759349e-03 1.636791633939608559e+01 9.629033018226547391e-02 8.350422311874693138e-02 7.224451238671958375e-02 6.230145744863088003e-02 5.352396483144544748e-02 4.578905481026297047e-02 3.898824884515358219e-02 3.302235488610697628e-02 2.779907247792200858e-02 2.323387718466278853e-02 1.925069494234924947e-02 1.578216213287369357e-02 1.276949759946257278e-02 1.016164572782374438e-02 7.914747493835673497e-03 5.990822929508717205e-03 4.356923210259646025e-03 2.985195138755978011e-03 1.852040699816134405e-03 9.382479201013614383e-04 2.259456894666225129e-04 -3.019773054302767588e-04 -6.632000785453272176e-04 -8.755849906456438566e-04 -9.574336421927975762e-04 -9.264592605249842095e-04 -7.996019832279380223e-04 -5.929278052399079933e-04 -3.220846675009167242e-04 0.000000000000000000e+00
4.281024946175531615e-02 6.379310202522717188e-02 6.544108784361402087e-02 6.676426708316766934e-02 6.767722677666447584e-02 6.812545419272679481e-02 6.805610521570749916e-02 6.748167210294583884e-02 6.639413540000400904e-02 6.483413539238971901e-02 6.283656685257579810e-02 6.044093303878356194e-02 5.780494252689796081e-02 5.493625788384758762e-02 5.189870232395674132e-02 4.873267259692174586e-02 4.552209923610491676e-02 4.215904243293961545e-02 3.903959494640690114e-02 3.585597601682838365e-02 3.273516795791782397e-02 2.968328668551588334e-02 2.670873748240213535e-02 2.381247493590652256e-02 2.100145518010676504e-02 1.832210925840248306e-02 1.563949217038303544e-02 1.305341228381005914e-02 1.052601662682103867e-02 8.076490217086102971e-03 5.786662015347134730e-03 4.632225016596924067e-02 7.592341377495917532e-02 7.881920083786829456e-02 8.121853758042579807e-02 8.296610104656615414e-02 8.395626422676945311e-02 8.407756252843238964e-02 8.336532252859742143e-02 8.179349817152405111e-02 7.944203703196457689e-02 7.648585485220227298e-02 7.290233676715608679e-02 6.898770200357316751e-02 6.484676086121042571e-02 6.056535150326396860e-02 5.628993876022337500e-02 5.199779679304278313e-02 4.771023394466904211e-02 4.370558449614175139e-02 3.976710387487544102e-02 3.598403583547403473e-02 3.233673768600063558e-02 2.887609642969678550e-02 2.546961562943594187e-02 2.218448540181466866e-02 1.890915279564448631e-02 1.579762469061804162e-02 1.259536481016449577e-02 9.390860983501744461e-03 6.098843484962947897e-03 2.656169512343465721e-03 1.807024480549388912e+01 1.090496176909706849e-01 9.514030476889713539e-02 8.281190151073700156e-02 7.185144878642037158e-02 6.210813228766664390e-02 5.346112051016307931e-02 4.580451850685126475e-02 3.904136035901813184e-02 3.308088463864094358e-02 2.783929041035923535e-02 2.324028940854817177e-02 1.921535940234048515e-02 1.570383600943493427e-02 1.265204665993110121e-02 1.001293059386407572e-02 7.744860986648670863e-03 5.810957132801845317e-03 4.179399290035795168e-03 2.822645837341906244e-03 1.717751311170388068e-03 8.433388937195115996e-04 1.790404076445584289e-04 -2.958193642627318567e-04 -6.018207096444799873e-04 -7.598010981236344875e-04 -7.898299010781540709e-04 -7.110625202296748121e-04 -5.417166958735091268e-04 -2.996166305136366888e-04 0.000000000000000000e+00
4.035426249876829241e-02 6.319054408025007175e-02 6.516221846395156558e-02 6.683942136082686447e-02 6.812545419272679481e-02 6.895292651678115725e-02 6.924359605877984658e-02 6.900890080375503277e-02 6.821386457564541927e-02 6.689280449648334070e-02 6.507683613372608478e-02 6.280746520737073846e-02 6.024577181684509508e-02 5.740389312573513508e-02 5.435018334340300378e-02 5.113473084799730756e-02 4.784809349075216239e-02 4.438529195340756156e-02 4.115769263780210546e-02 3.785145378708078961e-02 3.459994364703588426e-02 3.141109513753564952e-02 2.829479047162351824e-02 2.525291726717514978e-02 2.229188334044034450e-02 1.946113657377107967e-02 1.662023524221456494e-02 1.387121135507039110e-02 1.117382623089830350e-02 8.541475575936685258e-03 6.043893352991580245e-03 4.368224880268282290e-02 7.513441810049446834e-02 7.846545750010347486e-02 8.136020987036352015e-02 8.364313323778223286e-02 8.518449425748311765e-02 8.581975005307188042e-02 8.559241764975736300e-02 8.441886722320665615e-02 8.237020965948499418e-02 7.962110683980666570e-02 7.615172773405400053e-02 7.227255287584585797e-02 6.809929492951094510e-02 6.373088055552302011e-02 5.932865978441756449e-02 5.488634786877708005e-02 5.043782171111300949e-02 4.626074377111868280e-02 4.214700787370458113e-02 3.818859751327389335e-02 3.436682456499549204e-02 3.073289090394086195e-02 2.715151303584332002e-02 2.368945737083925571e-02 2.023028886186931455e-02 1.692907562733345084e-02 1.352670809009418745e-02 1.010164832840570494e-02 6.559247290301561256e-03 2.811785462147320218e-03 1.986317070039725152e+01 1.222037132649912566e-01 1.072035652510473641e-01 9.383491359694785816e-02 8.187820614087347459e-02 7.118167919284559830e-02 6.162662695617375508e-02 5.311042773759470925e-02 4.553944183470951673e-02 3.882573678431589653e-02 3.288753536564621022e-02 2.764951817046695445e-02 2.304301446447819604e-02 1.900629176765316133e-02 1.548369208671448137e-02 1.242542458828863744e-02 9.786562507617843978e-03 7.526537432087743867e-03 5.609736502973316358e-03 4.004788718130780113e-03 2.685083644244286825e-03 1.625777909833852697e-03 8.032590426204015265e-04 1.938540684467852991e-04 -2.257535518526222794e-04 -4.789603004186068834e-04 -5.882236966705936326e-04 -5.749526015107276136e-04 -4.595548169317375197e-04 -2.620597386411565189e-04 0.000000000000000000e+00
3.781309287066138280e-02 6.216858634582380500e-02 6.442640960988169074e-02 6.642332525416809463e-02 6.805610521570749916e-02 6.924359605877984658e-02 6.993336444102395133e-02 7.003652829161861881e-02 6.955920165680319622e-02 6.851127100791243318e-02 6.691486718261209499e-02 6.481009130896241144e-02 6.235983234613391712e-02 5.957362419710887647e-02 5.653316124000762333e-02 5.329257664235138164e-02 4.995057112796499887e-02 4.640808842268682316e-02 4.308607487298029420e-02 3.967155882493156316e-02 3.630255042595766785e-02 3.298947464779118655e-02 2.974372380227552348e-02 2.656828957654904649e-02 2.346901017591228669e-02 2.049857936050936483e-02 1.751048700353530566e-02 1.460931817582387764e-02 1.175225257736874432e-02 8.946685292158973457e-03 6.249617359528560415e-03 4.094813605443633348e-02 7.383313356220468082e-02 7.754003087245850412e-02 8.087442393369467797e-02 8.364847454153728767e-02 8.570415169809407485e-02 8.695009779003741446e-02 8.719155322133835539e-02 8.645793577103769167e-02 8.476851279305147591e-02 8.228729288934615027e-02 7.899025056646839793e-02 7.519868171902492626e-02 7.103513000591027415e-02 6.661382826999298623e-02 6.211026513942961153e-02 5.753701348857211129e-02 5.294325807510217446e-02 4.860343360664810125e-02 4.432417378279757125e-02 4.019950891459737885e-02 3.621258909966976886e-02 3.241558819611428666e-02 2.867035061184824984e-02 2.504350217042593946e-02 2.141332695762004565e-02 1.793611018573927976e-02 1.434835656057000669e-02 1.071745599709834039e-02 6.939418343233795701e-03 2.901494711872808652e-03 2.178725126307891458e+01 1.359237625417747675e-01 1.198541322133165332e-01 1.054673792015903971e-01 9.253248717920918576e-02 8.089424004615722308e-02 7.043500159961706142e-02 6.105532675184767444e-02 5.266543971847754968e-02 4.518116023463505937e-02 3.852382883085250787e-02 3.262019875619157766e-02 2.740247881642610822e-02 2.280875235128810435e-02 1.878211211985109791e-02 1.527062948139480160e-02 1.222655774100485718e-02 9.606007196535744017e-03 7.369864975611351531e-03 5.483162890972267077e-03 3.915808009928435467e-03 2.639639116200859746e-03 1.627924733638603204e-03 8.541003170527658754e-04 2.922065337803793133e-04 -8.362336210178381479e-05 -2.981474078191570422e-04 -3.749414526205984994e-04 -3.365103929958394185e-04 -2.049791786478233585e-04 0.000000000000000000e+00
3.525463080092307300e-02 6.076942112920601796e-02 6.326715894328219236e-02 6.553943910471995982e-02 6.748167210294583884e-02 6.900890080375503277e-02 7.003652829161861881e-02 7.050279995299427171e-02 7.036565272064095045e-02 6.962478228595900265e-02 6.828907034885464689e-02 6.639262028528740422e-02 6.409665707417629144e-02 6.141148919995124966e-02 5.841905371388859264e-02 5.518504446689866116e-02 5.181535307200103857e-02 4.821924075782742236e-02 4.482223630613901139e-02 4.131823140331066652e-02 3.784866248598717925e-02 3.442707427559255767e-02 3.106660463916275858e-02 2.777160893039338357e-02 2.454734028169096305e-02 2.145077124893787074e-02 1.832719643616556593e-02 1.528530487788868665e-02 1.227920468663185917e-02 9.309946280169014224e-03 6.420774178895874429e-03 3.819013618276714817e-02 7.206803002915224132e-02 7.607929498337753782e-02 7.978334221608640586e-02 8.298987966079078571e-02 8.553475890439851681e-02 8.725318929467973383e-02 8.802742869051156938e-02 8.777807225632065780e-02 8.650963760748639486e-02 8.436920592162315546e-02 8.131804226177610784e-02 7.768394484506670195e-02 7.359323527137248688e-02 6.917007264510090236e-02 6.460655029965785279e-02 5.993543339016733223e-02 5.522326610074067971e-02 5.074014956703891410e-02 4.631223684620708325e-02 4.203574183409682086e-02 3.789678089317577436e-02 3.394998422023118995e-02 3.005351261898069407e-02 2.627513602325028119e-02 2.248668523942324443e-02 1.884779107503959175e-02 1.508928970900180744e-02 1.126708431190156026e-02 7.267738081410379455e-03 2.952686481338740506e-03 2.365540644506469548e+01 1.490882298585308186e-01 1.320661926766372452e-01 1.167706454719567993e-01 1.029564743236854180e-01 9.046360910538915612e-02 7.917492094883440967e-02 6.899423397362752786e-02 5.983624197686224916e-02 5.162149069599331064e-02 4.427561999214493088e-02 3.772871614672627244e-02 3.191512410117539056e-02 2.677389293414945276e-02 2.224789345561304504e-02 1.828394444793163959e-02 1.483222858105820441e-02 1.184616553922257509e-02 9.283658687421002254e-03 7.106566534966690663e-03 5.281649390831321539e-03 3.777694437051129072e-03 2.565056158755895602e-03 1.614432482088407452e-03 8.973179944798774770e-04 3.854520548438462022e-04 5.180904501922142856e-05 -1.293496348491360271e-04 -1.826345349616109118e-04 -1.322764846075748452e-04 0.000000000000000000e+00
3.269347429801574417e-02 5.901350688437415060e-02 6.169933942487136613e-02 6.419387445603057241e-02 6.639413540000400904e-02 6.821386457564541927e-02 6.955920165680319622e-02 7.036565272064095045e-02 7.057111270494313693e-02 7.015877312025146917e-02 6.911784917011377927e-02 6.747083463235370449e-02 6.537507854605204005e-02 6.283371214994280807e-02 5.993049187071138040e-02 5.673988197517280951e-02 5.337519077605287071e-02 4.975600694673115720e-02 4.630811490475057052e-02 4.273735771805402262e-02 3.918779077662210703e-02 3.567673902565652450e-02 3.221942250173311789e-02 2.882195804045432908e-02 2.548886934797285619e-02 2.228490235060610544e-02 1.904000898917597093e-02 1.587250121441343559e-02 1.273215042463778264e-02 9.613368340235834905e-03 6.544798689385743912e-03 3.542625277730252625e-02 6.987213116612688013e-02 7.410871804387615669e-02 7.809885496746368783e-02 8.165492889494117834e-02 8.461031015324697868e-02 8.678045243012368071e-02 8.804713996793564479e-02 8.829024616010248960e-02 8.748374598898268906e-02 8.574970436744992763e-02 8.301565822988446475e-02 7.961399612589321884e-02 7.566494122540316780e-02 7.130019268502743590e-02 6.672697401435512266e-02 6.199923654464427336e-02 5.720219310560628601e-02 5.260147732123934827e-02 4.804640017946434916e-02 4.363610086394401760e-02 3.936091327445737087e-02 3.528109591646346604e-02 3.124787341781769257e-02 2.733379485919950821e-02 2.340026835061791849e-02 1.961831907657505397e-02 1.570746134733857352e-02 1.171321626403711881e-02 7.512842345691313727e-03 2.941805583092477108e-03 2.549509302316776882e+01 1.617968667911599545e-01 1.439301494501425416e-01 1.278311296969618094e-01 1.132368725885243704e-01 9.997982968820791350e-02 8.794163933279558476e-02 7.702844888209414709e-02 6.715916493961711364e-02 5.825936344372080467e-02 5.025969031079817462e-02 4.309453547753888669e-02 3.670150768557797066e-02 3.102174933550737312e-02 2.599899691342846125e-02 2.157981482901442580e-02 1.771321704208521711e-02 1.435071976697587827e-02 1.144792077681595910e-02 8.964097933051019124e-03 6.863368186695056015e-03 5.111897961917125609e-03 3.677502640879351352e-03 2.528461069795430796e-03 1.633990339464317428e-03 9.636810311097992847e-04 4.884516788501391772e-04 1.805903092811522335e-04 1.356273310038309095e-05 -3.878314041960062759e-05 0.000000000000000000e+00
3.016739596038847671e-02 5.694967786424025985e-02 5.977075353897384757e-02 6.243196464962254277e-02 6.483413539238971901e-02 6.689280449648334070e-02 6.851127100791243318e-02 6.962478228595900265e-02 7.015877312025146917e-02 7.008258850180848487e-02 6.935569405263530829e-02 6.799267749998634536e-02 6.614382974250888891e-02 6.379313840974655536e-02 6.102476203711972025e-02 5.792029423459027493e-02 5.459966700021127994e-02 5.099403397338786448e-02 4.752521239683352161e-02 4.391535302815621072e-02 4.031048863902351315e-02 3.673241104779217253e-02 3.319867367207677417e-02 2.971778038826382654e-02 2.629215221524394339e-02 2.301364559253629705e-02 1.965612648612888660e-02 1.637881810233618451e-02 1.312025662945117029e-02 9.867649376790348092e-03 6.634205533998258596e-03 3.269732809524344974e-02 6.730890292178420831e-02 7.169191150562745363e-02 7.588248878121389707e-02 7.969954257899131145e-02 8.297955422775381285e-02 8.553114046647372626e-02 8.723803942478332296e-02 8.795453966370977983e-02 8.762600888030082358e-02 8.635913252577062660e-02 8.400006409302378241e-02 8.090862835793685703e-02 7.717807665634848768e-02 7.294273391544041363e-02 6.842241002683019380e-02 6.369166623161401364e-02 5.885447845121393601e-02 5.417185464434630393e-02 4.951900899037703363e-02 4.499895266171942410e-02 4.060721300905947156e-02 3.641830218233253064e-02 3.226364046341213820e-02 2.823284975267032967e-02 2.415438489891596346e-02 2.025640460504292070e-02 1.621293407070517612e-02 1.206705829413595027e-02 7.687452470696492200e-03 2.883981405964597313e-03 2.724482355430277991e+01 1.736597494207054448e-01 1.550793830456765332e-01 1.383047477869724651e-01 1.230523174469975167e-01 1.091447336434345217e-01 9.646059670460864488e-02 8.490717357548961675e-02 7.440698041927938655e-02 6.489055785176153779e-02 5.629392720215709023e-02 4.855648243083655891e-02 4.162002896256542656e-02 3.542881535635199197e-02 2.992848337796408242e-02 2.506634702755329222e-02 2.079119460465967198e-02 1.705349772419408397e-02 1.380730907207280457e-02 1.101000942654250560e-02 8.623667280290386178e-03 6.612348801266494658e-03 4.941786175041166553e-03 3.578232816744576685e-03 2.488963104470743974e-03 1.641720044964877032e-03 1.005625846215096701e-03 5.512249715154441624e-04 2.502753209769583353e-04 7.491519662293995882e-05 0.000000000000000000e+00
2.769863781371251915e-02 5.461203588874509463e-02 5.751688081705795541e-02 6.028973021227640450e-02 6.283656685257579810e-02 6.507683613372608478e-02 6.691486718261209499e-02 6.828907034885464689e-02 6.911784917011377927e-02 6.935569405263530829e-02 6.905422634431186701e-02 6.789501274759356109e-02 6.634161961912049543e-02 6.422833266268056229e-02 6.164369616745015573e-02 5.867407704345026925e-02 5.544411328814462941e-02 5.189674234740546122e-02 4.844519980413663357e-02 4.483174838330883372e-02 4.120382737020438640e-02 3.758879205643757965e-02 3.400607812035856548e-02 3.047266546777904414e-02 2.700132916878298511e-02 2.351276602418249373e-02 2.015282663838990559e-02 1.679599115158959821e-02 1.344238870298567270e-02 1.007652505005580436e-02 6.696662956257243456e-03 3.002674309475510464e-02 6.442458750936647105e-02 6.887765514078771079e-02 7.318449515472297273e-02 7.717305998933843281e-02 8.068703551719640099e-02 8.353609894720388784e-02 8.561253033523635869e-02 8.675861360584835591e-02 8.691065374993832415e-02 8.604062351750256521e-02 8.412443901325429574e-02 8.142912638588349628e-02 7.799853980822553379e-02 7.397236720645128383e-02 6.957973277941581491e-02 6.491328383652641976e-02 6.009423992736568493e-02 5.537767702236740669e-02 5.066649020328201775e-02 4.606750214892826878e-02 4.157728254784493621e-02 3.734336209630330361e-02 3.306198919129652025e-02 2.890520077742848165e-02 2.487515245317162629e-02 2.078068878373113756e-02 1.661313371440164069e-02 1.233270319699433966e-02 7.794634817551943616e-03 2.782349062059029290e-03 2.872559967750711607e+01 1.837941586601561372e-01 1.646931938785676786e-01 1.474242190291629451e-01 1.316835941616296690e-01 1.172838707426092780e-01 1.041000800719336650e-01 9.204013054429789620e-02 8.102988163205045169e-02 7.100483657951472960e-02 6.190666315607762371e-02 5.368028210482651830e-02 4.627242548571501579e-02 3.963129892629144169e-02 3.370537514306481963e-02 2.844366388146577634e-02 2.379565833973926528e-02 1.971167744067979163e-02 1.614505026578720581e-02 1.305202361234859484e-02 1.039330358629414822e-02 8.131477008034966591e-03 6.230742571546293851e-03 4.655817828811891108e-03 3.372460225267945658e-03 2.346942785600186765e-03 1.546922932682716703e-03 9.414911143284593808e-04 5.009564993177637775e-04 1.959828465899484079e-04 0.000000000000000000e+00
2.527742820832222514e-02 5.202683856972908222e-02 5.496875789369606163e-02 5.780286733942186644e-02 6.044093303878356194e-02 6.280746520737073846e-02 6.481009130896241144e-02 6.639262028528740422e-02 6.747083463235370449e-02 6.799267749998634536e-02 6.789501274759356109e-02 6.726899728013972790e-02 6.597019519042963964e-02 6.412158990340570408e-02 6.176406975990005738e-02 5.897899197025448931e-02 5.589054779134736833e-02 5.245128932809073330e-02 4.906101881867060838e-02 4.548396736088963083e-02 4.186792619674214316e-02 3.824522690845635897e-02 3.464439255863516892e-02 3.107358026950415505e-02 2.754754605846518670e-02 2.408468485194916603e-02 2.062183250151065558e-02 1.719226216115567196e-02 1.375946347936411046e-02 1.029973997311211913e-02 6.795997530844010912e-03 2.740481991887762717e-02 6.125813365906816743e-02 6.571749481640692947e-02 7.006923583099131103e-02 7.415132959406141311e-02 7.781664609407012989e-02 8.088003540305702121e-02 8.324529931196661403e-02 8.474810562819887205e-02 8.530661012647793029e-02 8.489739964299293506e-02 8.355252797592899183e-02 8.123703170427581943e-02 7.816291745952690107e-02 7.442065202183603678e-02 7.023641938113843464e-02 6.571300660494519552e-02 6.098446699757969353e-02 5.629766726317343706e-02 5.158464259039072242e-02 4.696010504322445378e-02 4.244795679899690533e-02 3.801498301661723062e-02 3.373181652354508703e-02 2.952077898771555964e-02 2.532721427275582207e-02 2.119433186231306152e-02 1.694053587958347859e-02 1.255526574942528520e-02 7.889162926614996449e-03 2.704225580067597893e-03 3.038251732110197167e+01 1.942883237966837318e-01 1.746487236160712830e-01 1.568834754660249908e-01 1.406636503055989362e-01 1.257874896174715207e-01 1.121230525974393905e-01 9.957622756960550492e-02 8.807418337316712253e-02 7.755588806888817632e-02 6.796761360672563812e-02 5.925917009818286452e-02 5.138190829667773490e-02 4.428795381792436509e-02 3.792876618793719623e-02 3.225535065372642923e-02 2.721829387737918077e-02 2.276819689410586670e-02 1.885812343530901200e-02 1.544364228422407358e-02 1.248454747649513884e-02 9.942372475982114502e-03 7.780190362114582439e-03 5.961561666226899807e-03 4.451090043451249971e-03 3.213909933307490356e-03 2.216532994294081755e-03 1.426903626283004822e-03 8.141788870403162369e-04 3.478311975008320381e-04 0.000000000000000000e+00
2.298894468529822169e-02 4.933398236815075832e-02 5.227300034556722069e-02 5.512405488281819921e-02 5.780494252689796081e-02 6.024577181684509508e-02 6.235983234613391712e-02 6.409665707417629144e-02 6.537507854605204005e-02 6.614382974250888891e-02 6.634161961912049543e-02 6.597019519042963964e-02 6.499979876961549385e-02 6.345045848242780728e-02 6.136392231670745323e-02 5.881384909491153834e-02 5.592022158878552640e-02 5.264246288197969165e-02 4.936136872487855570e-02 4.586524138326171507e-02 4.230106983954556865e-02 3.870731316315945830e-02 3.511543722059567302e-02 3.154012464928105525e-02 2.799517263169780737e-02 2.451159294784365297e-02 2.100665411944512007e-02 1.752906563865931286e-02 1.403828450530735829e-02 1.050486650126853695e-02 6.897366587313560025e-03 2.492421114139636504e-02 5.797696735254748851e-02 6.238650909406002337e-02 6.671875138254711179e-02 7.082211679226882439e-02 7.455961117707127217e-02 7.775623841260854985e-02 8.032640576155782031e-02 8.211014302829504341e-02 8.302329685662442060e-02 8.304388410886950900e-02 8.209770119597648019e-02 8.024782015353773557e-02 7.757987267205883331e-02 7.419254198394593935e-02 7.029810387560737894e-02 6.600033928597950905e-02 6.143964900532695311e-02 5.684931697289991037e-02 5.219006782854977711e-02 4.758072695580799205e-02 4.305098396540236322e-02 3.862540788044147716e-02 3.428208597640235167e-02 3.001700187940979994e-02 2.575368058261454096e-02 2.155566407385577435e-02 1.722835456281343949e-02 1.275558078596233415e-02 7.981933522674102000e-03 2.649245047759782833e-03 3.164318775879518242e+01 2.023547384939469174e-01 1.824047533431024659e-01 1.643538862140825063e-01 1.478514451401156116e-01 1.326830386181605537e-01 1.187104511116981870e-01 1.058377399396379648e-01 9.399336405290598107e-02 8.311967949718597481e-02 7.316754979881677501e-02 6.409178662933597004e-02 5.584863540037586505e-02 4.839458088015659298e-02 4.168464780619573345e-02 3.567251633596232180e-02 3.031059806925308006e-02 2.555054990852607955e-02 2.134592369547264057e-02 1.765234282859064197e-02 1.442936719328473914e-02 1.163811061698546111e-02 9.241073063692291714e-03 7.201158448755768694e-03 5.482237151168049480e-03 4.048652886048218977e-03 2.866057557049675030e-03 1.901458350276386856e-03 1.122990832970202071e-03 4.989805636896107186e-04 0.000000000000000000e+00
2.081425241877246993e-02 4.652862863759136408e-02 4.942853754107216779e-02 5.225650540084269408e-02 5.493625788384758762e-02 5.740389312573513508e-02 5.957362419710887647e-02 6.141148919995124966e-02 6.283371214994280807e-02 6.379313840974655536e-02 6.422833266268056229e-02 6.412158990340570408e-02 6.345045848242780728e-02 6.221147057966310706e-02 6.042812737571986309e-02 5.816002599572655390e-02 5.551569844166454742e-02 5.245697203607622289e-02 4.933907528990837121e-02 4.597538560558666471e-02 4.250995024313872217e-02 3.898709436519764288e-02 3.544267150425964297e-02 3.189601779799926262e-02 2.836287677138559990e-02 2.487948600314620826e-02 2.136070260200727614e-02 1.785891418069453576e-02 1.433313689817868573e-02 1.074926394880754144e-02 7.063103866410973611e-03 2.256316235021745345e-02 5.457881695933908955e-02 5.889074917985848839e-02 6.314865837029509654e-02 6.721128630185210784e-02 7.095286887511614848e-02 7.419672548300258741e-02 7.689439704876846471e-02 7.887571975429640003e-02 8.006327264833057455e-02 8.043268906986195121e-02 7.988176773217113558e-02 7.846035507539245168e-02 7.623038014632144144e-02 7.325937321967652960e-02 6.973729027639317957e-02 6.575391126548250920e-02 6.144972648143072480e-02 5.703651997876904578e-02 5.250403954007021312e-02 4.797365170803090384e-02 4.348514172340329359e-02 3.908043458646705964e-02 3.472776105064492858e-02 3.044023290354005984e-02 2.614077068179869803e-02 2.189746239238984232e-02 1.751833278700706126e-02 1.298057274494416463e-02 8.124404210063338252e-03 2.674838430577999165e-03 3.262393119634480598e+01 2.084465204928859505e-01 1.883627279149287514e-01 1.701930596977297983e-01 1.535670564676394068e-01 1.382582180819374174e-01 1.241218209622644147e-01 1.110595434622634464e-01 9.900051880624380352e-02 8.788994192479263057e-02 7.768286679099291325e-02 6.833890917197661674e-02 5.981921555861486467e-02 5.208483179190962625e-02 4.509471167108996398e-02 3.880570106605366054e-02 3.317260753047440724e-02 2.814878121083325482e-02 2.368891546478837928e-02 1.974934823518308125e-02 1.629004518705663013e-02 1.327231644465985509e-02 1.065866433284471011e-02 8.411874191464215750e-03 6.495577560317988830e-03 4.873767665456242397e-03 3.511638901592350342e-03 2.375617990047329715e-03 1.433127744286830487e-03 6.515968807292576992e-04 0.000000000000000000e+00
1.876380674953859531e-02 4.365691766004880375e-02 4.648728001261627496e-02 4.925813262754146632e-02 5.189870232395674132e-02 5.435018334340300378e-02 5.653316124000762333e-02 5.841905371388859264e-02 5.993049187071138040e-02 6.102476203711972025e-02 6.164369616745015573e-02 6.176406975990005738e-02 6.136392231670745323e-02 6.042812737571986309e-02 5.896551382602450292e-02 5.701388269089108229e-02 5.466724392695872931e-02 5.188219013209881963e-02 4.898096520934281523e-02 4.580335016097461520e-02 4.248685899218111739e-02 3.908080353257498835e-02 3.562530389976312911e-02 3.214412776466092636e-02 2.865586942085681169e-02 2.519997562741472033e-02 2.169515689355660387e-02 1.819409018269100772e-02 1.465720116362873374e-02 1.104686368325670694e-02 7.308049739456169529e-03 2.033473803251198073e-02 5.112255700209944465e-02 5.529815299019689295e-02 5.943650486786950654e-02 6.340583769909569067e-02 6.708966068233880586e-02 7.032327686101429165e-02 7.306758455909351246e-02 7.516414665862297673e-02 7.654229794336306347e-02 7.717908747403470771e-02 7.696570221824799996e-02 7.594051895058274992e-02 7.414830583460839397e-02 7.162969482137193644e-02 6.854773985872217312e-02 6.495575628929069201e-02 6.099348483689855799e-02 5.683784792912624506e-02 5.250939474765851239e-02 4.812715693865992489e-02 4.374075891631640928e-02 3.940303293263217044e-02 3.508601452569377194e-02 3.081183910860313402e-02 2.650890094280325404e-02 2.224544201228158963e-02 1.783843972953929810e-02 1.325958766580162193e-02 8.346787006767336300e-03 2.811946138901537905e-03 3.322849817998515931e+01 2.119939111608767357e-01 1.920101995937166517e-01 1.739392590714382569e-01 1.573943157763446343e-01 1.421382548314453487e-01 1.280202601817944930e-01 1.149395191720606196e-01 1.028255257960487973e-01 9.162599014021208244e-02 8.129993329318248307e-02 7.181173773023004359e-02 6.312760139980223839e-02 5.521345682832316804e-02 4.803266884825395378e-02 4.154584709090353156e-02 3.571086852222574853e-02 3.048351265354696735e-02 2.582035624044119043e-02 2.167920351217950126e-02 1.802114820412910670e-02 1.480839173590468502e-02 1.200408998955197412e-02 9.571515599335561272e-03 7.474616332893264936e-03 5.677533060275300608e-03 4.145453464704915506e-03 2.844625922516033981e-03 1.742112626349878084e-03 8.047424991692365449e-04 0.000000000000000000e+00
1.682218456529569611e-02 4.073689450541716217e-02 4.347387612784858746e-02 4.616101370972793688e-02 4.873267259692174586e-02 5.113473084799730756e-02 5.329257664235138164e-02 5.518504446689866116e-02 5.673988197517280951e-02 5.792029423459027493e-02 5.867407704345026925e-02 5.897899197025448931e-02 5.881384909491153834e-02 5.816002599572655390e-02 5.701388269089108229e-02 5.540536301485517873e-02 5.338816853897027093e-02 5.092326243577843803e-02 4.828704666899319431e-02 4.534970022626071129e-02 4.223530164048275304e-02 3.899619440805302678e-02 3.567565990683679855e-02 3.230137046612843732e-02 2.889509543690036569e-02 2.549860697976003357e-02 2.203800939461622241e-02 1.856492786936041889e-02 1.504266502273500332e-02 1.143129554472729729e-02 7.667057813985523641e-03 1.822089062065285897e-02 4.763088657957871563e-02 5.164098862556798508e-02 5.562580200833523725e-02 5.946238080486013905e-02 6.304283262145483901e-02 6.621080839738170687e-02 6.894174761199330093e-02 7.108558842189392768e-02 7.258168720568036747e-02 7.341220469082383737e-02 7.347428739202306602e-02 7.279864128416005387e-02 7.142324163283021721e-02 6.936966930627048999e-02 6.673853825638571824e-02 6.360401341768033567e-02 6.006255299065035858e-02 5.623916802310146429e-02 5.219550326933612011e-02 4.803754011122238904e-02 4.382228719022766145e-02 3.961001409786437527e-02 3.538095629179260210e-02 3.116372936887660053e-02 2.689549392049571039e-02 2.264303895373717332e-02 1.823638822341067806e-02 1.364345688691019805e-02 8.702070219967059442e-03 3.114871826971617880e-03 3.342436189116474310e+01 2.128442453320806560e-01 1.931989981040257154e-01 1.754461929072444193e-01 1.591874187813673291e-01 1.441774202409598082e-01 1.302604292373897021e-01 1.173335141325730635e-01 1.053264802339648615e-01 9.418931918096686007e-02 8.388475271482043194e-02 7.438176966449154548e-02 6.565160656211371792e-02 5.766522560248155127e-02 5.039071754616863963e-02 4.379289668921787504e-02 3.783324641089452073e-02 3.247059462985504852e-02 2.766404223316389771e-02 2.337353124786895053e-02 1.956194075783233149e-02 1.619301021255522069e-02 1.323116538519510110e-02 1.064074525012985092e-02 8.386547345179668975e-03 6.433349558323916279e-03 4.746780329456132437e-03 3.293318513659595267e-03 2.040037461261250736e-03 9.535049498143455390e-04 0.000000000000000000e+00
1.502560714644626469e-02 3.783595747847451340e-02 4.046063250668363587e-02 4.304295015237585842e-02 4.552209923610491676e-02 4.784809349075216239e-02 4.995057112796499887e-02 5.181535307200103857e-02 5.337519077605287071e-02 5.459966700021127994e-02 5.544411328814462941e-02 5.589054779134736833e-02 5.592022158878552640e-02 5.551569844166454742e-02 5.466724392695872931e-02 5.338816853897027093e-02 5.171820321500635032e-02 4.960430385410703746e-02 4.726338749554716973e-02 4.461525604382726717e-02 4.175379609007263265e-02 3.873159642613196313e-02 3.559295811706764817e-02 3.236830053354403103e-02 2.908235282839490010e-02 2.577854572349676243e-02 2.239273686019783993e-02 1.897484135298926552e-02 1.549230459711391054e-02 1.190411141540335255e-02 8.139800998729206094e-03 1.626507064460068833e-02 4.417652034037875680e-02 4.799982802996054926e-02 5.180610927248202602e-02 5.548082280244057141e-02 5.892372725724846078e-02 6.198575848204211647e-02 6.465601440139348566e-02 6.679252116576814280e-02 6.834559302045689622e-02 6.930432573985462197e-02 6.957879482299247909e-02 6.919614275664899561e-02 6.819193510982178574e-02 6.657083733953127191e-02 6.441446253689951662e-02 6.175630365943803740e-02 5.870086438593422051e-02 5.525195043918011695e-02 5.156691003490216502e-02 4.770776239313855721e-02 4.373424344149251519e-02 3.971012000388122326e-02 3.562466283161003916e-02 3.151137999976210552e-02 2.731815165913616811e-02 2.310949293618496173e-02 1.873156792791109623e-02 1.415027011012529382e-02 9.205527813444441820e-03 3.594218208473405358e-03 3.314766318457386518e+01 2.108389054438205568e-01 1.917738469677273128e-01 1.745564850159674330e-01 1.587835585341524913e-01 1.442058930601154143e-01 1.306652955359917656e-01 1.180581161383858074e-01 1.063151100057261045e-01 9.538870964116788476e-02 8.524522228135161805e-02 7.585805146845492342e-02 6.720331814581687047e-02 5.925694797892272492e-02 5.199184513190821533e-02 4.537723681387998559e-02 3.937853164890529195e-02 3.395802558663005982e-02 2.907781229092646497e-02 2.470050205177763691e-02 2.079130970930403999e-02 1.731608344471669003e-02 1.424108408110860008e-02 1.153226039281772010e-02 9.155772115979224010e-03 7.077520747936208965e-03 5.264038166028975688e-03 3.682473766452759676e-03 2.300332148632143036e-03 1.084330501991534381e-03 0.000000000000000000e+00
