3.378642812201880681e-03 2.584230230121384916e-03 2.491224228615383351e-03 2.401325508374165842e-03 2.304702098183231563e-03 2.211022316837003236e-03 2.118141792328729570e-03 2.017557984709103004e-03 1.918466708028116136e-03 1.812249176758423371e-03 1.715847561098156164e-03 1.619432238771767408e-03 1.517641208792975442e-03 1.404908906816526668e-03 1.308164098474036115e-03 1.227107056624500078e-03 1.125915793800213397e-03 1.043442675552087038e-03 9.296836406236322087e-04 8.792535858939477030e-04 7.722488334867600888e-04 6.404627426027182041e-04 5.958863308827312688e-04 5.170028292291274424e-04 4.301952931381669218e-04 3.730629662018863620e-04 3.222226833277373769e-04 2.005668853054438667e-04 1.761158531219341166e-04 5.024219626422711055e-05 3.577233467429630134e-05 3.378644525091369782e-03 2.556930154045624574e-03 2.456219002952369623e-03 2.361093778463177039e-03 2.256866712829493082e-03 2.154100622506678522e-03 2.068372948828679000e-03 1.953555446995263768e-03 1.849613912596913788e-03 1.740944649174038655e-03 1.640570777792839082e-03 1.544055363752196673e-03 1.442250714234596335e-03 1.331823418153129084e-03 1.238689764426184527e-03 1.167225407570084269e-03 1.069973318004839797e-03 9.978295248767663893e-04 9.004698920927865649e-04 8.604001480999033148e-04 7.676034004114620736e-04 6.579950629279393125e-04 5.961889498100094971e-04 5.273705003679429217e-04 4.782053271683322951e-04 4.106647455871946691e-04 3.390287744935481865e-04 2.829391822431683739e-04 2.509021584106083114e-04 1.396505549914426746e-04 9.691721598206600667e-05 5.736337189966237825e-04 1.022563567968921231e-03 1.055212126703014867e-03 1.151380852419873211e-03 1.116277715564318240e-03 1.170293340841944280e-03 1.177172276840561310e-03 1.197238590444260967e-03 1.222622649354172461e-03 1.235837764526579027e-03 1.239642874871519848e-03 1.232569046554828334e-03 1.212219881425891533e-03 1.178961931704335065e-03 1.137404155029827797e-03 1.157690404189138820e-03 1.100378072034881912e-03 1.037173649360131162e-03 9.615179568021631640e-04 8.972096771517687345e-04 8.385661897363211716e-04 7.823718748799708992e-04 7.300553570400625161e-04 6.794882008905558284e-04 6.367921570304017681e-04 5.957058681295082517e-04 5.585276855264672581e-04 5.229990474957242706e-04 4.978625751603629789e-04 5.018934009428599680e-04 5.635891975018967551e-04
2.584230230121384916e-03 1.375470048321783545e-02 1.439916824610198813e-02 1.493753235004614301e-02 1.534090445146253992e-02 1.569251292198040396e-02 1.590122365816766525e-02 1.601326217688386899e-02 1.598168246195751097e-02 1.586962744954458979e-02 1.565291995499871677e-02 1.530129869306415084e-02 1.489940812602042267e-02 1.441222605269633361e-02 1.383329257589756278e-02 1.319767210562615943e-02 1.249283587457699143e-02 1.175641993968288071e-02 1.092828401236665622e-02 1.012160763544427307e-02 9.275270397762014687e-03 8.359822354075435030e-03 7.508662267777130479e-03 6.605791417320746282e-03 5.746079436570333994e-03 4.877301516539966734e-03 4.116450529190715350e-03 3.206494065691587424e-03 2.427168123899673020e-03 1.600455316218619625e-03 8.252930371130847960e-04 2.584260135949819660e-03 1.403686301482670595e-02 1.468793160748573315e-02 1.520903835407439765e-02 1.557909073326014041e-02 1.588054164564456014e-02 1.600386002475864475e-02 1.605368946505801586e-02 1.594186552898698220e-02 1.574014015401250036e-02 1.543011443957700499e-02 1.499930776475290328e-02 1.450588537538431352e-02 1.393333104827347221e-02 1.327568362649921355e-02 1.258209355643419118e-02 1.180974022743209485e-02 1.102385136320620934e-02 1.015958598661428035e-02 9.336530828694171447e-03 8.450471485748990708e-03 7.517837137653503483e-03 6.613521479965272197e-03 5.685895433293796514e-03 4.815584697748194649e-03 3.914494484115661754e-03 3.081179079524275482e-03 2.214102480396548406e-03 1.381473636897679377e-03 4.321206716736136224e-04 -4.801028346948621028e-04 3.370965841920567623e-04 3.698368504712314965e-03 4.958389143839091358e-03 6.532839581444930752e-03 8.137209308441053363e-03 9.982866745907915257e-03 1.175326669546326690e-02 1.351245479518949424e-02 1.513473901490162109e-02 1.658449998972428771e-02 1.782356738429291543e-02 1.884043618350714558e-02 1.960839663533180816e-02 2.010497404343565206e-02 2.032137022303090804e-02 2.038586501640448495e-02 2.007518121799607008e-02 1.946230258249589604e-02 1.855377863763488580e-02 1.739317278854339566e-02 1.599519800586320442e-02 1.438592329117171185e-02 1.259468570450849104e-02 1.070127370735464087e-02 8.709866374460025623e-03 6.720274256469014468e-03 4.726329204676844517e-03 2.775536898295251440e-03 9.441476350223946927e-04 -6.622223528439520439e-04 -1.900013754853296065e-03
2.491224228615383351e-03 1.439916824610198813e-02 1.513886173880793148e-02 1.571875462580130459e-02 1.620235694159491077e-02 1.662788882229441004e-02 1.688948519502825665e-02 1.704515698999364837e-02 1.704170508085292232e-02 1.695201375656636700e-02 1.674784840805109559e-02 1.639618259512469825e-02 1.598843587027667934e-02 1.548758392388551071e-02 1.488483801399461022e-02 1.421748526873630424e-02 1.347452748763064596e-02 1.269424965704005551e-02 1.181728695101591509e-02 1.095289951317939686e-02 1.005034676743246647e-02 9.072258560630578131e-03 8.157134676897732223e-03 7.186466466256669419e-03 6.263043727090722955e-03 5.324455505377360259e-03 4.498948938658913627e-03 3.518849102079739301e-03 2.670603061721069354e-03 1.782705626557332156e-03 9.376029422526960602e-04 2.491251707071865783e-03 1.471553113141911215e-02 1.546892713916709315e-02 1.601498255586486161e-02 1.647439233308072362e-02 1.684859208527146254e-02 1.701765578926497241e-02 1.710746990334140183e-02 1.701717419762593941e-02 1.683091034992866691e-02 1.652580377759696809e-02 1.608823971483860568e-02 1.558123767002489446e-02 1.498766067508572331e-02 1.429940967350420977e-02 1.356816081594718580e-02 1.275241694709511146e-02 1.191810807921765344e-02 1.100035435483041543e-02 1.011856172170980464e-02 9.172355211929730801e-03 8.173427827506770174e-03 7.202182778053871880e-03 6.202751364787040256e-03 5.264980130375387403e-03 4.290793216466075310e-03 3.388681972632007211e-03 2.448811653173014330e-03 1.542634838996438272e-03 5.167764655952045757e-04 -4.745193981280584222e-04 3.143940208166587391e-04 3.689940192531213688e-03 5.002181414089651099e-03 6.664391749342774007e-03 8.393293438010008059e-03 1.036631511388132199e-02 1.226749583092717408e-02 1.416347707090665799e-02 1.591978772099942457e-02 1.749780282843271806e-02 1.885584163019901616e-02 1.998130670087847061e-02 2.084446993510697538e-02 2.141965676790346523e-02 2.169598851581514692e-02 2.181109910840045921e-02 2.152761314362109518e-02 2.091544463372116414e-02 1.998435892822255505e-02 1.878031549356224891e-02 1.731826626687107962e-02 1.562571330483230117e-02 1.373419387811433169e-02 1.173021693290923415e-02 9.618128863730306122e-03 7.505385732912673094e-03 5.384170741174356019e-03 3.304374405415874596e-03 1.346793765449631189e-03 -3.756777613664295801e-04 -1.709473990873241296e-03
2.401325508374165842e-03 1.493753235004614301e-02 1.571875462580130459e-02 1.668692583469013127e-02 1.699919531851707202e-02 1.750602757039222690e-02 1.782070948758388701e-02 1.802352950355545769e-02 1.805184564176583878e-02 1.799063271731012395e-02 1.780484051413698879e-02 1.745992430273338863e-02 1.705320514961390296e-02 1.654526120441851891e-02 1.592548771388392279e-02 1.523288841798365288e-02 1.445805455811059737e-02 1.364006284087188395e-02 1.272054301527057382e-02 1.180429868263677129e-02 1.085131938168555285e-02 9.817052724356485974e-03 8.842953627936403146e-03 7.811243823925659302e-03 6.831298682006188040e-03 5.829965255881782230e-03 4.946628428045806922e-03 3.903219039083030088e-03 2.991809193401785260e-03 2.047609609887023844e-03 1.135819672016784602e-03 2.401350766232941258e-03 1.527832705710821179e-02 1.605918012343303738e-02 1.711555553853390255e-02 1.733472664904520469e-02 1.778186132467456451e-02 1.799419882553495581e-02 1.812625621727191605e-02 1.806035047770235963e-02 1.789523339682670688e-02 1.760033076248313302e-02 1.716221931381112231e-02 1.664782154954939225e-02 1.603902342742139983e-02 1.532610314959499676e-02 1.456262864256778304e-02 1.370879022139425904e-02 1.283110829849716181e-02 1.186484537359424642e-02 1.092884896498768146e-02 9.927030014565975044e-03 8.866501228603943657e-03 7.832239417061161169e-03 6.765374493893317083e-03 5.765066874486325481e-03 4.722411333459607292e-03 3.755929527574010385e-03 2.747627870391829239e-03 1.771896207694336790e-03 6.723475781459986372e-04 -3.952265588879273523e-04 2.970371633203894345e-04 3.731204752448182872e-03 5.089043013295073935e-03 6.829300290466060880e-03 8.669873871148679051e-03 1.075359294400818344e-02 1.276610799348269071e-02 1.477853632765947951e-02 1.664903854392430285e-02 1.833594329786396304e-02 1.979564388620460094e-02 2.101551666796333886e-02 2.196338741141387954e-02 2.261054583922557024e-02 2.294398985711355865e-02 2.311101778469702023e-02 2.285959565614804553e-02 2.225590177736499337e-02 2.131245302753905987e-02 2.007722469505964641e-02 1.856542645303746464e-02 1.680569354063309387e-02 1.483099860012638410e-02 1.273340868788337861e-02 1.051682448363605756e-02 8.295630797775420395e-03 6.060177832316357253e-03 3.862280998648216692e-03 1.786829736665734684e-03 -4.650104663504925058e-05 -1.474624261238175523e-03
2.304702098183231563e-03 1.534090445146253992e-02 1.620235694159491077e-02 1.699919531851707202e-02 1.793077052420589956e-02 1.825449334740375865e-02 1.861104583921864911e-02 1.886628852636830500e-02 1.893326238322576988e-02 1.891254845206654170e-02 1.875726691923702838e-02 1.843256427261610875e-02 1.804106795308714484e-02 1.754008326588256048e-02 1.691777565700627178e-02 1.621424278360051111e-02 1.542185066581805257e-02 1.458089753011163579e-02 1.363287873522479703e-02 1.267975482182906628e-02 1.169076967625459762e-02 1.061381053516152057e-02 9.589570145221109829e-03 8.501290399881409124e-03 7.463913766370293586e-03 6.394304690519696070e-03 5.446339298561397521e-03 4.331616243622974163e-03 3.349367247371664615e-03 2.342118522189590851e-03 1.357569930994343777e-03 2.304725207908799641e-03 1.570958694668419392e-02 1.658437356126088447e-02 1.740288646244935247e-02 1.830723635487980713e-02 1.855319334759523986e-02 1.880068277814946759e-02 1.898269937312036665e-02 1.894952548860488750e-02 1.881881065077927948e-02 1.854709149174663466e-02 1.812253641538753499e-02 1.761527787350928784e-02 1.700546011113115291e-02 1.628228664192683459e-02 1.550039370093254064e-02 1.462205086973117525e-02 1.371432160959290200e-02 1.271199534498519169e-02 1.173418368091167473e-02 1.068868924453401752e-02 9.578034103899008347e-03 8.490486916618919869e-03 7.364220366057839737e-03 6.307675923373473603e-03 5.200541118502615204e-03 4.172599240548456948e-03 3.097517143702016151e-03 2.053640905331530903e-03 8.809795312476053101e-04 -2.618975229791319277e-04 2.775699775462589177e-04 3.575417560801145977e-03 4.969599389297896762e-03 6.774792270666012139e-03 8.716856518633119347e-03 1.090554153405168779e-02 1.303155858935056179e-02 1.517313542597796029e-02 1.718116164115345013e-02 1.900711712723062580e-02 2.060157344907146901e-02 2.194821471910903335e-02 2.301046740469522497e-02 2.375647620975907676e-02 2.417209650466572296e-02 2.441613478702926027e-02 2.422257104681700343e-02 2.365410261467773209e-02 2.272659749992521350e-02 2.149029139885424988e-02 1.996101222401655551e-02 1.816843362374461618e-02 1.614634247003227802e-02 1.399137838440674998e-02 1.170645951244185003e-02 9.412491554684924988e-03 7.098038807417971982e-03 4.816834957696025654e-03 2.658028619942471703e-03 7.484221630271655499e-04 -7.386475880823350441e-04
2.211022316837003236e-03 1.569251292198040396e-02 1.662788882229441004e-02 1.750602757039222690e-02 1.825449334740375865e-02 1.881782093578628079e-02 1.925366941489174352e-02 1.958138592728730920e-02 1.969362904289480298e-02 1.972381659662391165e-02 1.960550004995447945e-02 1.930675946865120091e-02 1.893553916989077629e-02 1.844478590383052258e-02 1.782209716953948864e-02 1.710800074611799546e-02 1.629662664554332174e-02 1.542885382072273388e-02 1.444898058414959170e-02 1.345133599853661974e-02 1.241693835318316563e-02 1.128923830617023158e-02 1.020872537518453978e-02 9.064793776008359810e-03 7.978688758039828230e-03 6.850682370768356420e-03 5.857697042748835972e-03 4.679251403341471056e-03 3.636008155344965225e-03 2.573637743479411863e-03 1.521476312696054068e-03 2.211043522396228481e-03 1.608843411804397952e-02 1.704398270118160849e-02 1.794199163959672022e-02 1.864973187166623844e-02 1.915204075410369827e-02 1.947351142358400705e-02 1.973038820116192540e-02 1.973922021194346454e-02 1.965590735724410953e-02 1.941611468734095319e-02 1.901304309855151101e-02 1.851991519716663509e-02 1.791435406016460979e-02 1.718525808366440019e-02 1.638769013356862134e-02 1.548649960201402970e-02 1.454881201402542096e-02 1.351073324721699734e-02 1.248891495972209026e-02 1.139639221191582341e-02 1.023234085633125713e-02 9.087683914356454312e-03 7.899948709878815839e-03 6.787481075647577335e-03 5.616184152112618268e-03 4.532123784303185646e-03 3.389939699112629132e-03 2.279178638782570869e-03 1.033604224791669253e-03 -1.854797400891820271e-04 2.626500885659131357e-04 3.422162674350362737e-03 4.824058381371107429e-03 6.666764522986950124e-03 8.680685989091704857e-03 1.094000593101398383e-02 1.314113049884936546e-02 1.537078237174059961e-02 1.747391887745324002e-02 1.939681199928055058e-02 2.108724532261457493e-02 2.252760909368806477e-02 2.367813088267228805e-02 2.450392553754705133e-02 2.498929469798735759e-02 2.530523869267266301e-02 2.516938265062106106e-02 2.463941377693524420e-02 2.373404119367582624e-02 2.250532026596049548e-02 2.096930751407394614e-02 1.915618728212640370e-02 1.709964696255463629e-02 1.489995883068825910e-02 1.255816632101579462e-02 1.020143920480322264e-02 7.816205695115853447e-03 5.457925956449825346e-03 3.219794192312930119e-03 1.235344073010659566e-03 -3.125607431015049471e-04
2.118141792328729570e-03 1.590122365816766525e-02 1.688948519502825665e-02 1.782070948758388701e-02 1.861104583921864911e-02 1.925366941489174352e-02 1.979700702765447087e-02 2.017476452600128548e-02 2.032267447181950598e-02 2.041834449030000692e-02 2.034762524250256430e-02 2.008662341898992398e-02 1.974976627030367027e-02 1.928260867310362461e-02 1.867344534422433339e-02 1.796215155117366138e-02 1.714507397123719509e-02 1.626407691487161827e-02 1.526496241063492534e-02 1.423655572315341011e-02 1.316924886740101011e-02 1.200675675469019786e-02 1.088335940736889253e-02 9.706358686068035715e-03 8.515394559663286983e-03 7.364031066483633751e-03 6.295010086910635128e-03 5.078207039212891995e-03 3.978528477541647991e-03 2.863304279265403880e-03 1.745375223208093249e-03 2.118161145181197708e-03 1.631361326273974080e-02 1.732635997608151374e-02 1.827807458462424664e-02 1.902968138693155592e-02 1.961005342203062801e-02 2.014776399433044693e-02 2.035873667691349281e-02 2.039741309027859328e-02 2.037567746044034386e-02 2.017833485386546707e-02 1.980860663851304743e-02 1.934318186836066211e-02 1.875464081086309839e-02 1.803276084520770775e-02 1.723171697275416650e-02 1.631962097433952569e-02 1.536360658163197536e-02 1.430037531461628500e-02 1.324519709984628597e-02 1.211486911984351218e-02 1.090976630286184801e-02 9.717381057528165153e-03 8.478823068770660956e-03 7.308604171751089708e-03 6.085534860513183361e-03 4.932215450105084491e-03 3.738876770295677856e-03 2.566793168359180269e-03 1.252689483374715661e-03 -3.883882955924145274e-05 2.498003652109483433e-04 3.260929320141124198e-03 4.656783879610504502e-03 6.521272243857420201e-03 8.590425085274510167e-03 1.090186201535594049e-02 1.316005223852452152e-02 1.546193430294947983e-02 1.764788703973394976e-02 1.965839511165045836e-02 2.143885982310790236e-02 2.297051824460634786e-02 2.421064764344987852e-02 2.512167692250954348e-02 2.568668937114607434e-02 2.608919011948459057e-02 2.603033790087287344e-02 2.556183335551746524e-02 2.470472848612525682e-02 2.351225492534643122e-02 2.200027326011044088e-02 2.019893786828729984e-02 1.814105541717197026e-02 1.592967990367892897e-02 1.356319842556987475e-02 1.117454729894461728e-02 8.747596427472031574e-03 6.339211358297239078e-03 4.046449229382248144e-03 2.009610782546613662e-03 4.217367879877058226e-04
2.017557984709103004e-03 1.601326217688386899e-02 1.704515698999364837e-02 1.802352950355545769e-02 1.886628852636830500e-02 1.958138592728730920e-02 2.017476452600128548e-02 2.070105435623638412e-02 2.077786588677059745e-02 2.098638654446187413e-02 2.097831782293062969e-02 2.076726956826446119e-02 2.047917393264825706e-02 2.004742563554572088e-02 1.946308337920718556e-02 1.876417753385377363e-02 1.794990273084194274e-02 1.706322408120813580e-02 1.605163890375219116e-02 1.499882501531642036e-02 1.391145308879913368e-02 1.270094988698743446e-02 1.153403460686010761e-02 1.030149517233915069e-02 9.120131748934992219e-03 7.892012480002281311e-03 6.774942417596024544e-03 5.496055162217911537e-03 4.337222882073311046e-03 3.166684480898517527e-03 1.980090208731348500e-03 2.017575555271452700e-03 1.644022428432836969e-02 1.750161942872534293e-02 1.850452910503988177e-02 1.931458961601308782e-02 1.997507946578519489e-02 2.046962184988949246e-02 2.091461597605471720e-02 2.088349457721968769e-02 2.097414546243580799e-02 2.083637843407777288e-02 2.051411452859920603e-02 2.009125718378283396e-02 1.953183961699720902e-02 1.882859316399843053e-02 1.803347997468719016e-02 1.711888892875733023e-02 1.615185616325998455e-02 1.506995311578272767e-02 1.398755374034615744e-02 1.283326150428815149e-02 1.157449089920044999e-02 1.033822483527999103e-02 9.048363026278637491e-03 7.838736284162241275e-03 6.555046513468374726e-03 5.349352428200460259e-03 4.093441897971067910e-03 2.858216512871545375e-03 1.474260155711830389e-03 1.061902564697953639e-04 2.077849750300503524e-04 3.075020205314199593e-03 4.452161092279176974e-03 6.324719419956661808e-03 8.435090819241411811e-03 1.078221164670418140e-02 1.308017408147020381e-02 1.543727328042417656e-02 1.768987722815110533e-02 1.977219477165798739e-02 2.162770314122973436e-02 2.323693199609632581e-02 2.455463392736562458e-02 2.554069631821009878e-02 2.617689235956625893e-02 2.666008097664772022e-02 2.667411227274144730e-02 2.626426023239031293e-02 2.545448434378375785e-02 2.429960695599629045e-02 2.281574109327027741e-02 2.103329915104954970e-02 1.898408214445357345e-02 1.677366308298981062e-02 1.439685609858545878e-02 1.199198910941745577e-02 9.539362366572075660e-03 7.096552961609151576e-03 4.763703708586832647e-03 2.687187416167814355e-03 1.069959615247790315e-03
1.918466708028116136e-03 1.598168246195751097e-02 1.704170508085292232e-02 1.805184564176583878e-02 1.893326238322576988e-02 1.969362904289480298e-02 2.032267447181950598e-02 2.077786588677059745e-02 2.139233661793365007e-02 2.150373516348697694e-02 2.152789651251111117e-02 2.136095537281025927e-02 2.113247365536366149e-02 2.074736902009056971e-02 2.020161432136725541e-02 1.952827211035210175e-02 1.872993602490743634e-02 1.785043270467579629e-02 1.683823464456752489e-02 1.577210784954677716e-02 1.466535074922492923e-02 1.343633923468416300e-02 1.223618068429722060e-02 1.096829356572756771e-02 9.753144537120212940e-03 8.479369252565267800e-03 7.316675387741637324e-03 5.987474987852009836e-03 4.777112861974456247e-03 3.556185985708397619e-03 2.305911057915430596e-03 1.918482598700773419e-03 1.641391013964188864e-02 1.750700241040180349e-02 1.854533781875273082e-02 1.939932747970673013e-02 2.011044500452028455e-02 2.064206327042901815e-02 2.102168232377498239e-02 2.155082184300153442e-02 2.152258678359789817e-02 2.141435235205858129e-02 2.113647822273748145e-02 2.076731831533753722e-02 2.024879103561213339e-02 1.957854488465228179e-02 1.880293957791343701e-02 1.789957725505671518e-02 1.693491510038054940e-02 1.584686790386402935e-02 1.474883653442520849e-02 1.357176125424400942e-02 1.229063281357098067e-02 1.102028811862744949e-02 9.693008413023444791e-03 8.447113727489194770e-03 7.118237330969645268e-03 5.868034911455896271e-03 4.563260208545750519e-03 3.277436014884592581e-03 1.837677039661175619e-03 4.052434515647503370e-04 2.095748002692066384e-04 2.869280347480728747e-03 4.213553999921944813e-03 6.077003362168849690e-03 8.212350742421480401e-03 1.057832899665213378e-02 1.290185597147767461e-02 1.530438904378406996e-02 1.762047628048586320e-02 1.977795395582814322e-02 2.171921350493560138e-02 2.342407639376983472e-02 2.484407408888875818e-02 2.593498088186266259e-02 2.667524655909746592e-02 2.727304935901158495e-02 2.739564150385273220e-02 2.708216666068695086e-02 2.636060013458157644e-02 2.528772952801133095e-02 2.387922958050421249e-02 2.216370557560321322e-02 2.016939904855391194e-02 1.800274383794910060e-02 1.565408670263103083e-02 1.326749911220690727e-02 1.081990032170541786e-02 8.369875805593486595e-03 6.020572124159045101e-03 3.924721686034147831e-03 2.297378772940312543e-03
1.812249176758423371e-03 1.586962744954458979e-02 1.695201375656636700e-02 1.799063271731012395e-02 1.891254845206654170e-02 1.972381659662391165e-02 2.041834449030000692e-02 2.098638654446187413e-02 2.150373516348697694e-02 2.193523927492583431e-02 2.187484560324955488e-02 2.177194618530802622e-02 2.163207620503442702e-02 2.131090564992199621e-02 2.081983329432375920e-02 2.018447522586271775e-02 1.941281392635224937e-02 1.854975224833014386e-02 1.754470546201468417e-02 1.647245046471896776e-02 1.535449296601476034e-02 1.410609018513368611e-02 1.287755174666657676e-02 1.157743035228627621e-02 1.032911547418250732e-02 9.010539088749325298e-03 7.799597219083748666e-03 6.418078531642044428e-03 5.151784371663348065e-03 3.869193405732088923e-03 2.533080914093404322e-03 1.812263399779546211e-03 1.630541130446517412e-02 1.742448970546566986e-02 1.849590588397279425e-02 1.939680960211453628e-02 2.016581128063946876e-02 2.076930906054438170e-02 2.126869106320650529e-02 2.168237077633362528e-02 2.196810844480944977e-02 2.179287331864488558e-02 2.158721083276405467e-02 2.130126923701676153e-02 2.084170354047175377e-02 2.022095001105140427e-02 1.947693619854969430e-02 1.859491217672257571e-02 1.764064320896014879e-02 1.655240123030007199e-02 1.544340720613504060e-02 1.424939478087749144e-02 1.294174162689828989e-02 1.163734638766693134e-02 1.027219337415081514e-02 8.985950521935777077e-03 7.605764119980313112e-03 6.301342376445319936e-03 4.935471610799453852e-03 3.580684832253976015e-03 2.058377585130395215e-03 5.091661188464854113e-04 1.755473718936957617e-04 2.620813383813332294e-03 3.900845345108568899e-03 5.724955980352643137e-03 7.856777479062005895e-03 1.020999488559804977e-02 1.252528907817852463e-02 1.493769977670926855e-02 1.728038835112245819e-02 1.947501832698873489e-02 2.146448645482686851e-02 2.322995312585836650e-02 2.472191932162473224e-02 2.589366611006825580e-02 2.672102558659928198e-02 2.742440111407151021e-02 2.765218384890818018e-02 2.743447473228736652e-02 2.680130505787799156e-02 2.580985993698889369e-02 2.447542866011007817e-02 2.282643921985586313e-02 2.088951228068501934e-02 1.877367475750670381e-02 1.646412945208788892e-02 1.411054351582976228e-02 1.168441476758155621e-02 9.243565128497411090e-03 6.891348865999625574e-03 4.784801960702737833e-03 3.152570011648938263e-03
1.715847561098156164e-03 1.565291995499871677e-02 1.674784840805109559e-02 1.780484051413698879e-02 1.875726691923702838e-02 1.960550004995447945e-02 2.034762524250256430e-02 2.097831782293062969e-02 2.152789651251111117e-02 2.187484560324955488e-02 2.226623944506421829e-02 2.205500057105659259e-02 2.205229430314479405e-02 2.180985217042082439e-02 2.139099870695758063e-02 2.080791406565858301e-02 2.007703367331294814e-02 1.924405647844699280e-02 1.825850054239582312e-02 1.719272841260410106e-02 1.607561043153928407e-02 1.481747529443331809e-02 1.357530638014793276e-02 1.225441311804747330e-02 1.098515646144323718e-02 9.635735103142849603e-03 8.391625177134548128e-03 6.978372873383906043e-03 5.683850307579947463e-03 4.378248407728569172e-03 3.022325914036412282e-03 1.715860135186247221e-03 1.608333964557242396e-02 1.721796366111489479e-02 1.831219436017061594e-02 1.925005907318267512e-02 2.006348181590585436e-02 2.072320577763616528e-02 2.129339968427455473e-02 2.174497750867475029e-02 2.196878956961859433e-02 2.221730624974143850e-02 2.192882463045580516e-02 2.176517053685985900e-02 2.137912969692346010e-02 2.082663692814366516e-02 2.012971299519866406e-02 1.928469929026923116e-02 1.835596407328920349e-02 1.728150626805522588e-02 1.617571921745545802e-02 1.497938304552834214e-02 1.365862039601057829e-02 1.233565689907624788e-02 1.095009000768977329e-02 9.641602666423138013e-03 8.231881613381206858e-03 6.899390358654898352e-03 5.507610722679352581e-03 4.132917833042832473e-03 2.605106248707893951e-03 1.068698092099273607e-03 1.564684432767451104e-04 2.314601687076077354e-03 3.529816738878818229e-03 5.304124134273875343e-03 7.420559464935133111e-03 9.745748796320119478e-03 1.203883458957569555e-02 1.445058764337900717e-02 1.681424325287609461e-02 1.904469283036058433e-02 2.108494542286950060e-02 2.291649467807743007e-02 2.448769486376160473e-02 2.574834811929227474e-02 2.667112371659694642e-02 2.748797237556346862e-02 2.782969616675455213e-02 2.771858148039173589e-02 2.718682299577572514e-02 2.629219196283871449e-02 2.504983204386031920e-02 2.348780228394773198e-02 2.163053736848850189e-02 1.958987041893542336e-02 1.734496699736288658e-02 1.505174694497286511e-02 1.267471403395909781e-02 1.026804192369994324e-02 7.927832729740317760e-03 5.812247180118349475e-03 4.178412168296416138e-03
1.619432238771767408e-03 1.530129869306415084e-02 1.639618259512469825e-02 1.745992430273338863e-02 1.843256427261610875e-02 1.930675946865120091e-02 2.008662341898992398e-02 2.076726956826446119e-02 2.136095537281025927e-02 2.177194618530802622e-02 2.205500057105659259e-02 2.282327300791163471e-02 2.242214720332803141e-02 2.222899939498778482e-02 2.189336537823125331e-02 2.137522918725862434e-02 2.070134299878642961e-02 1.991548851290832201e-02 1.896424101305594495e-02 1.791997729146198315e-02 1.681695301096534229e-02 1.555383977689696676e-02 1.432596940830278484e-02 1.298823459135647548e-02 1.170325765516600641e-02 1.032685027351094853e-02 9.049691968578337659e-03 7.603147763638355011e-03 6.273568879610700449e-03 4.928126954872768216e-03 3.517916855259418246e-03 1.619443337863021772e-03 1.572100733578817716e-02 1.685777726319323544e-02 1.796285886415209185e-02 1.892744191011621474e-02 1.977484793539297653e-02 2.048290675600268965e-02 2.111357416878569676e-02 2.162097707986734840e-02 2.192657862452700515e-02 2.209596052353874837e-02 2.262203257348256377e-02 2.215300186051857856e-02 2.182161435918637121e-02 2.135299190246503845e-02 2.071752153201755764e-02 1.992667849182141321e-02 1.904066405429580972e-02 1.799487680932834038e-02 1.690687115456251249e-02 1.572203886469540277e-02 1.439831963326648583e-02 1.306998500459129881e-02 1.167180981706765659e-02 1.034565776186097998e-02 8.909430732203871620e-03 7.546352636406097186e-03 6.120928502973784456e-03 4.709333573116883387e-03 3.143484656952521238e-03 1.547239408613782083e-03 1.328071707812209022e-04 2.131311424881908185e-03 3.280999491071251960e-03 4.993639227514449358e-03 7.079262345696602649e-03 9.351975258499791235e-03 1.159361802248902451e-02 1.397142029594840296e-02 1.632087202336368961e-02 1.855008132479749050e-02 2.060419618452311377e-02 2.246714461689604606e-02 2.408768651507131944e-02 2.541465070098807011e-02 2.641955049469979153e-02 2.734636311465621708e-02 2.780935267223710178e-02 2.782217033372352821e-02 2.741641742429860168e-02 2.664706038417785985e-02 2.552579307888642318e-02 2.407741868230113200e-02 2.232193578097509470e-02 2.037281708669912497e-02 1.820107813431772262e-02 1.597017107023689098e-02 1.364664104751971661e-02 1.132093620799634083e-02 9.180494478074514852e-03 7.415454513173413628e-03 6.083315083247184916e-03
1.517641208792975442e-03 1.489940812602042267e-02 1.598843587027667934e-02 1.705320514961390296e-02 1.804106795308714484e-02 1.893553916989077629e-02 1.974976627030367027e-02 2.047917393264825706e-02 2.113247365536366149e-02 2.163207620503442702e-02 2.205229430314479405e-02 2.242214720332803141e-02 2.265062227629318151e-02 2.239092078278087303e-02 2.219618726531892572e-02 2.176676615011539917e-02 2.117082392474456745e-02 2.045048904912609433e-02 1.954848838661203334e-02 1.854308213371099953e-02 1.747767978626180857e-02 1.629404334785162708e-02 1.489641640470768837e-02 1.360129381528433871e-02 1.231905719586874268e-02 1.092636725074649581e-02 9.624302101037113949e-03 8.152552881186719488e-03 6.794900812745616886e-03 5.414858427834894072e-03 3.953230548137144466e-03 1.517650784259402157e-03 1.530857409420002813e-02 1.644098487239613327e-02 1.755054509097950938e-02 1.853597276956280016e-02 1.941052793621522374e-02 2.016284202000313483e-02 2.085035818140340905e-02 2.142527808793611571e-02 2.182729399524177202e-02 2.212691248256975704e-02 2.235193200734167732e-02 2.243159774783866703e-02 2.204514590634521279e-02 2.171530299023578803e-02 2.116184532757080586e-02 2.044377451063270068e-02 1.961561170507605811e-02 1.860891164474339984e-02 1.754850649030977733e-02 1.638496804667594064e-02 1.507621277187498089e-02 1.371353966273690904e-02 1.231542369984963206e-02 1.097620434856002268e-02 9.516426794048604351e-03 8.124568421920507627e-03 6.667848815481339231e-03 5.221216510004314700e-03 3.620642559520761191e-03 1.966098224065061101e-03 7.672215365966152101e-05 1.792801955614104457e-03 2.872329520554013811e-03 4.508797266310801688e-03 6.552257540670179334e-03 8.757658056785046913e-03 1.093380814980236294e-02 1.326522189615750476e-02 1.558991349806752164e-02 1.780854464582763350e-02 1.986814776861441784e-02 2.175467904328698410e-02 2.341697674004493065e-02 2.480258633216151157e-02 2.588179597554462683e-02 2.691202659995392890e-02 2.749056210648952864e-02 2.762376896528930675e-02 2.734513441726696761e-02 2.671028295285212198e-02 2.573099945031743704e-02 2.443019350934477751e-02 2.282140314927532873e-02 2.101817244422032882e-02 1.898128051899873603e-02 1.688199170271638752e-02 1.467363469486379114e-02 1.242356938912480939e-02 1.026011147311759256e-02 8.356068693557473087e-03 6.913495206344339589e-03
1.404908906816526668e-03 1.441222605269633361e-02 1.548758392388551071e-02 1.654526120441851891e-02 1.754008326588256048e-02 1.844478590383052258e-02 1.928260867310362461e-02 2.004742563554572088e-02 2.074736902009056971e-02 2.131090564992199621e-02 2.180985217042082439e-02 2.222899939498778482e-02 2.239092078278087303e-02 2.298282460926439480e-02 2.247418178788457982e-02 2.211424991194527179e-02 2.160778674950234249e-02 2.096977523447101158e-02 2.012900906115762042e-02 1.917394429503897768e-02 1.814641207417087496e-02 1.695147337086497230e-02 1.566530594911096780e-02 1.435537675041483052e-02 1.307553712308543586e-02 1.167287991583498136e-02 1.035800373446699521e-02 8.879172778126654536e-03 7.517563316913965232e-03 6.139501942409191816e-03 4.695207237806211208e-03 1.404917050979169555e-03 1.480709972703560945e-02 1.592668751097770993e-02 1.703206040226442480e-02 1.802964426088097399e-02 1.892100989072702591e-02 1.970736817691167916e-02 2.043885848208226025e-02 2.107004994342095983e-02 2.154715458053516400e-02 2.193237617406091494e-02 2.222164792405156505e-02 2.225271994449335225e-02 2.270564341038781159e-02 2.206627010087596624e-02 2.157505090541851980e-02 2.094363627475544914e-02 2.019216320304118018e-02 1.923984890367734860e-02 1.822365653660549048e-02 1.709639002105119501e-02 1.579935773571057231e-02 1.446279881485929876e-02 1.306624729269093010e-02 1.172378623423317272e-02 1.025421369029799225e-02 8.846353248088903096e-03 7.373879438174790572e-03 5.911125549324989722e-03 4.301950765934568072e-03 2.631194994536763601e-03 2.451376750888601742e-04 1.628646956108904809e-03 2.649481938846091553e-03 4.214355161091072263e-03 6.222742217552332776e-03 8.359658431780700449e-03 1.046607787117686227e-02 1.274364561457398161e-02 1.503417456704518769e-02 1.722986166459457638e-02 1.928015774823590989e-02 2.117340725180601527e-02 2.285918166756251493e-02 2.428444778209399788e-02 2.541885527498833133e-02 2.653214047333810402e-02 2.720717536749383755e-02 2.744303631025110657e-02 2.727346015470528268e-02 2.675266023489112147e-02 2.589143493996933637e-02 2.471159520867900750e-02 2.322316206012891779e-02 2.154422027175283832e-02 1.962550789056735634e-02 1.764770280022946378e-02 1.555383438497075568e-02 1.340907450159251231e-02 1.133563069053415175e-02 9.503815481659941625e-03 8.130898298054819659e-03
1.308164098474036115e-03 1.383329257589756278e-02 1.488483801399461022e-02 1.592548771388392279e-02 1.691777565700627178e-02 1.782209716953948864e-02 1.867344534422433339e-02 1.946308337920718556e-02 2.020161432136725541e-02 2.081983329432375920e-02 2.139099870695758063e-02 2.189336537823125331e-02 2.219618726531892572e-02 2.247418178788457982e-02 2.246200823691239107e-02 2.216359327375550664e-02 2.179989627108206568e-02 2.128260337404678029e-02 2.052744454061838919e-02 1.964977966674092552e-02 1.868763303191586095e-02 1.753111561291998896e-02 1.627945146805230558e-02 1.498927725976007160e-02 1.374561681893056095e-02 1.229834155848525193e-02 1.097255127410168632e-02 9.479987676589628556e-03 8.096270634387421963e-03 6.682638967915417380e-03 5.172219998855476231e-03 1.308170835581909863e-03 1.420971149358277695e-02 1.530544408809322160e-02 1.639592995767481104e-02 1.739546917469984161e-02 1.829232884200427539e-02 1.910281506421521863e-02 1.986747040490248473e-02 2.054763620449536615e-02 2.109213386169464521e-02 2.156046111127628631e-02 2.194721741608133062e-02 2.212940016077381139e-02 2.227959707546390763e-02 2.213500860671094306e-02 2.169170352652643671e-02 2.120703539829120812e-02 2.057249274712716000e-02 1.969978317414647351e-02 1.875305485492826177e-02 1.768551529603095904e-02 1.642188100423292926e-02 1.510940164433274488e-02 1.372841953898312761e-02 1.238256955671566267e-02 1.092409498221660717e-02 9.500995665683020786e-03 8.012309810592966458e-03 6.527705187064020489e-03 4.894835006081252847e-03 3.170570524650128189e-03 1.187574830382872134e-04 1.398145892334706937e-03 2.336324013265210411e-03 3.800319639312686043e-03 5.750157767426120579e-03 7.788594503347994608e-03 9.795766015581934202e-03 1.199116759574747962e-02 1.422161915731485864e-02 1.637039922053557320e-02 1.838990822560807384e-02 2.027124592530108599e-02 2.196526290400635864e-02 2.341880309078125944e-02 2.460125347040659216e-02 2.579461192591517293e-02 2.656839488340682551e-02 2.691462708649425967e-02 2.686661022432992527e-02 2.647649842343578405e-02 2.575383464504608227e-02 2.471848339570894074e-02 2.337504768424646107e-02 2.184579730789268370e-02 2.006869810250296732e-02 1.823582288815209923e-02 1.627893634160751737e-02 1.426312142409317738e-02 1.230729735622351946e-02 1.057839088560271965e-02 9.298364122451805575e-03
1.227107056624500078e-03 1.319767210562615943e-02 1.421748526873630424e-02 1.523288841798365288e-02 1.621424278360051111e-02 1.710800074611799546e-02 1.796215155117366138e-02 1.876417753385377363e-02 1.952827211035210175e-02 2.018447522586271775e-02 2.080791406565858301e-02 2.137522918725862434e-02 2.176676615011539917e-02 2.211424991194527179e-02 2.216359327375550664e-02 2.227723221716063767e-02 2.191732975673952102e-02 2.153893656009297358e-02 2.087791388109893828e-02 2.010326284940299607e-02 1.923399356027711421e-02 1.813786844275014354e-02 1.693108861135269455e-02 1.567547677628873190e-02 1.442224056781848951e-02 1.305186765945585969e-02 1.172060830997172579e-02 1.023237485576396558e-02 8.848814717765383572e-03 7.429620389727571890e-03 5.900163046722504273e-03 1.227112517984481517e-03 1.355279295693602622e-02 1.461584213836857223e-02 1.568229557271287600e-02 1.667449785914995944e-02 1.756551095293035561e-02 1.838878489347726963e-02 1.917307075812491046e-02 1.988853551521102200e-02 2.048333880450388389e-02 2.101515638645850420e-02 2.147961167592439199e-02 2.176052735280675776e-02 2.198545767439414461e-02 2.189539872659792413e-02 2.195940982529302060e-02 2.141707284143957307e-02 2.091377377610315752e-02 2.012851892317783775e-02 1.927410952277804068e-02 1.829227931490590153e-02 1.708179946254269332e-02 1.581196272660699911e-02 1.446639689945591022e-02 1.315754585550571454e-02 1.168720193678472394e-02 1.026836913134633947e-02 8.781042845627954133e-03 7.293108851632832366e-03 5.658460048216956174e-03 3.914287275130121611e-03 1.167477864836480360e-04 1.163174890423178008e-03 2.016549038817948714e-03 3.372349128516485828e-03 5.261190932405422627e-03 7.188653259306223772e-03 9.082182973685466731e-03 1.117905538216909349e-02 1.333274301082099621e-02 1.541645631500818993e-02 1.738610321779743978e-02 1.923587071256581058e-02 2.091851613342889452e-02 2.238135852982058721e-02 2.359390897961929912e-02 2.484878346136566718e-02 2.570518394294676184e-02 2.614867188585226140e-02 2.621103732907845499e-02 2.594161608367256955e-02 2.534906702434219436e-02 2.445158517408275653e-02 2.324809036655927502e-02 2.186652737985930045e-02 2.023081365113918104e-02 1.854769888521573540e-02 1.673739919583258628e-02 1.486704093577271256e-02 1.305400937803497322e-02 1.146142114617048312e-02 1.031154578406323283e-02
1.125915793800213397e-03 1.249283587457699143e-02 1.347452748763064596e-02 1.445805455811059737e-02 1.542185066581805257e-02 1.629662664554332174e-02 1.714507397123719509e-02 1.794990273084194274e-02 1.872993602490743634e-02 1.941281392635224937e-02 2.007703367331294814e-02 2.070134299878642961e-02 2.117082392474456745e-02 2.160778674950234249e-02 2.179989627108206568e-02 2.191732975673952102e-02 2.201248043993487766e-02 2.164121089797104575e-02 2.106363998629842693e-02 2.042934149712958766e-02 1.969007661736070156e-02 1.867787336567377360e-02 1.753529429443108009e-02 1.633777971768497414e-02 1.513357542368024868e-02 1.378976432356730439e-02 1.247532732506838847e-02 1.100888653404319753e-02 9.640738163873330963e-03 8.233174073592305214e-03 6.683501280857218237e-03 1.125919657934536027e-03 1.282785100698891068e-02 1.385157008663255758e-02 1.488709960131557632e-02 1.586528743810792716e-02 1.674125712838571770e-02 1.756877893930941861e-02 1.836253465457678841e-02 1.910355542033459475e-02 1.973760690900358897e-02 2.032238027994882207e-02 2.085752309387971584e-02 2.122985015833054462e-02 2.155707398247800818e-02 2.162508099527663333e-02 2.163728503702003897e-02 2.161788465798762313e-02 2.110518281844117952e-02 2.040335450328396860e-02 1.967787913126462992e-02 1.881989511736122112e-02 1.768728015543206619e-02 1.648368400656563190e-02 1.519408676012849388e-02 1.392631035130871033e-02 1.249019211566261209e-02 1.109079408755979206e-02 9.623188732333720977e-03 8.150308557599753034e-03 6.531112571688190219e-03 4.797142947457236697e-03 1.257285311237962562e-04 9.975968648013302728e-04 1.764755509535065846e-03 3.006409806360865050e-03 4.832000604274789418e-03 6.635900666936820139e-03 8.401368181978409108e-03 1.038375802971918532e-02 1.244557032652538094e-02 1.444916384941357171e-02 1.635459393618617085e-02 1.815922986174124329e-02 1.981790032260767262e-02 2.127852441267995623e-02 2.251088314362691481e-02 2.381695269358963252e-02 2.474890009851064832e-02 2.528719320245687713e-02 2.546147752523154895e-02 2.531789778217345688e-02 2.486486409625595154e-02 2.411889582477821925e-02 2.307192523190319464e-02 2.185797674353936321e-02 2.038354868394614758e-02 1.887233250431019985e-02 1.723132701879504652e-02 1.553211549138483992e-02 1.389381219729287145e-02 1.247591404558972931e-02 1.149279849831259630e-02
