3.378642812201880681e-03 2.584230230121384916e-03 2.491224228615383351e-03 2.401325508374165842e-03 2.304702098183231563e-03 2.211022316837003236e-03 2.118141792328729570e-03 2.017557984709103004e-03 1.918466708028116136e-03 1.812249176758423371e-03 1.715847561098156164e-03 1.619432238771767408e-03 1.517641208792975442e-03 1.404908906816526668e-03 1.308164098474036115e-03 1.227107056624500078e-03 1.125915793800213397e-03 1.043442675552087038e-03 9.296836406236322087e-04 8.792535858939477030e-04 7.722488334867600888e-04 6.404627426027182041e-04 5.958863308827312688e-04 5.170028292291274424e-04 4.301952931381669218e-04 3.730629662018863620e-04 3.222226833277373769e-04 2.005668853054438667e-04 1.761158531219341166e-04 5.024219626422711055e-05 3.577233467429630134e-05 3.378644525091369782e-03 2.556930154045624574e-03 2.456219002952369623e-03 2.361093778463177039e-03 2.256866712829493082e-03 2.154100622506678522e-03 2.068372948828679000e-03 1.953555446995263768e-03 1.849613912596913788e-03 1.740944649174038655e-03 1.640570777792839082e-03 1.544055363752196673e-03 1.442250714234596335e-03 1.331823418153129084e-03 1.238689764426184527e-03 1.167225407570084269e-03 1.069973318004839797e-03 9.978295248767663893e-04 9.004698920927865649e-04 8.604001480999033148e-04 7.676034004114620736e-04 6.579950629279393125e-04 5.961889498100094971e-04 5.273705003679429217e-04 4.782053271683322951e-04 4.106647455871946691e-04 3.390287744935481865e-04 2.829391822431683739e-04 2.509021584106083114e-04 1.396505549914426746e-04 9.691721598206600667e-05 5.015008468740616010e+00 1.210060364727088590e-02 1.056027727710318748e-02 9.271692863898360615e-03 8.176140083191747038e-03 7.231361319011444383e-03 6.406338937058253177e-03 5.677918507688578358e-03 5.028722331260147144e-03 4.445670464250695703e-03 3.919006824064845060e-03 3.441591210459418911e-03 3.008331265470171826e-03 2.615720969322216441e-03 2.261298737877431592e-03 1.943168114614050781e-03 1.659707159973400478e-03 1.409042738771539493e-03 1.188924250407464786e-03 9.967443720278375014e-04 8.301023791301041441e-04 6.876969337304961443e-04 5.432657365658953227e-04 5.868425170176438293e-04 3.556051606149974792e-04 2.782425674688738626e-04 2.094926307628376921e-04 1.473276912237094492e-04 9.292925570158637374e-05 4.458045917474924536e-05 0.000000000000000000e+00
2.584230230121384916e-03 1.375470048321783545e-02 1.439916824610198813e-02 1.493753235004614301e-02 1.534090445146253992e-02 1.569251292198040396e-02 1.590122365816766525e-02 1.601326217688386899e-02 1.598168246195751097e-02 1.586962744954458979e-02 1.565291995499871677e-02 1.530129869306415084e-02 1.489940812602042267e-02 1.441222605269633361e-02 1.383329257589756278e-02 1.319767210562615943e-02 1.249283587457699143e-02 1.175641993968288071e-02 1.092828401236665622e-02 1.012160763544427307e-02 9.275270397762014687e-03 8.359822354075435030e-03 7.508662267777130479e-03 6.605791417320746282e-03 5.746079436570333994e-03 4.877301516539966734e-03 4.116450529190715350e-03 3.206494065691587424e-03 2.427168123899673020e-03 1.600455316218619625e-03 8.252930371130847960e-04 2.584260135949819660e-03 1.403686301482670595e-02 1.468793160748573315e-02 1.520903835407439765e-02 1.557909073326014041e-02 1.588054164564456014e-02 1.600386002475864475e-02 1.605368946505801586e-02 1.594186552898698220e-02 1.574014015401250036e-02 1.543011443957700499e-02 1.499930776475290328e-02 1.450588537538431352e-02 1.393333104827347221e-02 1.327568362649921355e-02 1.258209355643419118e-02 1.180974022743209485e-02 1.102385136320620934e-02 1.015958598661428035e-02 9.336530828694171447e-03 8.450471485748990708e-03 7.517837137653503483e-03 6.613521479965272197e-03 5.685895433293796514e-03 4.815584697748194649e-03 3.914494484115661754e-03 3.081179079524275482e-03 2.214102480396548406e-03 1.381473636897679377e-03 4.321206716736136224e-04 -4.801028346948621028e-04 6.462919290921968241e+01 2.119823282275903609e-01 1.874586881392960591e-01 1.661010352788623301e-01 1.472037864884385705e-01 1.302988268662056137e-01 1.150658674567816564e-01 1.012787738123823444e-01 8.877288490927215392e-02 7.742448330794680922e-02 6.713720763952583936e-02 5.783334315207445259e-02 4.944754117824095435e-02 4.192271070474731104e-02 3.520678303574738266e-02 2.925048679014025099e-02 2.400628501641336593e-02 1.942738247090939480e-02 1.546712412977418495e-02 1.207884434381273700e-02 9.212941165617027570e-03 6.809472145180671745e-03 5.038019278525473869e-03 2.093129892550629756e-03 2.140416561331084933e-03 1.200269751826030370e-03 5.455371178005035283e-04 1.452020179245178371e-04 -5.757603045621378284e-05 -9.449345629206171594e-05 0.000000000000000000e+00
2.491224228615383351e-03 1.439916824610198813e-02 1.513886173880793148e-02 1.571875462580130459e-02 1.620235694159491077e-02 1.662788882229441004e-02 1.688948519502825665e-02 1.704515698999364837e-02 1.704170508085292232e-02 1.695201375656636700e-02 1.674784840805109559e-02 1.639618259512469825e-02 1.598843587027667934e-02 1.548758392388551071e-02 1.488483801399461022e-02 1.421748526873630424e-02 1.347452748763064596e-02 1.269424965704005551e-02 1.181728695101591509e-02 1.095289951317939686e-02 1.005034676743246647e-02 9.072258560630578131e-03 8.157134676897732223e-03 7.186466466256669419e-03 6.263043727090722955e-03 5.324455505377360259e-03 4.498948938658913627e-03 3.518849102079739301e-03 2.670603061721069354e-03 1.782705626557332156e-03 9.376029422526960602e-04 2.491251707071865783e-03 1.471553113141911215e-02 1.546892713916709315e-02 1.601498255586486161e-02 1.647439233308072362e-02 1.684859208527146254e-02 1.701765578926497241e-02 1.710746990334140183e-02 1.701717419762593941e-02 1.683091034992866691e-02 1.652580377759696809e-02 1.608823971483860568e-02 1.558123767002489446e-02 1.498766067508572331e-02 1.429940967350420977e-02 1.356816081594718580e-02 1.275241694709511146e-02 1.191810807921765344e-02 1.100035435483041543e-02 1.011856172170980464e-02 9.172355211929730801e-03 8.173427827506770174e-03 7.202182778053871880e-03 6.202751364787040256e-03 5.264980130375387403e-03 4.290793216466075310e-03 3.388681972632007211e-03 2.448811653173014330e-03 1.542634838996438272e-03 5.167764655952045757e-04 -4.745193981280584222e-04 6.862146167379293615e+01 2.273807198915008265e-01 2.013049179584527060e-01 1.785774557456685230e-01 1.584485556364594872e-01 1.404220057868596494e-01 1.241592339945667423e-01 1.094219651455170250e-01 9.603734392509820361e-02 8.387603552311873045e-02 7.283770119634522255e-02 6.284167513462220189e-02 5.382023018461925407e-02 4.571418137728808229e-02 3.846943566772962481e-02 3.203466173813425411e-02 2.636017880915704492e-02 2.139697243778529781e-02 1.709606328779742987e-02 1.340835966500593043e-02 1.028145849696950401e-02 7.651624036968975723e-03 5.703653078298788828e-03 2.482439116351369424e-03 2.501886842878091582e-03 1.451138666487045278e-03 7.097896167132974584e-04 2.446879753368387967e-04 -5.406548712848397857e-06 -7.458075556947319255e-05 0.000000000000000000e+00
2.401325508374165842e-03 1.493753235004614301e-02 1.571875462580130459e-02 1.668692583469013127e-02 1.699919531851707202e-02 1.750602757039222690e-02 1.782070948758388701e-02 1.802352950355545769e-02 1.805184564176583878e-02 1.799063271731012395e-02 1.780484051413698879e-02 1.745992430273338863e-02 1.705320514961390296e-02 1.654526120441851891e-02 1.592548771388392279e-02 1.523288841798365288e-02 1.445805455811059737e-02 1.364006284087188395e-02 1.272054301527057382e-02 1.180429868263677129e-02 1.085131938168555285e-02 9.817052724356485974e-03 8.842953627936403146e-03 7.811243823925659302e-03 6.831298682006188040e-03 5.829965255881782230e-03 4.946628428045806922e-03 3.903219039083030088e-03 2.991809193401785260e-03 2.047609609887023844e-03 1.135819672016784602e-03 2.401350766232941258e-03 1.527832705710821179e-02 1.605918012343303738e-02 1.711555553853390255e-02 1.733472664904520469e-02 1.778186132467456451e-02 1.799419882553495581e-02 1.812625621727191605e-02 1.806035047770235963e-02 1.789523339682670688e-02 1.760033076248313302e-02 1.716221931381112231e-02 1.664782154954939225e-02 1.603902342742139983e-02 1.532610314959499676e-02 1.456262864256778304e-02 1.370879022139425904e-02 1.283110829849716181e-02 1.186484537359424642e-02 1.092884896498768146e-02 9.927030014565975044e-03 8.866501228603943657e-03 7.832239417061161169e-03 6.765374493893317083e-03 5.765066874486325481e-03 4.722411333459607292e-03 3.755929527574010385e-03 2.747627870391829239e-03 1.771896207694336790e-03 6.723475781459986372e-04 -3.952265588879273523e-04 7.239032321617787602e+01 2.419431853734092253e-01 2.144372341424438388e-01 1.904501351440908152e-01 1.691889590109947883e-01 1.501299706984295934e-01 1.329167181097307138e-01 1.172991950131821448e-01 1.030968114540998237e-01 9.017515383047011723e-02 7.843049144834943198e-02 6.777984092605982003e-02 5.815373784011821506e-02 4.949154354106204134e-02 4.173776763379737770e-02 3.483960684912339179e-02 2.874581581360391783e-02 2.340570121524697747e-02 1.876846483976545715e-02 1.478308199444876118e-02 1.139481606437439676e-02 8.536617579433514874e-03 6.407956018751203957e-03 2.912014253283341011e-03 2.893153716288346649e-03 1.726537559543921607e-03 8.931066208386173426e-04 3.577838839833837525e-04 5.524306828577676536e-05 -5.079316217985461502e-05 0.000000000000000000e+00
2.304702098183231563e-03 1.534090445146253992e-02 1.620235694159491077e-02 1.699919531851707202e-02 1.793077052420589956e-02 1.825449334740375865e-02 1.861104583921864911e-02 1.886628852636830500e-02 1.893326238322576988e-02 1.891254845206654170e-02 1.875726691923702838e-02 1.843256427261610875e-02 1.804106795308714484e-02 1.754008326588256048e-02 1.691777565700627178e-02 1.621424278360051111e-02 1.542185066581805257e-02 1.458089753011163579e-02 1.363287873522479703e-02 1.267975482182906628e-02 1.169076967625459762e-02 1.061381053516152057e-02 9.589570145221109829e-03 8.501290399881409124e-03 7.463913766370293586e-03 6.394304690519696070e-03 5.446339298561397521e-03 4.331616243622974163e-03 3.349367247371664615e-03 2.342118522189590851e-03 1.357569930994343777e-03 2.304725207908799641e-03 1.570958694668419392e-02 1.658437356126088447e-02 1.740288646244935247e-02 1.830723635487980713e-02 1.855319334759523986e-02 1.880068277814946759e-02 1.898269937312036665e-02 1.894952548860488750e-02 1.881881065077927948e-02 1.854709149174663466e-02 1.812253641538753499e-02 1.761527787350928784e-02 1.700546011113115291e-02 1.628228664192683459e-02 1.550039370093254064e-02 1.462205086973117525e-02 1.371432160959290200e-02 1.271199534498519169e-02 1.173418368091167473e-02 1.068868924453401752e-02 9.578034103899008347e-03 8.490486916618919869e-03 7.364220366057839737e-03 6.307675923373473603e-03 5.200541118502615204e-03 4.172599240548456948e-03 3.097517143702016151e-03 2.053640905331530903e-03 8.809795312476053101e-04 -2.618975229791319277e-04 7.570289679933139837e+01 2.554711560188122621e-01 2.267146772504114727e-01 2.016274793909978158e-01 1.793768337287960368e-01 1.594133804724032211e-01 1.413639675789290784e-01 1.249676800162503737e-01 1.100368860735296689e-01 9.643273287178064090e-02 8.404875380550265451e-02 7.280030611548531094e-02 6.261686674526044383e-02 5.343701755305272499e-02 4.520453919556221417e-02 3.786582728575645790e-02 3.136869800325173263e-02 2.566138934455079040e-02 2.069188031153786425e-02 1.640773534761940863e-02 1.275239080177388920e-02 9.655959353379805002e-03 7.332427146416522871e-03 3.548027280928959387e-03 3.467246871273904369e-03 2.161388276595296344e-03 1.209579725249443523e-03 5.748930852951630085e-04 1.880099276463217321e-04 1.045416786356423893e-05 0.000000000000000000e+00
2.211022316837003236e-03 1.569251292198040396e-02 1.662788882229441004e-02 1.750602757039222690e-02 1.825449334740375865e-02 1.881782093578628079e-02 1.925366941489174352e-02 1.958138592728730920e-02 1.969362904289480298e-02 1.972381659662391165e-02 1.960550004995447945e-02 1.930675946865120091e-02 1.893553916989077629e-02 1.844478590383052258e-02 1.782209716953948864e-02 1.710800074611799546e-02 1.629662664554332174e-02 1.542885382072273388e-02 1.444898058414959170e-02 1.345133599853661974e-02 1.241693835318316563e-02 1.128923830617023158e-02 1.020872537518453978e-02 9.064793776008359810e-03 7.978688758039828230e-03 6.850682370768356420e-03 5.857697042748835972e-03 4.679251403341471056e-03 3.636008155344965225e-03 2.573637743479411863e-03 1.521476312696054068e-03 2.211043522396228481e-03 1.608843411804397952e-02 1.704398270118160849e-02 1.794199163959672022e-02 1.864973187166623844e-02 1.915204075410369827e-02 1.947351142358400705e-02 1.973038820116192540e-02 1.973922021194346454e-02 1.965590735724410953e-02 1.941611468734095319e-02 1.901304309855151101e-02 1.851991519716663509e-02 1.791435406016460979e-02 1.718525808366440019e-02 1.638769013356862134e-02 1.548649960201402970e-02 1.454881201402542096e-02 1.351073324721699734e-02 1.248891495972209026e-02 1.139639221191582341e-02 1.023234085633125713e-02 9.087683914356454312e-03 7.899948709878815839e-03 6.787481075647577335e-03 5.616184152112618268e-03 4.532123784303185646e-03 3.389939699112629132e-03 2.279178638782570869e-03 1.033604224791669253e-03 -1.854797400891820271e-04 7.842324294821668218e+01 2.664332897674271394e-01 2.367079776856811646e-01 2.107694509054190146e-01 1.877512305820508154e-01 1.670822139450103827e-01 1.483752180839843227e-01 1.313604318733073428e-01 1.158448343693269655e-01 1.016865973135412243e-01 8.877786830788629568e-02 7.703362585685837038e-02 6.638350918094018671e-02 5.676647711513933825e-02 4.812667643079502483e-02 4.041072063243923707e-02 3.356643784697628530e-02 2.754187613109496460e-02 2.228459212632349917e-02 1.774149148619255656e-02 1.385485102919432540e-02 1.055254105967617928e-02 8.064204418021804835e-03 4.015088548149123304e-03 3.901224416838656051e-03 2.480297379852489537e-03 1.433459850189774043e-03 7.223542454053681486e-04 2.739847911603799507e-04 4.802484514709292045e-05 0.000000000000000000e+00
2.118141792328729570e-03 1.590122365816766525e-02 1.688948519502825665e-02 1.782070948758388701e-02 1.861104583921864911e-02 1.925366941489174352e-02 1.979700702765447087e-02 2.017476452600128548e-02 2.032267447181950598e-02 2.041834449030000692e-02 2.034762524250256430e-02 2.008662341898992398e-02 1.974976627030367027e-02 1.928260867310362461e-02 1.867344534422433339e-02 1.796215155117366138e-02 1.714507397123719509e-02 1.626407691487161827e-02 1.526496241063492534e-02 1.423655572315341011e-02 1.316924886740101011e-02 1.200675675469019786e-02 1.088335940736889253e-02 9.706358686068035715e-03 8.515394559663286983e-03 7.364031066483633751e-03 6.295010086910635128e-03 5.078207039212891995e-03 3.978528477541647991e-03 2.863304279265403880e-03 1.745375223208093249e-03 2.118161145181197708e-03 1.631361326273974080e-02 1.732635997608151374e-02 1.827807458462424664e-02 1.902968138693155592e-02 1.961005342203062801e-02 2.014776399433044693e-02 2.035873667691349281e-02 2.039741309027859328e-02 2.037567746044034386e-02 2.017833485386546707e-02 1.980860663851304743e-02 1.934318186836066211e-02 1.875464081086309839e-02 1.803276084520770775e-02 1.723171697275416650e-02 1.631962097433952569e-02 1.536360658163197536e-02 1.430037531461628500e-02 1.324519709984628597e-02 1.211486911984351218e-02 1.090976630286184801e-02 9.717381057528165153e-03 8.478823068770660956e-03 7.308604171751089708e-03 6.085534860513183361e-03 4.932215450105084491e-03 3.738876770295677856e-03 2.566793168359180269e-03 1.252689483374715661e-03 -3.883882955924145274e-05 8.095151893282240962e+01 2.763996724870841915e-01 2.458416108619268237e-01 2.191794692408184919e-01 1.955132903470360173e-01 1.742498614812357793e-01 1.549874467169018721e-01 1.374469033370609994e-01 1.214295795000837064e-01 1.067906552167539880e-01 9.342108901175799618e-02 8.123585506853887861e-02 7.016526853426112431e-02 6.014926057857356706e-02 5.113299390604574696e-02 4.306396000530302720e-02 3.589064091773946918e-02 2.956150046913025298e-02 2.402423667318971320e-02 1.922560650292388235e-02 1.510718382910604916e-02 1.159499500283784658e-02 8.934818046243374334e-03 4.610268041360894575e-03 4.451518514495946509e-03 2.900704889368654286e-03 1.741944410089273565e-03 9.356456556454186306e-04 4.053051654301259338e-04 1.089286145919943194e-04 0.000000000000000000e+00
2.017557984709103004e-03 1.601326217688386899e-02 1.704515698999364837e-02 1.802352950355545769e-02 1.886628852636830500e-02 1.958138592728730920e-02 2.017476452600128548e-02 2.070105435623638412e-02 2.077786588677059745e-02 2.098638654446187413e-02 2.097831782293062969e-02 2.076726956826446119e-02 2.047917393264825706e-02 2.004742563554572088e-02 1.946308337920718556e-02 1.876417753385377363e-02 1.794990273084194274e-02 1.706322408120813580e-02 1.605163890375219116e-02 1.499882501531642036e-02 1.391145308879913368e-02 1.270094988698743446e-02 1.153403460686010761e-02 1.030149517233915069e-02 9.120131748934992219e-03 7.892012480002281311e-03 6.774942417596024544e-03 5.496055162217911537e-03 4.337222882073311046e-03 3.166684480898517527e-03 1.980090208731348500e-03 2.017575555271452700e-03 1.644022428432836969e-02 1.750161942872534293e-02 1.850452910503988177e-02 1.931458961601308782e-02 1.997507946578519489e-02 2.046962184988949246e-02 2.091461597605471720e-02 2.088349457721968769e-02 2.097414546243580799e-02 2.083637843407777288e-02 2.051411452859920603e-02 2.009125718378283396e-02 1.953183961699720902e-02 1.882859316399843053e-02 1.803347997468719016e-02 1.711888892875733023e-02 1.615185616325998455e-02 1.506995311578272767e-02 1.398755374034615744e-02 1.283326150428815149e-02 1.157449089920044999e-02 1.033822483527999103e-02 9.048363026278637491e-03 7.838736284162241275e-03 6.555046513468374726e-03 5.349352428200460259e-03 4.093441897971067910e-03 2.858216512871545375e-03 1.474260155711830389e-03 1.061902564697953639e-04 8.294897577585139459e+01 2.842253191622409747e-01 2.530800201768380608e-01 2.259121006338771498e-01 2.017931489520537747e-01 1.801109040510121828e-01 1.604511256734716673e-01 1.425268858145233020e-01 1.261351896125461614e-01 1.111293805635074489e-01 9.740031658668486803e-02 8.486400560670499804e-02 7.345244135885346803e-02 6.310748779060434965e-02 5.377623970048398677e-02 4.540793602473706947e-02 3.795252406434192899e-02 3.135963410874783447e-02 2.557780429572988415e-02 2.055427874759205992e-02 1.623048613575941990e-02 1.253105481841920200e-02 9.719750926865862797e-03 5.127816361685188194e-03 4.946642071132686773e-03 3.278204051021739191e-03 2.018216372402533050e-03 1.126184979786762699e-03 5.222206176442560502e-04 1.629301907572240225e-04 0.000000000000000000e+00
1.918466708028116136e-03 1.598168246195751097e-02 1.704170508085292232e-02 1.805184564176583878e-02 1.893326238322576988e-02 1.969362904289480298e-02 2.032267447181950598e-02 2.077786588677059745e-02 2.139233661793365007e-02 2.150373516348697694e-02 2.152789651251111117e-02 2.136095537281025927e-02 2.113247365536366149e-02 2.074736902009056971e-02 2.020161432136725541e-02 1.952827211035210175e-02 1.872993602490743634e-02 1.785043270467579629e-02 1.683823464456752489e-02 1.577210784954677716e-02 1.466535074922492923e-02 1.343633923468416300e-02 1.223618068429722060e-02 1.096829356572756771e-02 9.753144537120212940e-03 8.479369252565267800e-03 7.316675387741637324e-03 5.987474987852009836e-03 4.777112861974456247e-03 3.556185985708397619e-03 2.305911057915430596e-03 1.918482598700773419e-03 1.641391013964188864e-02 1.750700241040180349e-02 1.854533781875273082e-02 1.939932747970673013e-02 2.011044500452028455e-02 2.064206327042901815e-02 2.102168232377498239e-02 2.155082184300153442e-02 2.152258678359789817e-02 2.141435235205858129e-02 2.113647822273748145e-02 2.076731831533753722e-02 2.024879103561213339e-02 1.957854488465228179e-02 1.880293957791343701e-02 1.789957725505671518e-02 1.693491510038054940e-02 1.584686790386402935e-02 1.474883653442520849e-02 1.357176125424400942e-02 1.229063281357098067e-02 1.102028811862744949e-02 9.693008413023444791e-03 8.447113727489194770e-03 7.118237330969645268e-03 5.868034911455896271e-03 4.563260208545750519e-03 3.277436014884592581e-03 1.837677039661175619e-03 4.052434515647503370e-04 8.497593633892269338e+01 2.915411179462104596e-01 2.598894186888435209e-01 2.323011100803161200e-01 2.078166268760079372e-01 1.858020709092114975e-01 1.658284554580756187e-01 1.475992310425029708e-01 1.309056330949054381e-01 1.155981293572057311e-01 1.015667892951218204e-01 8.872827384433316922e-02 7.701614332728960732e-02 6.637428600470772488e-02 5.675198388247270492e-02 4.810061720077692116e-02 4.037206894364890608e-02 3.351766350071978123e-02 2.748733604166018682e-02 2.222937929802827964e-02 1.768561171752244462e-02 1.377972746576528774e-02 1.079491082985658754e-02 5.902750363924739313e-03 5.674684311295452241e-03 3.855580674907237680e-03 2.458769292560668372e-03 1.443099798218356851e-03 7.253818093183709865e-04 2.609948900560235280e-04 0.000000000000000000e+00
1.812249176758423371e-03 1.586962744954458979e-02 1.695201375656636700e-02 1.799063271731012395e-02 1.891254845206654170e-02 1.972381659662391165e-02 2.041834449030000692e-02 2.098638654446187413e-02 2.150373516348697694e-02 2.193523927492583431e-02 2.187484560324955488e-02 2.177194618530802622e-02 2.163207620503442702e-02 2.131090564992199621e-02 2.081983329432375920e-02 2.018447522586271775e-02 1.941281392635224937e-02 1.854975224833014386e-02 1.754470546201468417e-02 1.647245046471896776e-02 1.535449296601476034e-02 1.410609018513368611e-02 1.287755174666657676e-02 1.157743035228627621e-02 1.032911547418250732e-02 9.010539088749325298e-03 7.799597219083748666e-03 6.418078531642044428e-03 5.151784371663348065e-03 3.869193405732088923e-03 2.533080914093404322e-03 1.812263399779546211e-03 1.630541130446517412e-02 1.742448970546566986e-02 1.849590588397279425e-02 1.939680960211453628e-02 2.016581128063946876e-02 2.076930906054438170e-02 2.126869106320650529e-02 2.168237077633362528e-02 2.196810844480944977e-02 2.179287331864488558e-02 2.158721083276405467e-02 2.130126923701676153e-02 2.084170354047175377e-02 2.022095001105140427e-02 1.947693619854969430e-02 1.859491217672257571e-02 1.764064320896014879e-02 1.655240123030007199e-02 1.544340720613504060e-02 1.424939478087749144e-02 1.294174162689828989e-02 1.163734638766693134e-02 1.027219337415081514e-02 8.985950521935777077e-03 7.605764119980313112e-03 6.301342376445319936e-03 4.935471610799453852e-03 3.580684832253976015e-03 2.058377585130395215e-03 5.091661188464854113e-04 8.612806804266338645e+01 2.956742465643296680e-01 2.638677506941968787e-01 2.361635727136024154e-01 2.115818684076574419e-01 1.894742032673740195e-01 1.694016025019008664e-01 1.510611953107180716e-01 1.342408234580304005e-01 1.187898694038364428e-01 1.045990561347899528e-01 9.158690647626138714e-02 7.968964045230424176e-02 6.885420435892716795e-02 5.903307995724044188e-02 5.018078023270256677e-02 4.225211283401152096e-02 3.520107772299409243e-02 2.897997083666677479e-02 2.353905890728439157e-02 1.882139022087364610e-02 1.475035370563044373e-02 1.163244208213414128e-02 6.454770765646500492e-03 6.230463580207146537e-03 4.290750685488420660e-03 2.786111219576242574e-03 1.675286991154753113e-03 8.718916104386690864e-04 3.305179568610456999e-04 0.000000000000000000e+00
1.715847561098156164e-03 1.565291995499871677e-02 1.674784840805109559e-02 1.780484051413698879e-02 1.875726691923702838e-02 1.960550004995447945e-02 2.034762524250256430e-02 2.097831782293062969e-02 2.152789651251111117e-02 2.187484560324955488e-02 2.226623944506421829e-02 2.205500057105659259e-02 2.205229430314479405e-02 2.180985217042082439e-02 2.139099870695758063e-02 2.080791406565858301e-02 2.007703367331294814e-02 1.924405647844699280e-02 1.825850054239582312e-02 1.719272841260410106e-02 1.607561043153928407e-02 1.481747529443331809e-02 1.357530638014793276e-02 1.225441311804747330e-02 1.098515646144323718e-02 9.635735103142849603e-03 8.391625177134548128e-03 6.978372873383906043e-03 5.683850307579947463e-03 4.378248407728569172e-03 3.022325914036412282e-03 1.715860135186247221e-03 1.608333964557242396e-02 1.721796366111489479e-02 1.831219436017061594e-02 1.925005907318267512e-02 2.006348181590585436e-02 2.072320577763616528e-02 2.129339968427455473e-02 2.174497750867475029e-02 2.196878956961859433e-02 2.221730624974143850e-02 2.192882463045580516e-02 2.176517053685985900e-02 2.137912969692346010e-02 2.082663692814366516e-02 2.012971299519866406e-02 1.928469929026923116e-02 1.835596407328920349e-02 1.728150626805522588e-02 1.617571921745545802e-02 1.497938304552834214e-02 1.365862039601057829e-02 1.233565689907624788e-02 1.095009000768977329e-02 9.641602666423138013e-03 8.231881613381206858e-03 6.899390358654898352e-03 5.507610722679352581e-03 4.132917833042832473e-03 2.605106248707893951e-03 1.068698092099273607e-03 8.690672793250440975e+01 2.980048959458508340e-01 2.662274914385151514e-01 2.385780462495768750e-01 2.140595155050871445e-01 1.920103884513672809e-01 1.719822177104628480e-01 1.536657675340581397e-01 1.368451439914758205e-01 1.213681640038733328e-01 1.071256976934151783e-01 9.403772592361482607e-02 8.204283808800472144e-02 7.109088856917294974e-02 6.113763558098229273e-02 5.214101642189390012e-02 4.405921362985358580e-02 3.684954531982734260e-02 3.046745444788513668e-02 2.486604337577799292e-02 1.999044941932063765e-02 1.576444975073445012e-02 1.252221637935590874e-02 7.038557097641852042e-03 6.837350094310775186e-03 4.772726056387275630e-03 3.154041754632856860e-03 1.940325027305516261e-03 1.041831935427538821e-03 4.125113794871506420e-04 0.000000000000000000e+00
1.619432238771767408e-03 1.530129869306415084e-02 1.639618259512469825e-02 1.745992430273338863e-02 1.843256427261610875e-02 1.930675946865120091e-02 2.008662341898992398e-02 2.076726956826446119e-02 2.136095537281025927e-02 2.177194618530802622e-02 2.205500057105659259e-02 2.282327300791163471e-02 2.242214720332803141e-02 2.222899939498778482e-02 2.189336537823125331e-02 2.137522918725862434e-02 2.070134299878642961e-02 1.991548851290832201e-02 1.896424101305594495e-02 1.791997729146198315e-02 1.681695301096534229e-02 1.555383977689696676e-02 1.432596940830278484e-02 1.298823459135647548e-02 1.170325765516600641e-02 1.032685027351094853e-02 9.049691968578337659e-03 7.603147763638355011e-03 6.273568879610700449e-03 4.928126954872768216e-03 3.517916855259418246e-03 1.619443337863021772e-03 1.572100733578817716e-02 1.685777726319323544e-02 1.796285886415209185e-02 1.892744191011621474e-02 1.977484793539297653e-02 2.048290675600268965e-02 2.111357416878569676e-02 2.162097707986734840e-02 2.192657862452700515e-02 2.209596052353874837e-02 2.262203257348256377e-02 2.215300186051857856e-02 2.182161435918637121e-02 2.135299190246503845e-02 2.071752153201755764e-02 1.992667849182141321e-02 1.904066405429580972e-02 1.799487680932834038e-02 1.690687115456251249e-02 1.572203886469540277e-02 1.439831963326648583e-02 1.306998500459129881e-02 1.167180981706765659e-02 1.034565776186097998e-02 8.909430732203871620e-03 7.546352636406097186e-03 6.120928502973784456e-03 4.709333573116883387e-03 3.143484656952521238e-03 1.547239408613782083e-03 8.800467160043260151e+01 2.990586839407591291e-01 2.671547393355757638e-01 2.394430918533320407e-01 2.149014044350347485e-01 1.928496464368150143e-01 1.728263572177981822e-01 1.545137791436758945e-01 1.376912276100084875e-01 1.222046404741019138e-01 1.079451298271662668e-01 9.483439670784046815e-02 8.281361576085945198e-02 7.183546263954640465e-02 6.185817075367572304e-02 5.284140927903644563e-02 4.474451037630609168e-02 3.752463273441124930e-02 3.113614705497695992e-02 2.553022107816130953e-02 2.064894329252561084e-02 1.641125193305107213e-02 1.317741476141498849e-02 7.480117445653943972e-03 7.412001922539421250e-03 5.290313566418989449e-03 3.600841975715195296e-03 2.302270699711792337e-03 1.301079809205644457e-03 5.511534494728499711e-04 0.000000000000000000e+00
1.517641208792975442e-03 1.489940812602042267e-02 1.598843587027667934e-02 1.705320514961390296e-02 1.804106795308714484e-02 1.893553916989077629e-02 1.974976627030367027e-02 2.047917393264825706e-02 2.113247365536366149e-02 2.163207620503442702e-02 2.205229430314479405e-02 2.242214720332803141e-02 2.265062227629318151e-02 2.239092078278087303e-02 2.219618726531892572e-02 2.176676615011539917e-02 2.117082392474456745e-02 2.045048904912609433e-02 1.954848838661203334e-02 1.854308213371099953e-02 1.747767978626180857e-02 1.629404334785162708e-02 1.489641640470768837e-02 1.360129381528433871e-02 1.231905719586874268e-02 1.092636725074649581e-02 9.624302101037113949e-03 8.152552881186719488e-03 6.794900812745616886e-03 5.414858427834894072e-03 3.953230548137144466e-03 1.517650784259402157e-03 1.530857409420002813e-02 1.644098487239613327e-02 1.755054509097950938e-02 1.853597276956280016e-02 1.941052793621522374e-02 2.016284202000313483e-02 2.085035818140340905e-02 2.142527808793611571e-02 2.182729399524177202e-02 2.212691248256975704e-02 2.235193200734167732e-02 2.243159774783866703e-02 2.204514590634521279e-02 2.171530299023578803e-02 2.116184532757080586e-02 2.044377451063270068e-02 1.961561170507605811e-02 1.860891164474339984e-02 1.754850649030977733e-02 1.638496804667594064e-02 1.507621277187498089e-02 1.371353966273690904e-02 1.231542369984963206e-02 1.097620434856002268e-02 9.516426794048604351e-03 8.124568421920507627e-03 6.667848815481339231e-03 5.221216510004314700e-03 3.620642559520761191e-03 1.966098224065061101e-03 8.704519320381717762e+01 2.961875111673097916e-01 2.650746319927759775e-01 2.380706373220643213e-01 2.141623336978687175e-01 1.926741587072107187e-01 1.731467888399692290e-01 1.552636228476851343e-01 1.388048777059264494e-01 1.236175586221634620e-01 1.095943202287880391e-01 9.665896483291305796e-02 8.475538962376935603e-02 7.383963961730044545e-02 6.387412806946499155e-02 5.482354347000634176e-02 4.665274462306895353e-02 3.932529699575633420e-02 3.280240551894034184e-02 2.704223465558920278e-02 2.199327105726020873e-02 1.757870495719067797e-02 1.420037439503659196e-02 8.104141170178618195e-03 8.084265313768594641e-03 5.808147657776653941e-03 3.981052539321303443e-03 2.563798353080574705e-03 1.459668973231697826e-03 6.227850551106652120e-04 0.000000000000000000e+00
1.404908906816526668e-03 1.441222605269633361e-02 1.548758392388551071e-02 1.654526120441851891e-02 1.754008326588256048e-02 1.844478590383052258e-02 1.928260867310362461e-02 2.004742563554572088e-02 2.074736902009056971e-02 2.131090564992199621e-02 2.180985217042082439e-02 2.222899939498778482e-02 2.239092078278087303e-02 2.298282460926439480e-02 2.247418178788457982e-02 2.211424991194527179e-02 2.160778674950234249e-02 2.096977523447101158e-02 2.012900906115762042e-02 1.917394429503897768e-02 1.814641207417087496e-02 1.695147337086497230e-02 1.566530594911096780e-02 1.435537675041483052e-02 1.307553712308543586e-02 1.167287991583498136e-02 1.035800373446699521e-02 8.879172778126654536e-03 7.517563316913965232e-03 6.139501942409191816e-03 4.695207237806211208e-03 1.404917050979169555e-03 1.480709972703560945e-02 1.592668751097770993e-02 1.703206040226442480e-02 1.802964426088097399e-02 1.892100989072702591e-02 1.970736817691167916e-02 2.043885848208226025e-02 2.107004994342095983e-02 2.154715458053516400e-02 2.193237617406091494e-02 2.222164792405156505e-02 2.225271994449335225e-02 2.270564341038781159e-02 2.206627010087596624e-02 2.157505090541851980e-02 2.094363627475544914e-02 2.019216320304118018e-02 1.923984890367734860e-02 1.822365653660549048e-02 1.709639002105119501e-02 1.579935773571057231e-02 1.446279881485929876e-02 1.306624729269093010e-02 1.172378623423317272e-02 1.025421369029799225e-02 8.846353248088903096e-03 7.373879438174790572e-03 5.911125549324989722e-03 4.301950765934568072e-03 2.631194994536763601e-03 8.704831327354854409e+01 2.940002576024308145e-01 2.632089082276151681e-01 2.365416885462047203e-01 2.129744040016004758e-01 1.918214718320051249e-01 1.726150504936144470e-01 1.550316432757788965e-01 1.388461910335773986e-01 1.239019355539101447e-01 1.100891121857765220e-01 9.733023330886832192e-02 8.556891660106619169e-02 7.476175643284370398e-02 6.487245880584466273e-02 5.586768517471361883e-02 4.771478478856359950e-02 4.038028962466237715e-02 3.382868527904154404e-02 2.802149436973521562e-02 2.290993335630382710e-02 1.841774995290832925e-02 1.499123415348686469e-02 8.538708102362247906e-03 8.669105062509089785e-03 6.290853165392240598e-03 4.363635697212814649e-03 2.850148211450510144e-03 1.649835297075170990e-03 7.174802405090039293e-04 0.000000000000000000e+00
1.308164098474036115e-03 1.383329257589756278e-02 1.488483801399461022e-02 1.592548771388392279e-02 1.691777565700627178e-02 1.782209716953948864e-02 1.867344534422433339e-02 1.946308337920718556e-02 2.020161432136725541e-02 2.081983329432375920e-02 2.139099870695758063e-02 2.189336537823125331e-02 2.219618726531892572e-02 2.247418178788457982e-02 2.246200823691239107e-02 2.216359327375550664e-02 2.179989627108206568e-02 2.128260337404678029e-02 2.052744454061838919e-02 1.964977966674092552e-02 1.868763303191586095e-02 1.753111561291998896e-02 1.627945146805230558e-02 1.498927725976007160e-02 1.374561681893056095e-02 1.229834155848525193e-02 1.097255127410168632e-02 9.479987676589628556e-03 8.096270634387421963e-03 6.682638967915417380e-03 5.172219998855476231e-03 1.308170835581909863e-03 1.420971149358277695e-02 1.530544408809322160e-02 1.639592995767481104e-02 1.739546917469984161e-02 1.829232884200427539e-02 1.910281506421521863e-02 1.986747040490248473e-02 2.054763620449536615e-02 2.109213386169464521e-02 2.156046111127628631e-02 2.194721741608133062e-02 2.212940016077381139e-02 2.227959707546390763e-02 2.213500860671094306e-02 2.169170352652643671e-02 2.120703539829120812e-02 2.057249274712716000e-02 1.969978317414647351e-02 1.875305485492826177e-02 1.768551529603095904e-02 1.642188100423292926e-02 1.510940164433274488e-02 1.372841953898312761e-02 1.238256955671566267e-02 1.092409498221660717e-02 9.500995665683020786e-03 8.012309810592966458e-03 6.527705187064020489e-03 4.894835006081252847e-03 3.170570524650128189e-03 8.605739822799070282e+01 2.880181793207987062e-01 2.579444156717305980e-01 2.319538881972771915e-01 2.090258951498358830e-01 1.884749128668649076e-01 1.698316335975596780e-01 1.527706218404829841e-01 1.370649663511100680e-01 1.225563910486322239e-01 1.091340934143065627e-01 9.672006733826599145e-02 8.525797900774731430e-02 7.470503972177977570e-02 6.502620682212045811e-02 5.619003384302737741e-02 4.816636984051430453e-02 4.092481310387338644e-02 3.443334776964439986e-02 2.865724310107202466e-02 2.355085762474864661e-02 1.903860357266800446e-02 1.562030312420923002e-02 8.799097995552323387e-03 9.162892374844529286e-03 6.708849418966796388e-03 4.702734557492830626e-03 3.110003530499078333e-03 1.825998426229729580e-03 8.068191019644115926e-04 0.000000000000000000e+00
1.227107056624500078e-03 1.319767210562615943e-02 1.421748526873630424e-02 1.523288841798365288e-02 1.621424278360051111e-02 1.710800074611799546e-02 1.796215155117366138e-02 1.876417753385377363e-02 1.952827211035210175e-02 2.018447522586271775e-02 2.080791406565858301e-02 2.137522918725862434e-02 2.176676615011539917e-02 2.211424991194527179e-02 2.216359327375550664e-02 2.227723221716063767e-02 2.191732975673952102e-02 2.153893656009297358e-02 2.087791388109893828e-02 2.010326284940299607e-02 1.923399356027711421e-02 1.813786844275014354e-02 1.693108861135269455e-02 1.567547677628873190e-02 1.442224056781848951e-02 1.305186765945585969e-02 1.172060830997172579e-02 1.023237485576396558e-02 8.848814717765383572e-03 7.429620389727571890e-03 5.900163046722504273e-03 1.227112517984481517e-03 1.355279295693602622e-02 1.461584213836857223e-02 1.568229557271287600e-02 1.667449785914995944e-02 1.756551095293035561e-02 1.838878489347726963e-02 1.917307075812491046e-02 1.988853551521102200e-02 2.048333880450388389e-02 2.101515638645850420e-02 2.147961167592439199e-02 2.176052735280675776e-02 2.198545767439414461e-02 2.189539872659792413e-02 2.195940982529302060e-02 2.141707284143957307e-02 2.091377377610315752e-02 2.012851892317783775e-02 1.927410952277804068e-02 1.829227931490590153e-02 1.708179946254269332e-02 1.581196272660699911e-02 1.446639689945591022e-02 1.315754585550571454e-02 1.168720193678472394e-02 1.026836913134633947e-02 8.781042845627954133e-03 7.293108851632832366e-03 5.658460048216956174e-03 3.914287275130121611e-03 8.425709564266188067e+01 2.790868636330578467e-01 2.500227790265209249e-01 2.249525484119397900e-01 2.028719096537366096e-01 1.831046245205617817e-01 1.651866366790687990e-01 1.487954710035890582e-01 1.337059180332221819e-01 1.197607265320281417e-01 1.068498296954799587e-01 9.489588841121897322e-02 8.384334925948361272e-02 7.365046647146705761e-02 6.428362763168447847e-02 5.571329489255186923e-02 4.791170968468921182e-02 4.085130247875171094e-02 3.450324553929604021e-02 2.883617896450164225e-02 2.380710864801161009e-02 1.934019913846225444e-02 1.599737200955315963e-02 8.804501074396888990e-03 9.500182592812302096e-03 7.009568573438811935e-03 4.958220688011200257e-03 3.314864765462870438e-03 1.970214945031545286e-03 8.823123236331063216e-04 0.000000000000000000e+00
1.125915793800213397e-03 1.249283587457699143e-02 1.347452748763064596e-02 1.445805455811059737e-02 1.542185066581805257e-02 1.629662664554332174e-02 1.714507397123719509e-02 1.794990273084194274e-02 1.872993602490743634e-02 1.941281392635224937e-02 2.007703367331294814e-02 2.070134299878642961e-02 2.117082392474456745e-02 2.160778674950234249e-02 2.179989627108206568e-02 2.191732975673952102e-02 2.201248043993487766e-02 2.164121089797104575e-02 2.106363998629842693e-02 2.042934149712958766e-02 1.969007661736070156e-02 1.867787336567377360e-02 1.753529429443108009e-02 1.633777971768497414e-02 1.513357542368024868e-02 1.378976432356730439e-02 1.247532732506838847e-02 1.100888653404319753e-02 9.640738163873330963e-03 8.233174073592305214e-03 6.683501280857218237e-03 1.125919657934536027e-03 1.282785100698891068e-02 1.385157008663255758e-02 1.488709960131557632e-02 1.586528743810792716e-02 1.674125712838571770e-02 1.756877893930941861e-02 1.836253465457678841e-02 1.910355542033459475e-02 1.973760690900358897e-02 2.032238027994882207e-02 2.085752309387971584e-02 2.122985015833054462e-02 2.155707398247800818e-02 2.162508099527663333e-02 2.163728503702003897e-02 2.161788465798762313e-02 2.110518281844117952e-02 2.040335450328396860e-02 1.967787913126462992e-02 1.881989511736122112e-02 1.768728015543206619e-02 1.648368400656563190e-02 1.519408676012849388e-02 1.392631035130871033e-02 1.249019211566261209e-02 1.109079408755979206e-02 9.623188732333720977e-03 8.150308557599753034e-03 6.531112571688190219e-03 4.797142947457236697e-03 8.242052953101878643e+01 2.685583799138052119e-01 2.405290311564010908e-01 2.164104799122300027e-01 1.952163529612272741e-01 1.762808722723287758e-01 1.591460693047027364e-01 1.434928712745156543e-01 1.290977596810412298e-01 1.158039621851938705e-01 1.035009950217640751e-01 9.211062908446884800e-02 8.157593379465143124e-02 7.185369192932726523e-02 6.290901075690852329e-02 5.471145917804561692e-02 4.723304869263567074e-02 4.044672919829264690e-02 3.432505203729172005e-02 2.883881433293072893e-02 2.394696110836271041e-02 1.957281643157569861e-02 1.635182085593504808e-02 8.744689083171086272e-03 9.854168186294299386e-03 7.335841849983011989e-03 5.242365060907983217e-03 3.547076103734237481e-03 2.135904945175198626e-03 9.698501785876893072e-04 0.000000000000000000e+00
