3.376944487086854137e-03 2.402000021380073982e-03 2.291080434314256026e-03 2.178420147947461062e-03 2.064367647261063435e-03 1.949407141000700271e-03 1.834110362669110362e-03 1.719101922960391930e-03 1.605033568757842323e-03 1.492562336613648642e-03 1.382330269670055357e-03 1.274945534566082573e-03 1.170965685266679929e-03 1.070883896417104079e-03 9.751187258980008581e-04 8.840076323389876173e-04 7.978041679907246775e-04 7.166785267049447395e-04 6.407209677448032431e-04 5.699475596424556515e-04 5.043076788103404654e-04 4.436927311225967972e-04 3.879456193123516188e-04 3.368705409879142070e-04 2.902427656869946198e-04 2.478181036551844975e-04 2.093418439277354610e-04 1.745570037549819644e-04 1.432117932032612605e-04 1.150662554059462151e-04 8.989809282502832948e-05 6.750773298103276499e-05 3.376947574814150206e-03 2.381306024647787418e-03 2.265393737061895986e-03 2.149099966272290281e-03 2.024681415757953202e-03 1.906829588108480827e-03 1.802326133077115228e-03 1.691404688182428446e-03 1.585078255924087876e-03 1.483045478396799064e-03 1.386033914794322815e-03 1.293624376874554730e-03 1.210630337173346401e-03 1.126198592683108450e-03 1.046028778129609420e-03 9.926841192272443676e-04 9.057237482047134514e-04 8.361969874675731929e-04 7.699359354114641276e-04 7.060658814728278587e-04 6.446274555671135942e-04 5.904850811279030833e-04 5.195924678545513599e-04 4.657853000180821822e-04 4.123655211663571811e-04 3.644378550203408859e-04 3.050991642079279361e-04 2.575516601049114476e-04 2.107579337419170941e-04 1.657222373582363474e-04 1.227303060890446123e-04 8.160301883180571441e-05 5.971968577469518409e-04 6.812323864104361318e-04 1.104983298625109587e-03 1.541036096228216769e-03 5.934989247153294031e-04 1.111264945675355127e-03 3.298763804660890240e-04 7.528856999444083270e-04 -8.454160403582077973e-03 1.885967460024968534e-03 9.711729551792446912e-04 1.966604135831027250e-03 -5.804386445435084788e-04 -3.491713252892535493e-04 -1.378867663964311683e-03 1.506076564249748126e-03 8.940264372127086591e-04 -4.438673455878654021e-03 3.043401067857285161e-03 -3.736963429427593141e-03 -1.407312927357610652e-04 -3.116198218847112886e-04 -9.179673854429968574e-04 -1.660440060399632134e-03 -9.719056008914164985e-04 -1.411557815303973121e-03 -8.649563569354086967e-04 -7.428886464379319717e-04 5.763689552837377014e-04 -3.054650676333736745e-03 -4.147164498931876775e-03 4.835456553623979081e-02
2.402000021380073982e-03 1.648514538314396760e-02 1.730365749709897663e-02 1.795891343424018544e-02 1.845161993158366681e-02 1.878462040060491223e-02 1.896267310491688007e-02 1.899232677360852134e-02 1.888179428514158778e-02 1.864075886139106991e-02 1.828010277558093574e-02 1.781158298738482956e-02 1.724748783984099768e-02 1.660030455560001714e-02 1.588241840559691601e-02 1.510585600974961515e-02 1.428207862976430161e-02 1.342182637349844006e-02 1.253501057119875937e-02 1.163064901908312208e-02 1.071683725322628358e-02 9.800748428867939177e-03 8.888654561036588020e-03 7.985962594103140910e-03 7.097259769022881692e-03 6.226363846916414119e-03 5.376374784679918868e-03 4.549725357347164136e-03 3.748228941226234689e-03 2.973123197765413245e-03 2.225108731520503841e-03 1.504381940968999715e-03 2.402014701447342544e-03 1.691091837904275599e-02 1.770911378276276635e-02 1.832670806684648726e-02 1.875749054117433617e-02 1.905614209806189355e-02 1.920824680786566846e-02 1.922710245735913953e-02 1.913577484747247537e-02 1.894928394648223019e-02 1.867584398845007973e-02 1.832291639189285309e-02 1.791157262993274893e-02 1.742024962045124470e-02 1.687143875652526506e-02 1.629069724811967740e-02 1.561845108299878514e-02 1.491282296213121764e-02 1.416312113252397517e-02 1.337234062518661074e-02 1.254362981612630427e-02 1.168438667907599655e-02 1.077097666079489605e-02 9.840298333181620241e-03 8.875422935159211352e-03 7.885351844527325321e-03 6.831761071550399717e-03 5.762851205919441479e-03 4.651349694909186552e-03 3.495172457438582621e-03 2.288294828119591309e-03 1.041610880453945316e-03 3.289023246533025625e-04 1.252561295140124922e-03 2.992667796556232936e-03 5.349807145274360944e-03 8.665085670794750797e-03 1.004359438809755353e-02 9.843090068380785929e-03 1.448824522534858210e-02 -1.735206832916348987e-02 1.921376345650214687e-02 2.142153358080990666e-02 2.609936781667545475e-02 2.483043908502330019e-02 2.122166058113325246e-02 2.144915828323748844e-02 2.369098475706346227e-02 2.649898385109826851e-02 1.356140562300493270e-02 2.644898398494517633e-02 1.576977686058616754e-02 1.356866020179050593e-02 1.708443672907272032e-02 1.674159812722154222e-02 1.124149276260542549e-02 1.331871747040159690e-02 6.409644989384944563e-03 5.494433783343677206e-03 5.312898584784256535e-03 4.047446043907461551e-03 -4.082886603649923431e-03 -2.666920304944130852e-03 -5.840035344263636713e-02
2.291080434314256026e-03 1.730365749709897663e-02 1.820612964883376941e-02 1.893739148877388728e-02 1.949709631113906438e-02 1.988723503465474399e-02 2.011195602874443766e-02 2.017745886606083644e-02 2.009186590581086423e-02 1.986501042307876191e-02 1.950813594205951657e-02 1.903353571682095402e-02 1.845417042105911357e-02 1.778329685335030760e-02 1.703413075020227332e-02 1.621955767405641388e-02 1.535189876520942458e-02 1.444273271036950780e-02 1.350277118575038231e-02 1.254178210728156342e-02 1.156855323049525534e-02 1.059088791414870140e-02 9.615625009551610411e-03 8.648675598125097827e-03 7.695070399371950476e-03 6.759012880596414370e-03 5.843934255476604563e-03 4.952547562781160935e-03 4.086898821109809753e-03 3.248413845063788819e-03 2.437939684110091570e-03 1.655779813330781431e-03 2.291094758045261141e-03 1.776886926340154327e-02 1.865178874172409781e-02 1.934333338023058735e-02 1.983651820742793337e-02 2.018715337567487597e-02 2.037958740750078768e-02 2.042946839170027215e-02 2.036017810012868620e-02 2.018772380356482696e-02 1.992076952283491909e-02 1.956732381456859765e-02 1.914917283838870471e-02 1.864470411979091830e-02 1.807693931276802349e-02 1.747097697238086597e-02 1.676888464020656611e-02 1.602784828967940625e-02 1.523780682464850877e-02 1.440206450865340326e-02 1.352400713945410039e-02 1.261110034317681691e-02 1.164041152837240641e-02 1.064812516196577546e-02 9.617729814794811691e-03 8.558295422981754275e-03 7.430458595214280669e-03 6.283320852500674444e-03 5.088675440339654465e-03 3.844000470505249973e-03 2.542569736926890769e-03 1.196032796054700975e-03 3.042518975951481763e-04 1.031945469182809832e-03 2.860215626850153101e-03 5.291961865599430215e-03 8.967097387391794253e-03 1.041363036995753520e-02 1.035791220494258584e-02 1.520824940756871149e-02 -1.767012742375587142e-02 2.014249959142333513e-02 2.275363035105978926e-02 2.717452460617586149e-02 2.678737751998707187e-02 2.296180167784861795e-02 2.319349177873806025e-02 2.548065407668785587e-02 2.882530624548225798e-02 1.502897901697579364e-02 2.850400775065859912e-02 1.771404760513192733e-02 1.516722004436906954e-02 1.901917566544585048e-02 1.863576021541572120e-02 1.299000104278369774e-02 1.515118050115188755e-02 7.799637958294715172e-03 6.854837076106075344e-03 6.548318273900887235e-03 5.067725724032885216e-03 -3.143896179754484491e-03 -1.343153161866176854e-03 -7.085451191166483587e-02
2.178420147947461062e-03 1.795891343424018544e-02 1.893739148877388728e-02 1.973904678389677356e-02 2.036237482535260476e-02 2.080836608352092457e-02 2.108038492279678058e-02 2.118409196833109798e-02 2.112732007704884105e-02 2.091984952251762023e-02 2.057308279884644681e-02 2.009965254476171401e-02 1.951300423499845865e-02 1.882698921936932016e-02 1.805549330506377170e-02 1.721211640415223204e-02 1.630991111164187615e-02 1.536118218749585318e-02 1.437734438377713704e-02 1.336883274763568663e-02 1.234505744980589695e-02 1.131439428541740344e-02 1.028420207960317745e-02 9.260859016427903934e-03 8.249811090487512572e-03 7.255627196821258680e-03 6.282056641257364321e-03 5.332085957739951879e-03 4.407992806402353213e-03 3.511395378267182822e-03 2.643296151000985427e-03 1.804119031921599340e-03 2.178433899445742731e-03 1.845885784358165110e-02 1.941923383311050869e-02 2.017987974535165666e-02 2.073286723807326801e-02 2.113457087366961418e-02 2.136804456969949514e-02 2.145096869014840105e-02 2.140681037101783285e-02 2.125238756545705029e-02 2.099673112329069474e-02 2.064831546287694899e-02 2.022947004978515109e-02 1.971862930903897984e-02 1.913915250796917669e-02 1.851545466250386490e-02 1.779161040361732990e-02 1.702343219877857153e-02 1.620153043716041075e-02 1.532946960486367312e-02 1.441082804557937240e-02 1.345306967728521728e-02 1.243410921325362184e-02 1.138914719233721957e-02 1.030218873365166231e-02 9.182271449681646616e-03 7.989354394268281812e-03 6.772938726884977605e-03 5.504126768953484898e-03 4.179946661928794251e-03 2.792987280142035685e-03 1.355559165397843746e-03 2.801168589466732409e-04 7.728770726778407896e-04 2.670425377601409918e-03 5.145173305416975845e-03 9.143998669590716610e-03 1.064683758328312246e-02 1.073014694898542787e-02 1.574687715041055841e-02 -1.799694603802845863e-02 2.086347800606143041e-02 2.385484433125243525e-02 2.801671879698839490e-02 2.850331602494652131e-02 2.452354827622327260e-02 2.472741283164759177e-02 2.708556614441615801e-02 3.098444267755440934e-02 1.641857991428092439e-02 3.038158416789975280e-02 1.957597332912945631e-02 1.675302996404064160e-02 2.092279419585898331e-02 2.049484958834655451e-02 1.477204256037907733e-02 1.699532206758916364e-02 9.287645588828370366e-03 8.331377818073266300e-03 7.894086520097877771e-03 6.222281556745417642e-03 -1.982976458386439926e-03 2.507684601310777254e-04 -8.340538472805639203e-02
2.064367647261063435e-03 1.845161993158366681e-02 1.949709631113906438e-02 2.036237482535260476e-02 2.104475973164118136e-02 2.154415752883330482e-02 2.186302641962467250e-02 2.200633586006299838e-02 2.198145410174541514e-02 2.179791748613246066e-02 2.146708789590795821e-02 2.100173601984577781e-02 2.041559512702430940e-02 1.972292333182668056e-02 1.893810151398759786e-02 1.807528402927835107e-02 1.714811132713303654e-02 1.616948729203238760e-02 1.515141915815170631e-02 1.410491412784248624e-02 1.303992441760499187e-02 1.196533134074558372e-02 1.088895902486575196e-02 9.817609144604328222e-03 8.757109288845286998e-03 7.712368987602376443e-03 6.687438788570886951e-03 5.685568969651193759e-03 4.709265438411880389e-03 3.760341081403628574e-03 2.839961286582098985e-03 1.948682578327955162e-03 2.064380651226604101e-03 1.898092472993218732e-02 2.001039890709414501e-02 2.083422812042558595e-02 2.144339806078182989e-02 2.189433976877598262e-02 2.216872164242480320e-02 2.228594252931223943e-02 2.226932689423732903e-02 2.213632594408069740e-02 2.189625611874738628e-02 2.155797768025554881e-02 2.114420735639624058e-02 2.063349806052980004e-02 2.004937529005878030e-02 1.941534091597176687e-02 1.867784124863053341e-02 1.789087193524012062e-02 1.704574958253039091e-02 1.614624282087210802e-02 1.519607072096103469e-02 1.420261945164946575e-02 1.314479128405048221e-02 1.205652712045251519e-02 1.092244471531797316e-02 9.751445392274469062e-03 8.503175462314360375e-03 7.227029994555669856e-03 5.893668348105565551e-03 4.499660166740711460e-03 3.036932062840888309e-03 1.518359724140772027e-03 2.565462669406784577e-04 4.849243489069810734e-04 2.431582137719167508e-03 4.918607118559304055e-03 9.201053681614924928e-03 1.074661635585157440e-02 1.095895053920349117e-02 1.610366631238942248e-02 -1.834738758575581510e-02 2.137323776726299945e-02 2.471375980375511289e-02 2.862155494161273267e-02 2.995983728944694516e-02 2.588996219259955683e-02 2.603357208996968930e-02 2.848686615700830177e-02 3.295219536790582049e-02 1.774033736330731664e-02 3.205385914905449496e-02 2.133762081973081953e-02 1.831024299863575483e-02 2.277713371060254358e-02 2.230294008278268375e-02 1.656885632426098251e-02 1.883040365487469517e-02 1.086008240423513675e-02 9.908560897474464821e-03 9.339302823318063745e-03 7.503862789495024076e-03 -6.099769287112943124e-04 2.105301507994557404e-03 -9.595544017471756282e-02
1.949407141000700271e-03 1.878462040060491223e-02 1.988723503465474399e-02 2.080836608352092457e-02 2.154415752883330482e-02 2.209341051377773299e-02 2.245760830818186587e-02 2.264091885887037012e-02 2.265010083187512027e-02 2.249427511488309023e-02 2.218457367903311703e-02 2.173370681535180191e-02 2.115549576152986333e-02 2.046441063309696259e-02 1.967514260755447164e-02 1.880222914474439025e-02 1.785974277773454827e-02 1.686104736345005184e-02 1.581862029379679097e-02 1.474393502573909109e-02 1.364739552598546318e-02 1.253831286360660921e-02 1.142491403947207447e-02 1.031437388647134246e-02 9.212862142968805679e-03 8.125599275180535319e-03 7.056916070349216787e-03 6.010313298788909180e-03 4.988518776998819397e-03 3.993539931035438792e-03 3.026710459209820073e-03 2.088729933610389625e-03 1.949419258958842195e-03 1.933740743021322012e-02 2.042668641710611646e-02 2.130681209352645183e-02 2.196757763014995160e-02 2.246502823153816511e-02 2.277933826880104012e-02 2.293132026869242057e-02 2.294393120520715409e-02 2.283507763062918652e-02 2.261428083581580595e-02 2.229070859937587121e-02 2.188732458338884732e-02 2.138285185705802310e-02 2.080083346899509397e-02 2.016363135165063700e-02 1.942042128281821350e-02 1.862294293819110116e-02 1.776324804284759584e-02 1.684524806629858831e-02 1.587274554952916583e-02 1.485296801336332025e-02 1.376593759084974132e-02 1.264405973018215695e-02 1.147265572348875502e-02 1.026038614637737184e-02 8.966942209919750301e-03 7.641116476973771991e-03 6.253371205731471545e-03 4.799812976382190899e-03 3.271734617827968140e-03 1.682480012141608769e-03 2.336077653790446628e-04 1.778695869760584306e-04 2.152905389506907293e-03 4.622990911853383164e-03 9.145876788416801295e-03 1.071904780585611686e-02 1.104684994688060438e-02 1.628135302426908515e-02 -1.872970955528931170e-02 2.167149780333894188e-02 2.532335826515378155e-02 2.898632547923412489e-02 3.114206894158315711e-02 2.704557606582022600e-02 2.709691350319077749e-02 2.966719240706066837e-02 3.470540452614065408e-02 1.900473276369730666e-02 3.349409419731495807e-02 2.297941404196319343e-02 1.982080327204426701e-02 2.456104431802366705e-02 2.404124343219366661e-02 1.835845868566006456e-02 2.063283719745007475e-02 1.249911375022624144e-02 1.156659495039419512e-02 1.086909447080668459e-02 8.900767735077422943e-03 9.596374342993522870e-04 4.202426987248143037e-03 -1.083799961234029469e-01
1.834110362669110362e-03 1.896267310491688007e-02 2.011195602874443766e-02 2.108038492279678058e-02 2.186302641962467250e-02 2.245760830818186587e-02 2.286461926045739446e-02 2.308735716886481382e-02 2.313185951157959580e-02 2.300668516880740797e-02 2.272256405439267851e-02 2.229195786327914375e-02 2.172858039130417043e-02 2.104691870644963270e-02 2.026178564200367682e-02 1.938792401319404043e-02 1.843967462916912270e-02 1.743071326209778490e-02 1.637385595823206974e-02 1.528092751163125443e-02 1.416268478423278986e-02 1.302878491591710937e-02 1.188778815544661548e-02 1.074718571596037890e-02 9.613444325046304612e-03 8.492060653150992552e-03 7.387620310633227598e-03 6.303857444227857140e-03 5.243712056405075254e-03 4.209382986187591887e-03 3.202375025573693697e-03 2.223538909049790901e-03 1.834121489488810351e-03 1.953274884541838716e-02 2.067181091845731941e-02 2.160053235891215562e-02 2.230745035162522150e-02 2.284785415820176496e-02 2.320031100953517944e-02 2.338675556840861744e-02 2.342955633894252057e-02 2.334689664632281364e-02 2.314842041344103776e-02 2.284352575474753178e-02 2.245529818067676375e-02 2.196266688045070414e-02 2.138906752683132281e-02 2.075550584188334130e-02 2.001423190455861242e-02 1.921430602572230320e-02 1.834853884082646505e-02 1.742092058815302921e-02 1.643527670652769265e-02 1.539859275778451310e-02 1.429213254784950267e-02 1.314649667317785604e-02 1.194779385885997268e-02 1.070434195691352328e-02 9.376217265842704679e-03 8.011137134392096182e-03 6.579603520913672281e-03 5.077259676732742526e-03 3.494798635977844087e-03 1.845934792676871220e-03 2.113800391842344151e-04 -1.389248264725349543e-04 1.843902041597451523e-03 4.269923537144585876e-03 8.987910643374322564e-03 1.057248477462074433e-02 1.099945162094085292e-02 1.628584867129944519e-02 -1.914603261117460084e-02 2.176157907920524964e-02 2.568170320937321685e-02 2.911126868918577359e-02 3.203969009478190716e-02 2.797738421626783795e-02 2.790579982072348073e-02 3.061186394684430739e-02 3.622319885906295778e-02 2.022144772649946479e-02 3.467859720115957362e-02 2.448093035477562351e-02 2.126516278030228524e-02 2.625112396555257313e-02 2.568883705223329317e-02 2.011632111224254463e-02 2.237705451416636612e-02 1.418307864345457088e-02 1.328185436871005820e-02 1.246487385129319871e-02 1.039679137930341231e-02 2.704922509671219520e-03 6.515809669182346699e-03 -1.205312499336172460e-01
1.719101922960391930e-03 1.899232677360852134e-02 2.017745886606083644e-02 2.118409196833109798e-02 2.200633586006299838e-02 2.264091885887037012e-02 2.308735716886481382e-02 2.334804891899132026e-02 2.342823299429687076e-02 2.333578837474739945e-02 2.308089353155307749e-02 2.267559026794008226e-02 2.213330094259488220e-02 2.146834107245081461e-02 2.069545895528661708e-02 1.982942421143082251e-02 1.888467889266880889e-02 1.787505773115623947e-02 1.681357799197527245e-02 1.571229443089966829e-02 1.458221134724311217e-02 1.343324178577920761e-02 1.227420343153971805e-02 1.111284130807522162e-02 9.955868620567607380e-03 8.809018609670867667e-03 7.677101824368848769e-03 6.564064608002355590e-03 5.473045729299365857e-03 4.406428944270888472e-03 3.365889840682109811e-03 2.352435600590797957e-03 1.719111983562711691e-03 1.957338423444528533e-02 2.075171781440486585e-02 2.172071148477109151e-02 2.246762943070632068e-02 2.304671091427799509e-02 2.343481029809993746e-02 2.365471100563332554e-02 2.372797796520373717e-02 2.367289255783227436e-02 2.349913583536692580e-02 2.321625912320278429e-02 2.284735860525799120e-02 2.237159321700377818e-02 2.181219022525503551e-02 2.118860069776895561e-02 2.045647394037630046e-02 1.966179523479196292e-02 1.879815360025957616e-02 1.786955396931228304e-02 1.687978327974916717e-02 1.583550228948207503e-02 1.471932544460032716e-02 1.355979266960204849e-02 1.234387536387051253e-02 1.107945242773217959e-02 9.727297807897100981e-03 8.333619289831365948e-03 6.869179333703516639e-03 5.329162255114242366e-03 3.703700418052640123e-03 2.006780825558929053e-03 1.899469864963226190e-04 -4.568905578048853959e-04 1.513920597847521251e-03 3.871343055902947815e-03 8.737981248007497051e-03 1.031716076857075969e-02 1.082510842352585323e-02 1.612610830261301462e-02 -1.959304315546476702e-02 2.165052992882240609e-02 2.579219308802621277e-02 2.900033530135818702e-02 3.264761604894658720e-02 2.867565778060450141e-02 2.845286790960363174e-02 3.130984586861867286e-02 3.748805434067362108e-02 2.139797392308188939e-02 3.558840822957583250e-02 2.582170968221228491e-02 2.262300493367448706e-02 2.782262506505732425e-02 2.722346771593055909e-02 2.181612995537298913e-02 2.403643175876532187e-02 1.588700422696493267e-02 1.502744677807444328e-02 1.410462074725940020e-02 1.197127024668491295e-02 4.599724832139340421e-03 9.011137758398372541e-03 -1.322428364160629088e-01
1.605033568757842323e-03 1.888179428514158778e-02 2.009186590581086423e-02 2.112732007704884105e-02 2.198145410174541514e-02 2.265010083187512027e-02 2.313185951157959580e-02 2.342823299429687076e-02 2.354361725141156797e-02 2.348512392481034994e-02 2.326225736084545914e-02 2.288649042009602633e-02 2.237078752562217041e-02 2.172911697495573044e-02 2.097598489414968445e-02 2.012601400971481339e-02 1.919358240069002700e-02 1.819253026801107009e-02 1.713593639701561228e-02 1.603596067815988083e-02 1.490374518591467204e-02 1.374936408168634348e-02 1.258181187943638660e-02 1.140902004402053263e-02 1.023789305488717084e-02 9.074356571887107550e-03 7.923411891397566867e-03 6.789192290811774284e-03 5.675018026102867687e-03 4.583447629035462649e-03 3.516323739700057301e-03 2.474812010649477673e-03 1.605042514956758109e-03 1.946760847049230914e-02 2.067446295629113417e-02 2.167499211321714456e-02 2.245521584671912943e-02 2.306810584027724903e-02 2.348871568108263502e-02 2.374042787599704718e-02 2.384379843324377010e-02 2.381702980627488017e-02 2.366975050929210136e-02 2.341158689588183558e-02 2.306554660590790992e-02 2.261103202433143583e-02 2.207098386425232830e-02 2.146312433899828440e-02 2.074679900293980098e-02 1.996456193557297198e-02 1.911079623031194941e-02 1.818946018877299828e-02 1.720424262985809430e-02 1.616140022991225528e-02 1.504499197399724979e-02 1.388126243929037676e-02 1.265811079310369749e-02 1.138288991183122531e-02 1.001734670173535374e-02 8.605797696029600374e-03 7.119464054814236310e-03 5.553080598940533623e-03 3.896262897234083200e-03 2.163173056690124389e-03 1.693932156462437234e-04 -7.684483897518397692e-04 1.171850704763217075e-03 3.439112346460859813e-03 8.407892169710913868e-03 9.964789535877162027e-03 1.053451753098714333e-02 1.581385746157763783e-02 -2.006284298576156699e-02 2.134897793691617821e-02 2.566340484400278163e-02 2.866151695681918785e-02 3.296632429223157745e-02 2.913454258590358892e-02 2.873557378271242649e-02 3.175444109920781688e-02 3.848659084504564565e-02 2.253819024865247322e-02 3.621056937308771845e-02 2.698207408742872918e-02 2.387394152838972702e-02 2.925048545612504367e-02 2.862241277167262843e-02 2.343061560117526768e-02 2.558423786561865587e-02 1.758322718041488777e-02 1.677389403693595876e-02 1.576324031419817917e-02 1.359930485585944711e-02 6.613124630552983697e-03 1.164673125175885726e-02 -1.433349776530371267e-01
1.492562336613648642e-03 1.864075886139106991e-02 1.986501042307876191e-02 2.091984952251762023e-02 2.179791748613246066e-02 2.249427511488309023e-02 2.300668516880740797e-02 2.333578837474739945e-02 2.348512392481034994e-02 2.346097911094434732e-02 2.327209026439259337e-02 2.292923815490773357e-02 2.244478495704654852e-02 2.183219415492891613e-02 2.110556601522878273e-02 2.027921276798949624e-02 1.936729000591561750e-02 1.838349376126608217e-02 1.734082620606530734e-02 1.625142733535378178e-02 1.512646581857062834e-02 1.397607968723509758e-02 1.280935657544425565e-02 1.163434350314844837e-02 1.045807725698305775e-02 9.286627876536040355e-03 8.125149286650335326e-03 6.977932527202624496e-03 5.848458209735649810e-03 4.739445727321490477e-03 3.652897348038412761e-03 2.590135635166934160e-03 1.492570144066341460e-03 1.922536157286071704e-02 2.044999294757017180e-02 2.147312083014852463e-02 2.227959091458905222e-02 2.292096295833275996e-02 2.337042770302854774e-02 2.365174612990854006e-02 2.378427504754088845e-02 2.378596599109029236e-02 2.366630155475716105e-02 2.343490321715153285e-02 2.311460062217989345e-02 2.268504494400479243e-02 2.216883291779273013e-02 2.158181315584266347e-02 2.088728758163653151e-02 2.012407338725768005e-02 1.928735970820332976e-02 1.838100212316826770e-02 1.740853599343532981e-02 1.637574131719357964e-02 1.526819832357326386e-02 1.410965040215463213e-02 1.288897809254473115e-02 1.161293370772585251e-02 1.024446663952118322e-02 8.825686331709390112e-03 7.328442356434424626e-03 5.747034959602609870e-03 4.070611201689258198e-03 2.313411893099197921e-03 1.498003653056286107e-04 -1.067099249437538939e-03 8.259114744680707632e-04 2.984680812101051309e-03 8.010025938320938788e-03 9.528136506531665120e-03 1.014023901954168479e-02 1.536316977261407632e-02 -2.054386152498863943e-02 2.087074899370360351e-02 2.530859676211411752e-02 2.810679666388277848e-02 3.300182005920860445e-02 2.935241216108566004e-02 2.875641219658922956e-02 3.194367878151548046e-02 3.921006218624349671e-02 2.364115551125048689e-02 3.653884780488829420e-02 2.794394347804922754e-02 2.499815790099991011e-02 3.051040408528261569e-02 2.986336121753404432e-02 2.493242066534196930e-02 2.699455652357636223e-02 1.924212195766725544e-02 1.848991549332392251e-02 1.741303591383251345e-02 1.525220761273743918e-02 8.710068311991663037e-03 1.437446846601100198e-02 -1.536202342873657922e-01
1.382330269670055357e-03 1.828010277558093574e-02 1.950813594205951657e-02 2.057308279884644681e-02 2.146708789590795821e-02 2.218457367903311703e-02 2.272256405439267851e-02 2.308089353155307749e-02 2.326225736084545914e-02 2.327209026439259337e-02 2.311829573207702104e-02 2.281086705216996136e-02 2.236144508324252114e-02 2.178285285541523009e-02 2.108863937664715721e-02 2.029265736652653349e-02 1.940869251962051498e-02 1.845015504432978223e-02 1.742983767059239769e-02 1.635973855157974582e-02 1.525094306467389936e-02 1.411355575030337657e-02 1.295667245680967063e-02 1.178838286135063494e-02 1.061579447930357904e-02 9.445070648441099281e-03 8.281476460984232846e-03 7.129428005099248435e-03 5.992541448062200724e-03 4.873679391739824292e-03 3.774992540605838325e-03 2.697955041774364928e-03 1.382336934943247456e-03 1.885792726901279470e-02 2.008982421617372394e-02 2.112661828946896247e-02 2.195208531836955607e-02 2.261629542930740713e-02 2.309054527282973848e-02 2.339878700788737206e-02 2.355900882587152675e-02 2.358874855356792033e-02 2.349724757797105185e-02 2.329404099311440518e-02 2.300169874668182846e-02 2.260011872702461302e-02 2.211151392702192034e-02 2.154974796149120367e-02 2.088229260900154732e-02 2.014398276595743414e-02 1.933082132356256713e-02 1.844651228942661633e-02 1.749438870009932534e-02 1.647969088417954725e-02 1.538957778549830506e-02 1.424512209850184452e-02 1.303622665393284856e-02 1.176898434079820359e-02 1.040772387785258817e-02 8.992108900535552771e-03 7.494753848331892412e-03 5.909545258859516710e-03 4.225214138366868016e-03 2.455985477667422916e-03 1.312439125307119812e-04 -1.347452812535556051e-03 4.835001273576156533e-04 2.518806845798547255e-03 7.556951910030867622e-03 9.020572838489549633e-03 9.656157283672785197e-03 1.478992598379853980e-02 -2.102176543505848011e-02 2.023231133676187121e-02 2.474496848142589828e-02 2.735179325042014220e-02 3.276527302594416796e-02 2.933196424602192015e-02 2.852281895136006551e-02 3.188039143789978686e-02 3.965452610485613316e-02 2.470035603350945880e-02 3.657385206312708387e-02 2.869161022783282486e-02 2.597698344006759211e-02 3.157986128195266334e-02 3.092525772722187760e-02 2.629495636696368641e-02 2.824311232817782596e-02 2.083291112588971095e-02 2.014327490610414231e-02 1.902430462949310230e-02 1.689817113824355205e-02 1.085216803343503310e-02 1.714101264621023871e-02 -1.629097578939252833e-01
1.274945534566082573e-03 1.781158298738482956e-02 1.903353571682095402e-02 2.009965254476171401e-02 2.100173601984577781e-02 2.173370681535180191e-02 2.229195786327914375e-02 2.267559026794008226e-02 2.288649042009602633e-02 2.292923815490773357e-02 2.281086705216996136e-02 2.254051544698506063e-02 2.212901047882294414e-02 2.158842344365902513e-02 2.093162808229483487e-02 2.017188669261555864e-02 1.932248243466885493e-02 1.839640964795194109e-02 1.740612752529986304e-02 1.636337664272303344e-02 1.527905325931860729e-02 1.416313333307355794e-02 1.302463682771170736e-02 1.187162281187598839e-02 1.071120665403849440e-02 9.549591886801180735e-03 8.392110730187475956e-03 7.243268607122725980e-03 6.106789129238663662e-03 4.985656916958815937e-03 3.882156223103698164e-03 2.797903648895776977e-03 1.274951072343767774e-03 1.837757380956998171e-02 1.960665411303882943e-02 2.064837152341460202e-02 2.148556208967239770e-02 2.216678612608363394e-02 2.266144763471204804e-02 2.299353837256398747e-02 2.317953466065213880e-02 2.323641153601535905e-02 2.317307489141825355e-02 2.299889132742287748e-02 2.273609564494084162e-02 2.236482361283448350e-02 2.190687878765566060e-02 2.137406441281402419e-02 2.073817892121688350e-02 2.002989808243360245e-02 1.924604085863378458e-02 1.839011948426183540e-02 1.746522400679232506e-02 1.647600425230513407e-02 1.541123413961477222e-02 1.428918948952158721e-02 1.310082258096066134e-02 1.185152640685655824e-02 1.050712838899691554e-02 9.104693323613157613e-03 7.617700394417187097e-03 6.039649726225500975e-03 4.358912767839122522e-03 2.589606859353006229e-03 1.137903502794181755e-04 -1.605210918786509908e-03 1.510928768417392140e-04 2.051343190566335458e-03 7.061060337292601047e-03 8.455641152210457631e-03 9.096927205741506609e-03 1.411120906862778010e-02 -2.148031840809782461e-02 1.945211160845463153e-02 2.399278281345574790e-02 2.641518102485475999e-02 3.227238481241440082e-02 2.908006924112547728e-02 2.804678950208152124e-02 3.157199988440439337e-02 3.982071427235021888e-02 2.570358003584206560e-02 3.632257500462106325e-02 2.921241984981561013e-02 2.679336879445911798e-02 3.243899222828219159e-02 3.178905041951150812e-02 2.749319041807974165e-02 2.930793570875868045e-02 2.232451777128397971e-02 2.170163955727314603e-02 2.056603792301094774e-02 1.850311243272402539e-02 1.299862051639688251e-02 1.988927068475677268e-02 -1.710198485824416248e-01
1.170965685266679929e-03 1.724748783984099768e-02 1.845417042105911357e-02 1.951300423499845865e-02 2.041559512702430940e-02 2.115549576152986333e-02 2.172858039130417043e-02 2.213330094259488220e-02 2.237078752562217041e-02 2.244478495704654852e-02 2.236144508324252114e-02 2.212901047882294414e-02 2.175742876816328178e-02 2.125793358294455690e-02 2.064262260538637928e-02 1.992405732889063544e-02 1.911490330917398756e-02 1.822762352931679361e-02 1.727423121658691954e-02 1.626610263630180048e-02 1.521384572631736577e-02 1.412721732513174018e-02 1.301508020510700261e-02 1.188539087813135324e-02 1.074520979219442847e-02 9.600726685140037117e-03 8.457295185403489526e-03 7.319472027892234139e-03 6.191057355041340755e-03 5.075133432700108284e-03 3.974099701660305413e-03 2.889702399274735739e-03 1.170970125731680619e-03 1.779717521685967793e-02 1.901394626545001645e-02 2.005219345609203854e-02 2.089396001893835397e-02 2.158632320629898238e-02 2.209682763522687055e-02 2.244938908108239789e-02 2.265885893368426926e-02 2.274151821630495535e-02 2.270584757287076247e-02 2.256096420332274685e-02 2.232869774966038390e-02 2.198940693740041724e-02 2.156447057057984257e-02 2.106359384588743847e-02 2.046299209740981909e-02 1.978908040415934891e-02 1.903948902810072286e-02 1.821750760688551490e-02 1.732595190331122706e-02 1.636884460384984558e-02 1.533658772057548518e-02 1.424458356906096318e-02 1.308484627569301423e-02 1.186204893476739720e-02 1.054357728212491907e-02 9.163835159381978485e-03 7.697228169905797300e-03 6.136904207637234113e-03 4.470935702343580530e-03 2.713244031159212869e-03 9.749477119866886156e-05 -1.837113218717056212e-03 -1.658033460523030626e-04 1.591090577616600466e-03 6.534245885706771104e-03 7.846663737916521539e-03 8.477449034589584417e-03 1.334469407920980087e-02 -2.190215767822031173e-02 1.854986886277719058e-02 2.307444273614885077e-02 2.531796800003026718e-02 3.154256518021782835e-02 2.860739954967653903e-02 2.734427020361963542e-02 3.103005064695032664e-02 3.971365085997510813e-02 2.663347693232251054e-02 3.579748377437302898e-02 2.949730183758925844e-02 2.743225676217862785e-02 3.307125055433428329e-02 3.243829509074710321e-02 2.850431774324309331e-02 3.016982597794973589e-02 2.368641367155511004e-02 2.313340117419681805e-02 2.200669334774844541e-02 2.003162717016813282e-02 1.510718727390091692e-02 2.255999051027152841e-02 -1.777785540693434529e-01
1.070883896417104079e-03 1.660030455560001714e-02 1.778329685335030760e-02 1.882698921936932016e-02 1.972292333182668056e-02 2.046441063309696259e-02 2.104691870644963270e-02 2.146834107245081461e-02 2.172911697495573044e-02 2.183219415492891613e-02 2.178285285541523009e-02 2.158842344365902513e-02 2.125793358294455690e-02 2.080171840676782111e-02 2.023102259015106472e-02 1.955761829793088713e-02 1.879345781663266726e-02 1.795037399751384793e-02 1.703983564153398883e-02 1.607275928193847500e-02 1.505937417298817103e-02 1.400913410591326895e-02 1.293066799842869548e-02 1.183176080340769300e-02 1.071935677942689041e-02 9.599578178342053902e-03 8.477753619221629899e-03 7.358451613804914242e-03 6.245515752104822092e-03 5.142098877751023235e-03 4.050694150412786042e-03 2.973161194057863735e-03 1.070887282836714954e-03 1.712984563546849498e-02 1.832552643953299504e-02 1.935238863028381287e-02 2.019183820085107550e-02 2.088953200776181782e-02 2.141121747410321824e-02 2.178065310436815352e-02 2.201098479952202230e-02 2.211768946446470221e-02 2.210874089423390393e-02 2.199292950981670061e-02 2.179161510140849994e-02 2.148535924285668516e-02 2.109510763005350079e-02 2.062846840325389605e-02 2.006608834162990421e-02 1.943010062323099682e-02 1.871893286064036169e-02 1.793563072384544640e-02 1.708271432087210204e-02 1.616355818248868537e-02 1.517018049514709185e-02 1.411508819559312289e-02 1.299135394293950488e-02 1.180293269634311894e-02 1.051876874178021837e-02 9.170635199463768317e-03 7.733887781502944009e-03 6.201363606464328944e-03 4.560900773324162195e-03 2.826140711520494422e-03 8.239896543522592411e-05 -2.040851383223579382e-03 -4.626511867502968800e-04 1.145720107917137061e-03 5.987656879453530021e-03 7.206415419025571055e-03 7.812406310763026461e-03 1.250808183071760137e-02 -2.226946520200525845e-02 1.754588348076349322e-02 2.201359661688680885e-02 2.408271083568022317e-02 3.059800153735038261e-02 2.792788588201071745e-02 2.643439348894423974e-02 3.026956959061251340e-02 3.934208635877899096e-02 2.746873010250801272e-02 3.501533089383568331e-02 2.954110490132049946e-02 2.788084010559839163e-02 3.346383290585577819e-02 3.285958719892105584e-02 2.930828088482478888e-02 3.081260565960057540e-02 2.488941595515230601e-02 2.440841655269281041e-02 2.331499267983391105e-02 2.144798129862092798e-02 1.713517824338302992e-02 2.509339558853400029e-02 -1.830319997529133436e-01
9.751187258980008581e-04 1.588241840559691601e-02 1.703413075020227332e-02 1.805549330506377170e-02 1.893810151398759786e-02 1.967514260755447164e-02 2.026178564200367682e-02 2.069545895528661708e-02 2.097598489414968445e-02 2.110556601522878273e-02 2.108863937664715721e-02 2.093162808229483487e-02 2.064262260538637928e-02 2.023102259015106472e-02 1.970716618131251180e-02 1.908196986113408489e-02 1.836659728180742648e-02 1.757217041933056834e-02 1.670953074851062176e-02 1.578905269526670666e-02 1.482050707633772793e-02 1.381296903869560534e-02 1.277476324531665736e-02 1.171343851706327897e-02 1.063576448737848200e-02 9.547743696997561258e-03 8.454633648791830616e-03 7.360974442755484348e-03 6.270618583506690387e-03 5.186760324298723621e-03 4.111962447626476939e-03 3.048178666027153046e-03 9.751211124359748274e-04 1.638860950202427127e-02 1.755521456594223012e-02 1.856335338029551502e-02 1.939395186314661276e-02 2.009133448566825797e-02 2.061953848694880048e-02 2.100211481441499606e-02 2.125045631622704198e-02 2.137914884935525339e-02 2.139558913826377501e-02 2.130816947611212028e-02 2.113772085384194727e-02 2.086498365544325190e-02 2.051046619991472170e-02 2.007971975256805583e-02 1.955775343769393729e-02 1.896248123849953934e-02 1.829310268626434602e-02 1.755240705835173914e-02 1.674260732912934840e-02 1.586642525280166152e-02 1.491745639570206568e-02 1.390534923422272022e-02 1.282421498979740247e-02 1.167731442627786137e-02 1.043509435685769163e-02 9.126817195191431337e-03 7.728776535873838061e-03 6.233547722512593030e-03 4.628803552076975192e-03 2.927826607507337097e-03 6.853014166787107446e-05 -2.214960057744211515e-03 -7.358419229685285272e-04 7.217580275168761174e-04 5.431516383389179727e-03 6.546871608782405677e-03 7.115887356573216693e-03 1.161861015338306984e-02 -2.256452176384074124e-02 1.646040504508138047e-02 2.083432326705446022e-02 2.273273412629669629e-02 2.946270287237205687e-02 2.705805789216940774e-02 2.533863351089373980e-02 2.930830477892274258e-02 3.871781987798619123e-02 2.818566246897052929e-02 3.399587067810909413e-02 2.934271179578332514e-02 2.812870636467105015e-02 3.360786552363232565e-02 3.304281232031023446e-02 2.988812468078516985e-02 3.122318972769680054e-02 2.590638814521847508e-02 2.549863632304354144e-02 2.446069643300531268e-02 2.271706960847286183e-02 1.904038586873981614e-02 2.743075773563918851e-02 -1.866501116508511582e-01
8.840076323389876173e-04 1.510585600974961515e-02 1.621955767405641388e-02 1.721211640415223204e-02 1.807528402927835107e-02 1.880222914474439025e-02 1.938792401319404043e-02 1.982942421143082251e-02 2.012601400971481339e-02 2.027921276798949624e-02 2.029265736652653349e-02 2.017188669261555864e-02 1.992405732889063544e-02 1.955761829793088713e-02 1.908196986113408489e-02 1.850712806506741442e-02 1.784341289015062282e-02 1.710117323609091494e-02 1.629055678339840982e-02 1.542132763685641166e-02 1.450273028884339725e-02 1.354339529531423114e-02 1.255128024447898540e-02 1.153363895007205459e-02 1.049701200762290405e-02 9.447232580023100582e-03 8.389442243678641928e-03 7.328112721247860388e-03 6.267070218688913785e-03 5.209519798097499675e-03 4.158067715436309687e-03 3.114739913038572314e-03 8.840090821053521930e-04 1.558612095893319692e-02 1.671650862220317585e-02 1.769922842445175934e-02 1.851487944704196739e-02 1.920655759341300534e-02 1.973669717489641776e-02 2.012861798000370808e-02 2.039194406950675664e-02 2.054030724739768637e-02 2.058047079586418707e-02 2.052036588897508326e-02 2.038024225253778562e-02 2.014099271839811175e-02 1.982268584518979276e-02 1.942889567029609105e-02 1.894883460351852109e-02 1.839634620350927632e-02 1.777136270183565098e-02 1.707641254292125571e-02 1.631339942909312141e-02 1.548440425506479069e-02 1.458453257293857407e-02 1.362067285757150720e-02 1.258793734147035416e-02 1.148893819962658498e-02 1.029551818630663335e-02 9.034632310394908467e-03 7.683467726154916827e-03 6.234394666109637807e-03 4.674994234786311077e-03 3.018117033436569334e-03 5.590033688693957226e-05 -2.358694358465742054e-03 -9.826231907334470085e-04 3.246213107964888945e-04 4.875012247626859738e-03 5.879031876655055680e-03 6.401097812659193101e-03 1.069266094794588985e-02 -2.277014153857372450e-02 1.531308941543976267e-02 1.956042975784183860e-02 2.129140791201594024e-02 2.816158796848479071e-02 2.601633061629479715e-02 2.407995460651416592e-02 2.816593096806303820e-02 3.785497953986227682e-02 2.876003274224999198e-02 3.276063795569870291e-02 2.890493560147521651e-02 2.816787694313419715e-02 3.349837656368888361e-02 3.298122292816342560e-02 3.023018627291259794e-02 3.139151222339761627e-02 2.671280957625507199e-02 2.637860128534517609e-02 2.541530563817922389e-02 2.380528060490231385e-02 2.078192513073098130e-02 2.951582025806357562e-02 -1.885313915587268074e-01
