3.376944487086854137e-03 2.402000021380073982e-03 2.291080434314256026e-03 2.178420147947461062e-03 2.064367647261063435e-03 1.949407141000700271e-03 1.834110362669110362e-03 1.719101922960391930e-03 1.605033568757842323e-03 1.492562336613648642e-03 1.382330269670055357e-03 1.274945534566082573e-03 1.170965685266679929e-03 1.070883896417104079e-03 9.751187258980008581e-04 8.840076323389876173e-04 7.978041679907246775e-04 7.166785267049447395e-04 6.407209677448032431e-04 5.699475596424556515e-04 5.043076788103404654e-04 4.436927311225967972e-04 3.879456193123516188e-04 3.368705409879142070e-04 2.902427656869946198e-04 2.478181036551844975e-04 2.093418439277354610e-04 1.745570037549819644e-04 1.432117932032612605e-04 1.150662554059462151e-04 8.989809282502832948e-05 6.750773298103276499e-05 3.376947574814150206e-03 2.381306024647787418e-03 2.265393737061895986e-03 2.149099966272290281e-03 2.024681415757953202e-03 1.906829588108480827e-03 1.802326133077115228e-03 1.691404688182428446e-03 1.585078255924087876e-03 1.483045478396799064e-03 1.386033914794322815e-03 1.293624376874554730e-03 1.210630337173346401e-03 1.126198592683108450e-03 1.046028778129609420e-03 9.926841192272443676e-04 9.057237482047134514e-04 8.361969874675731929e-04 7.699359354114641276e-04 7.060658814728278587e-04 6.446274555671135942e-04 5.904850811279030833e-04 5.195924678545513599e-04 4.657853000180821822e-04 4.123655211663571811e-04 3.644378550203408859e-04 3.050991642079279361e-04 2.575516601049114476e-04 2.107579337419170941e-04 1.657222373582363474e-04 1.227303060890446123e-04 8.160301883180571441e-05 7.309523717635141793e+01 4.299254896431501383e-01 3.951112381308046761e-01 3.655097374161855872e-01 3.395784277728527423e-01 3.162384857659557014e-01 2.947249671705295393e-01 2.744977577815024272e-01 2.551775055146343063e-01 2.365193480845464435e-01 2.183816752326138699e-01 2.006859288334316982e-01 1.834390592133394449e-01 1.666899673997993270e-01 1.505181765784933956e-01 1.350188626052474250e-01 1.202903068390175079e-01 1.064170335747438301e-01 9.346285433950746180e-02 8.147711959349053512e-02 7.046756007139953759e-02 6.042999826980227640e-02 5.131916517074446710e-02 4.308675974341363846e-02 3.566327180579990236e-02 2.897783271432437247e-02 2.294813829950175313e-02 1.749616229671496770e-02 1.254140946134929893e-02 8.015092695078168336e-03 3.853352653560043750e-03 0.000000000000000000e+00
2.402000021380073982e-03 1.648514538314396760e-02 1.730365749709897663e-02 1.795891343424018544e-02 1.845161993158366681e-02 1.878462040060491223e-02 1.896267310491688007e-02 1.899232677360852134e-02 1.888179428514158778e-02 1.864075886139106991e-02 1.828010277558093574e-02 1.781158298738482956e-02 1.724748783984099768e-02 1.660030455560001714e-02 1.588241840559691601e-02 1.510585600974961515e-02 1.428207862976430161e-02 1.342182637349844006e-02 1.253501057119875937e-02 1.163064901908312208e-02 1.071683725322628358e-02 9.800748428867939177e-03 8.888654561036588020e-03 7.985962594103140910e-03 7.097259769022881692e-03 6.226363846916414119e-03 5.376374784679918868e-03 4.549725357347164136e-03 3.748228941226234689e-03 2.973123197765413245e-03 2.225108731520503841e-03 1.504381940968999715e-03 2.402014701447342544e-03 1.691091837904275599e-02 1.770911378276276635e-02 1.832670806684648726e-02 1.875749054117433617e-02 1.905614209806189355e-02 1.920824680786566846e-02 1.922710245735913953e-02 1.913577484747247537e-02 1.894928394648223019e-02 1.867584398845007973e-02 1.832291639189285309e-02 1.791157262993274893e-02 1.742024962045124470e-02 1.687143875652526506e-02 1.629069724811967740e-02 1.561845108299878514e-02 1.491282296213121764e-02 1.416312113252397517e-02 1.337234062518661074e-02 1.254362981612630427e-02 1.168438667907599655e-02 1.077097666079489605e-02 9.840298333181620241e-03 8.875422935159211352e-03 7.885351844527325321e-03 6.831761071550399717e-03 5.762851205919441479e-03 4.651349694909186552e-03 3.495172457438582621e-03 2.288294828119591309e-03 1.041610880453945316e-03 -9.493366427981455047e+01 -5.469890270585362479e-01 -4.707632247703492090e-01 -4.099693002055171953e-01 -3.608616084752777620e-01 -3.206498686293589584e-01 -2.872224120316936302e-01 -2.589903812765265156e-01 -2.347425909829016777e-01 -2.135748315865984570e-01 -1.947993120566311465e-01 -1.778955212776721362e-01 -1.624908926543903454e-01 -1.483052126490896350e-01 -1.351317349043199556e-01 -1.228296571836738627e-01 -1.112948268096044385e-01 -1.004481373405980565e-01 -9.022418714243614357e-02 -8.057849391718621690e-02 -7.146945598141231371e-02 -6.286758483655294216e-02 -5.474149756292807228e-02 -4.707155912273502246e-02 -3.983461142986556569e-02 -3.301462719710697435e-02 -2.659511380302967756e-02 -2.056479283932931279e-02 -1.490647980745699909e-02 -9.604575749566655885e-03 -4.641915635146956660e-03 0.000000000000000000e+00
2.291080434314256026e-03 1.730365749709897663e-02 1.820612964883376941e-02 1.893739148877388728e-02 1.949709631113906438e-02 1.988723503465474399e-02 2.011195602874443766e-02 2.017745886606083644e-02 2.009186590581086423e-02 1.986501042307876191e-02 1.950813594205951657e-02 1.903353571682095402e-02 1.845417042105911357e-02 1.778329685335030760e-02 1.703413075020227332e-02 1.621955767405641388e-02 1.535189876520942458e-02 1.444273271036950780e-02 1.350277118575038231e-02 1.254178210728156342e-02 1.156855323049525534e-02 1.059088791414870140e-02 9.615625009551610411e-03 8.648675598125097827e-03 7.695070399371950476e-03 6.759012880596414370e-03 5.843934255476604563e-03 4.952547562781160935e-03 4.086898821109809753e-03 3.248413845063788819e-03 2.437939684110091570e-03 1.655779813330781431e-03 2.291094758045261141e-03 1.776886926340154327e-02 1.865178874172409781e-02 1.934333338023058735e-02 1.983651820742793337e-02 2.018715337567487597e-02 2.037958740750078768e-02 2.042946839170027215e-02 2.036017810012868620e-02 2.018772380356482696e-02 1.992076952283491909e-02 1.956732381456859765e-02 1.914917283838870471e-02 1.864470411979091830e-02 1.807693931276802349e-02 1.747097697238086597e-02 1.676888464020656611e-02 1.602784828967940625e-02 1.523780682464850877e-02 1.440206450865340326e-02 1.352400713945410039e-02 1.261110034317681691e-02 1.164041152837240641e-02 1.064812516196577546e-02 9.617729814794811691e-03 8.558295422981754275e-03 7.430458595214280669e-03 6.283320852500674444e-03 5.088675440339654465e-03 3.844000470505249973e-03 2.542569736926890769e-03 1.196032796054700975e-03 -1.074533723767053033e+02 -6.171074488047072482e-01 -5.367472148291048128e-01 -4.724894165119874478e-01 -4.203382230403761022e-01 -3.773299485660053243e-01 -3.412323256802845539e-01 -3.103736509889792328e-01 -2.834880593372103852e-01 -2.596409655267677974e-01 -2.381316853516877441e-01 -2.184379737903083540e-01 -2.002018171165185767e-01 -1.831644803605284866e-01 -1.671458658663954600e-01 -1.520339983067813816e-01 -1.377533653074136943e-01 -1.242504960476034648e-01 -1.114810127101921039e-01 -9.941846000970815111e-02 -8.803067853480983640e-02 -7.729519524394806718e-02 -6.717932013062380414e-02 -5.766174726009586776e-02 -4.871289689534499118e-02 -4.030973814577711728e-02 -3.242668171939265542e-02 -2.504364959737135840e-02 -1.813357997553651998e-02 -1.167280781317154952e-02 -5.636597712155908164e-03 0.000000000000000000e+00
2.178420147947461062e-03 1.795891343424018544e-02 1.893739148877388728e-02 1.973904678389677356e-02 2.036237482535260476e-02 2.080836608352092457e-02 2.108038492279678058e-02 2.118409196833109798e-02 2.112732007704884105e-02 2.091984952251762023e-02 2.057308279884644681e-02 2.009965254476171401e-02 1.951300423499845865e-02 1.882698921936932016e-02 1.805549330506377170e-02 1.721211640415223204e-02 1.630991111164187615e-02 1.536118218749585318e-02 1.437734438377713704e-02 1.336883274763568663e-02 1.234505744980589695e-02 1.131439428541740344e-02 1.028420207960317745e-02 9.260859016427903934e-03 8.249811090487512572e-03 7.255627196821258680e-03 6.282056641257364321e-03 5.332085957739951879e-03 4.407992806402353213e-03 3.511395378267182822e-03 2.643296151000985427e-03 1.804119031921599340e-03 2.178433899445742731e-03 1.845885784358165110e-02 1.941923383311050869e-02 2.017987974535165666e-02 2.073286723807326801e-02 2.113457087366961418e-02 2.136804456969949514e-02 2.145096869014840105e-02 2.140681037101783285e-02 2.125238756545705029e-02 2.099673112329069474e-02 2.064831546287694899e-02 2.022947004978515109e-02 1.971862930903897984e-02 1.913915250796917669e-02 1.851545466250386490e-02 1.779161040361732990e-02 1.702343219877857153e-02 1.620153043716041075e-02 1.532946960486367312e-02 1.441082804557937240e-02 1.345306967728521728e-02 1.243410921325362184e-02 1.138914719233721957e-02 1.030218873365166231e-02 9.182271449681646616e-03 7.989354394268281812e-03 6.772938726884977605e-03 5.504126768953484898e-03 4.179946661928794251e-03 2.792987280142035685e-03 1.355559165397843746e-03 -1.197720112885993728e+02 -6.863470789653456361e-01 -6.023137596981374964e-01 -5.349417072669526707e-01 -4.800096252836178468e-01 -4.343991667393769518e-01 -3.957717614630819059e-01 -3.623835433448282517e-01 -3.329221320024384756e-01 -3.064288929744103385e-01 -2.821953768474240176e-01 -2.597017797598186184e-01 -2.386084756885501201e-01 -2.186816912689761028e-01 -1.997712175832331849e-01 -1.817967596877305969e-01 -1.647140460775040893e-01 -1.484975165584372647e-01 -1.331257469793154791e-01 -1.185919010633023074e-01 -1.048743488984297673e-01 -9.195845555725180864e-02 -7.981055162720383789e-02 -6.840787173600573756e-02 -5.771434836028990073e-02 -4.769974420239128654e-02 -3.832905409885965786e-02 -2.957301556561686001e-02 -2.139427895870345264e-02 -1.376077745342689854e-02 -6.639898783344379794e-03 0.000000000000000000e+00
2.064367647261063435e-03 1.845161993158366681e-02 1.949709631113906438e-02 2.036237482535260476e-02 2.104475973164118136e-02 2.154415752883330482e-02 2.186302641962467250e-02 2.200633586006299838e-02 2.198145410174541514e-02 2.179791748613246066e-02 2.146708789590795821e-02 2.100173601984577781e-02 2.041559512702430940e-02 1.972292333182668056e-02 1.893810151398759786e-02 1.807528402927835107e-02 1.714811132713303654e-02 1.616948729203238760e-02 1.515141915815170631e-02 1.410491412784248624e-02 1.303992441760499187e-02 1.196533134074558372e-02 1.088895902486575196e-02 9.817609144604328222e-03 8.757109288845286998e-03 7.712368987602376443e-03 6.687438788570886951e-03 5.685568969651193759e-03 4.709265438411880389e-03 3.760341081403628574e-03 2.839961286582098985e-03 1.948682578327955162e-03 2.064380651226604101e-03 1.898092472993218732e-02 2.001039890709414501e-02 2.083422812042558595e-02 2.144339806078182989e-02 2.189433976877598262e-02 2.216872164242480320e-02 2.228594252931223943e-02 2.226932689423732903e-02 2.213632594408069740e-02 2.189625611874738628e-02 2.155797768025554881e-02 2.114420735639624058e-02 2.063349806052980004e-02 2.004937529005878030e-02 1.941534091597176687e-02 1.867784124863053341e-02 1.789087193524012062e-02 1.704574958253039091e-02 1.614624282087210802e-02 1.519607072096103469e-02 1.420261945164946575e-02 1.314479128405048221e-02 1.205652712045251519e-02 1.092244471531797316e-02 9.751445392274469062e-03 8.503175462314360375e-03 7.227029994555669856e-03 5.893668348105565551e-03 4.499660166740711460e-03 3.036932062840888309e-03 1.518359724140772027e-03 -1.319428669497279429e+02 -7.551453498800774211e-01 -6.677619343962024612e-01 -5.975130728338637898e-01 -5.399720210416192323e-01 -4.918809615159538406e-01 -4.508064940213837857e-01 -4.149410034883161957e-01 -3.829318393116118435e-01 -3.538009948254563497e-01 -3.268359481453321780e-01 -3.015222689243724496e-01 -2.775414154934705557e-01 -2.546870499124228027e-01 -2.328411899403272922e-01 -2.119573013850533372e-01 -1.920242774671611918e-01 -1.730461606483354731e-01 -1.550259199318744507e-01 -1.379775195134334831e-01 -1.218906497733504152e-01 -1.067590893491846271e-01 -9.254836149162146142e-02 -7.923432248785748644e-02 -6.677427235668878525e-02 -5.513050802800791711e-02 -4.425825263024031619e-02 -3.411864962414920543e-02 -2.466363349375629704e-02 -1.585237085164235837e-02 -7.644033860657270009e-03 0.000000000000000000e+00
1.949407141000700271e-03 1.878462040060491223e-02 1.988723503465474399e-02 2.080836608352092457e-02 2.154415752883330482e-02 2.209341051377773299e-02 2.245760830818186587e-02 2.264091885887037012e-02 2.265010083187512027e-02 2.249427511488309023e-02 2.218457367903311703e-02 2.173370681535180191e-02 2.115549576152986333e-02 2.046441063309696259e-02 1.967514260755447164e-02 1.880222914474439025e-02 1.785974277773454827e-02 1.686104736345005184e-02 1.581862029379679097e-02 1.474393502573909109e-02 1.364739552598546318e-02 1.253831286360660921e-02 1.142491403947207447e-02 1.031437388647134246e-02 9.212862142968805679e-03 8.125599275180535319e-03 7.056916070349216787e-03 6.010313298788909180e-03 4.988518776998819397e-03 3.993539931035438792e-03 3.026710459209820073e-03 2.088729933610389625e-03 1.949419258958842195e-03 1.933740743021322012e-02 2.042668641710611646e-02 2.130681209352645183e-02 2.196757763014995160e-02 2.246502823153816511e-02 2.277933826880104012e-02 2.293132026869242057e-02 2.294393120520715409e-02 2.283507763062918652e-02 2.261428083581580595e-02 2.229070859937587121e-02 2.188732458338884732e-02 2.138285185705802310e-02 2.080083346899509397e-02 2.016363135165063700e-02 1.942042128281821350e-02 1.862294293819110116e-02 1.776324804284759584e-02 1.684524806629858831e-02 1.587274554952916583e-02 1.485296801336332025e-02 1.376593759084974132e-02 1.264405973018215695e-02 1.147265572348875502e-02 1.026038614637737184e-02 8.966942209919750301e-03 7.641116476973771991e-03 6.253371205731471545e-03 4.799812976382190899e-03 3.271734617827968140e-03 1.682480012141608769e-03 -1.439516057249894061e+02 -8.235073731793021157e-01 -7.330116285125625186e-01 -6.600556903569972933e-01 -6.000245120877046867e-01 -5.495338082952692105e-01 -5.060650643113949743e-01 -4.677539083973921152e-01 -4.332124371073921565e-01 -4.014468519607087282e-01 -3.717432552625479225e-01 -3.435946283402629975e-01 -3.167053209413162596e-01 -2.908980766691568465e-01 -2.660887005700904862e-01 -2.422658051289052483e-01 -2.194527457608974885e-01 -1.976843118436767410e-01 -1.769888441553374714e-01 -1.574018997220645033e-01 -1.389250140152126223e-01 -1.215607364143498903e-01 -1.052738430200610975e-01 -9.003880222625283702e-02 -7.580610665986985131e-02 -6.253031875799336392e-02 -5.015654909831644692e-02 -3.863596141517646604e-02 -2.790938028957902148e-02 -1.792685872776061257e-02 -8.639027941440665520e-03 0.000000000000000000e+00
1.834110362669110362e-03 1.896267310491688007e-02 2.011195602874443766e-02 2.108038492279678058e-02 2.186302641962467250e-02 2.245760830818186587e-02 2.286461926045739446e-02 2.308735716886481382e-02 2.313185951157959580e-02 2.300668516880740797e-02 2.272256405439267851e-02 2.229195786327914375e-02 2.172858039130417043e-02 2.104691870644963270e-02 2.026178564200367682e-02 1.938792401319404043e-02 1.843967462916912270e-02 1.743071326209778490e-02 1.637385595823206974e-02 1.528092751163125443e-02 1.416268478423278986e-02 1.302878491591710937e-02 1.188778815544661548e-02 1.074718571596037890e-02 9.613444325046304612e-03 8.492060653150992552e-03 7.387620310633227598e-03 6.303857444227857140e-03 5.243712056405075254e-03 4.209382986187591887e-03 3.202375025573693697e-03 2.223538909049790901e-03 1.834121489488810351e-03 1.953274884541838716e-02 2.067181091845731941e-02 2.160053235891215562e-02 2.230745035162522150e-02 2.284785415820176496e-02 2.320031100953517944e-02 2.338675556840861744e-02 2.342955633894252057e-02 2.334689664632281364e-02 2.314842041344103776e-02 2.284352575474753178e-02 2.245529818067676375e-02 2.196266688045070414e-02 2.138906752683132281e-02 2.075550584188334130e-02 2.001423190455861242e-02 1.921430602572230320e-02 1.834853884082646505e-02 1.742092058815302921e-02 1.643527670652769265e-02 1.539859275778451310e-02 1.429213254784950267e-02 1.314649667317785604e-02 1.194779385885997268e-02 1.070434195691352328e-02 9.376217265842704679e-03 8.011137134392096182e-03 6.579603520913672281e-03 5.077259676732742526e-03 3.494798635977844087e-03 1.845934792676871220e-03 -1.557254547775236233e+02 -8.910609296473344099e-01 -7.976507690344184498e-01 -7.221279023180344758e-01 -6.597047982777394237e-01 -6.068826378656710929e-01 -5.610666149586477358e-01 -5.203418610481501672e-01 -4.832895792957218051e-01 -4.489031249221742126e-01 -4.164692971984507719e-01 -3.854899322577944876e-01 -3.556934023647228549e-01 -3.269325061737236027e-01 -2.991577243540480269e-01 -2.723935715108110611e-01 -2.466985749149509244e-01 -2.221388928843920918e-01 -1.987687767090108582e-01 -1.766457939297869928e-01 -1.557836074688661587e-01 -1.361936994783999044e-01 -1.178400851661252496e-01 -1.006957794272320406e-01 -8.470430563938874391e-02 -6.981225646791823503e-02 -5.595435134873025240e-02 -4.307145737692810727e-02 -3.109297688539454721e-02 -1.995956331320208541e-02 -9.613037081649815005e-03 0.000000000000000000e+00
1.719101922960391930e-03 1.899232677360852134e-02 2.017745886606083644e-02 2.118409196833109798e-02 2.200633586006299838e-02 2.264091885887037012e-02 2.308735716886481382e-02 2.334804891899132026e-02 2.342823299429687076e-02 2.333578837474739945e-02 2.308089353155307749e-02 2.267559026794008226e-02 2.213330094259488220e-02 2.146834107245081461e-02 2.069545895528661708e-02 1.982942421143082251e-02 1.888467889266880889e-02 1.787505773115623947e-02 1.681357799197527245e-02 1.571229443089966829e-02 1.458221134724311217e-02 1.343324178577920761e-02 1.227420343153971805e-02 1.111284130807522162e-02 9.955868620567607380e-03 8.809018609670867667e-03 7.677101824368848769e-03 6.564064608002355590e-03 5.473045729299365857e-03 4.406428944270888472e-03 3.365889840682109811e-03 2.352435600590797957e-03 1.719111983562711691e-03 1.957338423444528533e-02 2.075171781440486585e-02 2.172071148477109151e-02 2.246762943070632068e-02 2.304671091427799509e-02 2.343481029809993746e-02 2.365471100563332554e-02 2.372797796520373717e-02 2.367289255783227436e-02 2.349913583536692580e-02 2.321625912320278429e-02 2.284735860525799120e-02 2.237159321700377818e-02 2.181219022525503551e-02 2.118860069776895561e-02 2.045647394037630046e-02 1.966179523479196292e-02 1.879815360025957616e-02 1.786955396931228304e-02 1.687978327974916717e-02 1.583550228948207503e-02 1.471932544460032716e-02 1.355979266960204849e-02 1.234387536387051253e-02 1.107945242773217959e-02 9.727297807897100981e-03 8.333619289831365948e-03 6.869179333703516639e-03 5.329162255114242366e-03 3.703700418052640123e-03 2.006780825558929053e-03 -1.671425215290403798e+02 -9.571131614735172155e-01 -8.609846363433361072e-01 -7.830374066598244642e-01 -7.183272561248272847e-01 -6.632526226317770890e-01 -6.151510398006578839e-01 -5.720632239664518170e-01 -5.325436460892248869e-01 -4.955755011646356123e-01 -4.604480397555020810e-01 -4.266730490996750724e-01 -3.940035565685808261e-01 -3.623228450807185475e-01 -3.316163730135890386e-01 -3.019447328869281910e-01 -2.734017747132939657e-01 -2.460851438040390082e-01 -2.200751156299017852e-01 -1.954513209335840551e-01 -1.722396083195559535e-01 -1.504603782812572454e-01 -1.300768302332314663e-01 -1.110604338723637924e-01 -9.334763292628626974e-02 -7.687688662597447209e-02 -6.157234935276088839e-02 -4.736438388569499947e-02 -3.417078278804964314e-02 -2.192261426904080004e-02 -1.055271188377401859e-02 0.000000000000000000e+00
1.605033568757842323e-03 1.888179428514158778e-02 2.009186590581086423e-02 2.112732007704884105e-02 2.198145410174541514e-02 2.265010083187512027e-02 2.313185951157959580e-02 2.342823299429687076e-02 2.354361725141156797e-02 2.348512392481034994e-02 2.326225736084545914e-02 2.288649042009602633e-02 2.237078752562217041e-02 2.172911697495573044e-02 2.097598489414968445e-02 2.012601400971481339e-02 1.919358240069002700e-02 1.819253026801107009e-02 1.713593639701561228e-02 1.603596067815988083e-02 1.490374518591467204e-02 1.374936408168634348e-02 1.258181187943638660e-02 1.140902004402053263e-02 1.023789305488717084e-02 9.074356571887107550e-03 7.923411891397566867e-03 6.789192290811774284e-03 5.675018026102867687e-03 4.583447629035462649e-03 3.516323739700057301e-03 2.474812010649477673e-03 1.605042514956758109e-03 1.946760847049230914e-02 2.067446295629113417e-02 2.167499211321714456e-02 2.245521584671912943e-02 2.306810584027724903e-02 2.348871568108263502e-02 2.374042787599704718e-02 2.384379843324377010e-02 2.381702980627488017e-02 2.366975050929210136e-02 2.341158689588183558e-02 2.306554660590790992e-02 2.261103202433143583e-02 2.207098386425232830e-02 2.146312433899828440e-02 2.074679900293980098e-02 1.996456193557297198e-02 1.911079623031194941e-02 1.818946018877299828e-02 1.720424262985809430e-02 1.616140022991225528e-02 1.504499197399724979e-02 1.388126243929037676e-02 1.265811079310369749e-02 1.138288991183122531e-02 1.001734670173535374e-02 8.605797696029600374e-03 7.119464054814236310e-03 5.553080598940533623e-03 3.896262897234083200e-03 2.163173056690124389e-03 -1.780413595863172134e+02 -1.020709568145135471e+00 -9.220878070495036605e-01 -8.418872585980918810e-01 -7.750239023230421909e-01 -7.178058436887828631e-01 -6.675119623855114703e-01 -6.221449026046317332e-01 -5.802367274078248371e-01 -5.407631924897333686e-01 -5.030176755326905003e-01 -4.665228608582506209e-01 -4.310567059600354245e-01 -3.965329649322970051e-01 -3.629718581275486189e-01 -3.304696921473193605e-01 -2.991552542730896991e-01 -2.691573049657975392e-01 -2.405818440560959226e-01 -2.135302608588303674e-01 -1.880404388289861062e-01 -1.641415217855563824e-01 -1.417958255334829665e-01 -1.209731826335633531e-01 -1.016029315288363016e-01 -8.361533920232640249e-02 -6.692396271031478272e-02 -5.144859745653390659e-02 -3.709540118196655994e-02 -2.378580574216686977e-02 -1.144360887704885463e-02 0.000000000000000000e+00
1.492562336613648642e-03 1.864075886139106991e-02 1.986501042307876191e-02 2.091984952251762023e-02 2.179791748613246066e-02 2.249427511488309023e-02 2.300668516880740797e-02 2.333578837474739945e-02 2.348512392481034994e-02 2.346097911094434732e-02 2.327209026439259337e-02 2.292923815490773357e-02 2.244478495704654852e-02 2.183219415492891613e-02 2.110556601522878273e-02 2.027921276798949624e-02 1.936729000591561750e-02 1.838349376126608217e-02 1.734082620606530734e-02 1.625142733535378178e-02 1.512646581857062834e-02 1.397607968723509758e-02 1.280935657544425565e-02 1.163434350314844837e-02 1.045807725698305775e-02 9.286627876536040355e-03 8.125149286650335326e-03 6.977932527202624496e-03 5.848458209735649810e-03 4.739445727321490477e-03 3.652897348038412761e-03 2.590135635166934160e-03 1.492570144066341460e-03 1.922536157286071704e-02 2.044999294757017180e-02 2.147312083014852463e-02 2.227959091458905222e-02 2.292096295833275996e-02 2.337042770302854774e-02 2.365174612990854006e-02 2.378427504754088845e-02 2.378596599109029236e-02 2.366630155475716105e-02 2.343490321715153285e-02 2.311460062217989345e-02 2.268504494400479243e-02 2.216883291779273013e-02 2.158181315584266347e-02 2.088728758163653151e-02 2.012407338725768005e-02 1.928735970820332976e-02 1.838100212316826770e-02 1.740853599343532981e-02 1.637574131719357964e-02 1.526819832357326386e-02 1.410965040215463213e-02 1.288897809254473115e-02 1.161293370772585251e-02 1.024446663952118322e-02 8.825686331709390112e-03 7.328442356434424626e-03 5.747034959602609870e-03 4.070611201689258198e-03 2.313411893099197921e-03 -1.882308986158423920e+02 -1.080695927045671079e+00 -9.798592221298967342e-01 -8.976251154480344718e-01 -8.287886414194064466e-01 -7.695812224705896876e-01 -7.172329160673978077e-01 -6.697152381274892319e-01 -6.255426037749832746e-01 -5.836863036704089680e-01 -5.434456167592485176e-01 -5.043550654623750740e-01 -4.662175600318896329e-01 -4.289769473266548672e-01 -3.926875290227934689e-01 -3.574804543046070093e-01 -3.235185449166513294e-01 -2.909608278857290786e-01 -2.599383254800017307e-01 -2.305735321502080104e-01 -2.029160201241628769e-01 -1.770033556224137328e-01 -1.527969143576726474e-01 -1.302648217813340004e-01 -1.093293981707627038e-01 -8.991279213736370901e-02 -7.191810350844893285e-02 -5.525467128677896689e-02 -3.981718688149360474e-02 -2.551755753213158506e-02 -1.227065089446806485e-02 0.000000000000000000e+00
1.382330269670055357e-03 1.828010277558093574e-02 1.950813594205951657e-02 2.057308279884644681e-02 2.146708789590795821e-02 2.218457367903311703e-02 2.272256405439267851e-02 2.308089353155307749e-02 2.326225736084545914e-02 2.327209026439259337e-02 2.311829573207702104e-02 2.281086705216996136e-02 2.236144508324252114e-02 2.178285285541523009e-02 2.108863937664715721e-02 2.029265736652653349e-02 1.940869251962051498e-02 1.845015504432978223e-02 1.742983767059239769e-02 1.635973855157974582e-02 1.525094306467389936e-02 1.411355575030337657e-02 1.295667245680967063e-02 1.178838286135063494e-02 1.061579447930357904e-02 9.445070648441099281e-03 8.281476460984232846e-03 7.129428005099248435e-03 5.992541448062200724e-03 4.873679391739824292e-03 3.774992540605838325e-03 2.697955041774364928e-03 1.382336934943247456e-03 1.885792726901279470e-02 2.008982421617372394e-02 2.112661828946896247e-02 2.195208531836955607e-02 2.261629542930740713e-02 2.309054527282973848e-02 2.339878700788737206e-02 2.355900882587152675e-02 2.358874855356792033e-02 2.349724757797105185e-02 2.329404099311440518e-02 2.300169874668182846e-02 2.260011872702461302e-02 2.211151392702192034e-02 2.154974796149120367e-02 2.088229260900154732e-02 2.014398276595743414e-02 1.933082132356256713e-02 1.844651228942661633e-02 1.749438870009932534e-02 1.647969088417954725e-02 1.538957778549830506e-02 1.424512209850184452e-02 1.303622665393284856e-02 1.176898434079820359e-02 1.040772387785258817e-02 8.992108900535552771e-03 7.494753848331892412e-03 5.909545258859516710e-03 4.225214138366868016e-03 2.455985477667422916e-03 -1.975007028684511852e+02 -1.135782764246576315e+00 -1.033079978180045266e+00 -9.490953279149402233e-01 -8.785244281178498094e-01 -8.175373830825871657e-01 -7.633264266280056498e-01 -7.138397395279419966e-01 -6.675794763806691678e-01 -6.235158392853541454e-01 -5.809559988025949639e-01 -5.394473482798890496e-01 -4.988175928942220061e-01 -4.590399829787770170e-01 -4.202017960531943541e-01 -3.824676716108214580e-01 -3.460330645276215034e-01 -3.110859583610661172e-01 -2.777813077358856075e-01 -2.462617218136386732e-01 -2.165879345511151355e-01 -1.888054825532639036e-01 -1.628747769117424027e-01 -1.387622068161870059e-01 -1.163832965835878974e-01 -9.565230497871160531e-02 -7.646221076771560210e-02 -5.871220416029584305e-02 -4.228589574678021101e-02 -2.708596427079794713e-02 -1.301862858015118835e-02 0.000000000000000000e+00
1.274945534566082573e-03 1.781158298738482956e-02 1.903353571682095402e-02 2.009965254476171401e-02 2.100173601984577781e-02 2.173370681535180191e-02 2.229195786327914375e-02 2.267559026794008226e-02 2.288649042009602633e-02 2.292923815490773357e-02 2.281086705216996136e-02 2.254051544698506063e-02 2.212901047882294414e-02 2.158842344365902513e-02 2.093162808229483487e-02 2.017188669261555864e-02 1.932248243466885493e-02 1.839640964795194109e-02 1.740612752529986304e-02 1.636337664272303344e-02 1.527905325931860729e-02 1.416313333307355794e-02 1.302463682771170736e-02 1.187162281187598839e-02 1.071120665403849440e-02 9.549591886801180735e-03 8.392110730187475956e-03 7.243268607122725980e-03 6.106789129238663662e-03 4.985656916958815937e-03 3.882156223103698164e-03 2.797903648895776977e-03 1.274951072343767774e-03 1.837757380956998171e-02 1.960665411303882943e-02 2.064837152341460202e-02 2.148556208967239770e-02 2.216678612608363394e-02 2.266144763471204804e-02 2.299353837256398747e-02 2.317953466065213880e-02 2.323641153601535905e-02 2.317307489141825355e-02 2.299889132742287748e-02 2.273609564494084162e-02 2.236482361283448350e-02 2.190687878765566060e-02 2.137406441281402419e-02 2.073817892121688350e-02 2.002989808243360245e-02 1.924604085863378458e-02 1.839011948426183540e-02 1.746522400679232506e-02 1.647600425230513407e-02 1.541123413961477222e-02 1.428918948952158721e-02 1.310082258096066134e-02 1.185152640685655824e-02 1.050712838899691554e-02 9.104693323613157613e-03 7.617700394417187097e-03 6.039649726225500975e-03 4.358912767839122522e-03 2.589606859353006229e-03 -2.056313745392938017e+02 -1.184611054127916452e+00 -1.080472586524252598e+00 -9.950926987974582083e-01 -9.230922478769902906e-01 -8.605974319410857332e-01 -8.047750617740826451e-01 -7.535587887861567857e-01 -7.054446403903678053e-01 -6.594055953908101175e-01 -6.147589878521324547e-01 -5.710662598484257391e-01 -5.281796161625663677e-01 -4.861007461187034084e-01 -4.449484034180478109e-01 -4.049189097227451350e-01 -3.662384746444201089e-01 -3.291222867414191899e-01 -2.937477734074265823e-01 -2.602763480814337949e-01 -2.287792144169626396e-01 -1.993093121733107154e-01 -1.718261124097788528e-01 -1.462942953839565796e-01 -1.226229630880284055e-01 -1.007188832522911970e-01 -8.046546186255171262e-02 -6.175225967085381379e-02 -4.445242406466314022e-02 -2.845989983111685273e-02 -1.367272733989017587e-02 0.000000000000000000e+00
1.170965685266679929e-03 1.724748783984099768e-02 1.845417042105911357e-02 1.951300423499845865e-02 2.041559512702430940e-02 2.115549576152986333e-02 2.172858039130417043e-02 2.213330094259488220e-02 2.237078752562217041e-02 2.244478495704654852e-02 2.236144508324252114e-02 2.212901047882294414e-02 2.175742876816328178e-02 2.125793358294455690e-02 2.064262260538637928e-02 1.992405732889063544e-02 1.911490330917398756e-02 1.822762352931679361e-02 1.727423121658691954e-02 1.626610263630180048e-02 1.521384572631736577e-02 1.412721732513174018e-02 1.301508020510700261e-02 1.188539087813135324e-02 1.074520979219442847e-02 9.600726685140037117e-03 8.457295185403489526e-03 7.319472027892234139e-03 6.191057355041340755e-03 5.075133432700108284e-03 3.974099701660305413e-03 2.889702399274735739e-03 1.170970125731680619e-03 1.779717521685967793e-02 1.901394626545001645e-02 2.005219345609203854e-02 2.089396001893835397e-02 2.158632320629898238e-02 2.209682763522687055e-02 2.244938908108239789e-02 2.265885893368426926e-02 2.274151821630495535e-02 2.270584757287076247e-02 2.256096420332274685e-02 2.232869774966038390e-02 2.198940693740041724e-02 2.156447057057984257e-02 2.106359384588743847e-02 2.046299209740981909e-02 1.978908040415934891e-02 1.903948902810072286e-02 1.821750760688551490e-02 1.732595190331122706e-02 1.636884460384984558e-02 1.533658772057548518e-02 1.424458356906096318e-02 1.308484627569301423e-02 1.186204893476739720e-02 1.054357728212491907e-02 9.163835159381978485e-03 7.697228169905797300e-03 6.136904207637234113e-03 4.470935702343580530e-03 2.713244031159212869e-03 -2.124048142754443234e+02 -1.225817191064774159e+00 -1.120759862943378815e+00 -1.034416185682335287e+00 -9.613603032954717298e-01 -8.976941493616278356e-01 -8.405730434666366380e-01 -7.879260089171169490e-01 -7.382498774959082022e-01 -6.905247913258638626e-01 -6.440808222260384630e-01 -5.984948003154700880e-01 -5.536430171989721316e-01 -5.095543832833575593e-01 -4.663772596295620576e-01 -4.243374119756216922e-01 -3.836894757062897510e-01 -3.446736778277260660e-01 -3.074881141777513482e-01 -2.723113952604032106e-01 -2.392243557612159510e-01 -2.082866735483694109e-01 -1.794569670739858680e-01 -1.526983039527149144e-01 -1.279138990103394491e-01 -1.050036070545650735e-01 -8.384202965538953278e-02 -6.430983633266992849e-02 -4.627056720339930290e-02 -2.961013222554366789e-02 -1.421905846172684222e-02 0.000000000000000000e+00
1.070883896417104079e-03 1.660030455560001714e-02 1.778329685335030760e-02 1.882698921936932016e-02 1.972292333182668056e-02 2.046441063309696259e-02 2.104691870644963270e-02 2.146834107245081461e-02 2.172911697495573044e-02 2.183219415492891613e-02 2.178285285541523009e-02 2.158842344365902513e-02 2.125793358294455690e-02 2.080171840676782111e-02 2.023102259015106472e-02 1.955761829793088713e-02 1.879345781663266726e-02 1.795037399751384793e-02 1.703983564153398883e-02 1.607275928193847500e-02 1.505937417298817103e-02 1.400913410591326895e-02 1.293066799842869548e-02 1.183176080340769300e-02 1.071935677942689041e-02 9.599578178342053902e-03 8.477753619221629899e-03 7.358451613804914242e-03 6.245515752104822092e-03 5.142098877751023235e-03 4.050694150412786042e-03 2.973161194057863735e-03 1.070887282836714954e-03 1.712984563546849498e-02 1.832552643953299504e-02 1.935238863028381287e-02 2.019183820085107550e-02 2.088953200776181782e-02 2.141121747410321824e-02 2.178065310436815352e-02 2.201098479952202230e-02 2.211768946446470221e-02 2.210874089423390393e-02 2.199292950981670061e-02 2.179161510140849994e-02 2.148535924285668516e-02 2.109510763005350079e-02 2.062846840325389605e-02 2.006608834162990421e-02 1.943010062323099682e-02 1.871893286064036169e-02 1.793563072384544640e-02 1.708271432087210204e-02 1.616355818248868537e-02 1.517018049514709185e-02 1.411508819559312289e-02 1.299135394293950488e-02 1.180293269634311894e-02 1.051876874178021837e-02 9.170635199463768317e-03 7.733887781502944009e-03 6.201363606464328944e-03 4.560900773324162195e-03 2.826140711520494422e-03 -2.176139821799343963e+02 -1.258094886857203054e+00 -1.152721244655010580e+00 -1.065920471631655930e+00 -9.922514493894973864e-01 -9.278137503147851906e-01 -8.697666902247989107e-01 -8.160456676001610621e-01 -7.651560414853191272e-01 -7.160900124091322816e-01 -6.681932518065338833e-01 -6.210594668065804180e-01 -5.745885094708227392e-01 -5.288350531534549148e-01 -4.839748515658529038e-01 -4.402604760215272361e-01 -3.979722413966858552e-01 -3.573728656006575632e-01 -3.186789953441245826e-01 -2.820845639669219973e-01 -2.476790727545217230e-01 -2.155281937339900700e-01 -1.855898531968026566e-01 -1.578256805786549533e-01 -1.321337039470218411e-01 -1.084076248823034605e-01 -8.651422879844705704e-02 -6.632625024344186715e-02 -4.769871360584794495e-02 -3.051039600856461642e-02 -1.464516928493017102e-02 0.000000000000000000e+00
9.751187258980008581e-04 1.588241840559691601e-02 1.703413075020227332e-02 1.805549330506377170e-02 1.893810151398759786e-02 1.967514260755447164e-02 2.026178564200367682e-02 2.069545895528661708e-02 2.097598489414968445e-02 2.110556601522878273e-02 2.108863937664715721e-02 2.093162808229483487e-02 2.064262260538637928e-02 2.023102259015106472e-02 1.970716618131251180e-02 1.908196986113408489e-02 1.836659728180742648e-02 1.757217041933056834e-02 1.670953074851062176e-02 1.578905269526670666e-02 1.482050707633772793e-02 1.381296903869560534e-02 1.277476324531665736e-02 1.171343851706327897e-02 1.063576448737848200e-02 9.547743696997561258e-03 8.454633648791830616e-03 7.360974442755484348e-03 6.270618583506690387e-03 5.186760324298723621e-03 4.111962447626476939e-03 3.048178666027153046e-03 9.751211124359748274e-04 1.638860950202427127e-02 1.755521456594223012e-02 1.856335338029551502e-02 1.939395186314661276e-02 2.009133448566825797e-02 2.061953848694880048e-02 2.100211481441499606e-02 2.125045631622704198e-02 2.137914884935525339e-02 2.139558913826377501e-02 2.130816947611212028e-02 2.113772085384194727e-02 2.086498365544325190e-02 2.051046619991472170e-02 2.007971975256805583e-02 1.955775343769393729e-02 1.896248123849953934e-02 1.829310268626434602e-02 1.755240705835173914e-02 1.674260732912934840e-02 1.586642525280166152e-02 1.491745639570206568e-02 1.390534923422272022e-02 1.282421498979740247e-02 1.167731442627786137e-02 1.043509435685769163e-02 9.126817195191431337e-03 7.728776535873838061e-03 6.233547722512593030e-03 4.628803552076975192e-03 2.927826607507337097e-03 -2.210717600059292920e+02 -1.280251435720181741e+00 -1.175244127151244822e+00 -1.088563125475760396e+00 -1.014786716820578416e+00 -9.500361655050221232e-01 -8.914917504552229977e-01 -8.371072863226521887e-01 -7.854051149152356803e-01 -7.353948489909420960e-01 -6.864408677016659022e-01 -6.381553619303756975e-01 -5.904610987866663052e-01 -5.434368259859889694e-01 -4.972831542588077580e-01 -4.522764567266387981e-01 -4.087196050512563184e-01 -3.668949212969774831e-01 -3.270352102580110221e-01 -2.893476226934871276e-01 -2.539292593214072524e-01 -2.208509835169129021e-01 -1.900702694252421332e-01 -1.615475668023309830e-01 -1.351765800836753073e-01 -1.108457946190154336e-01 -8.841537976093477580e-02 -6.775130081031237317e-02 -4.870138235720173486e-02 -3.113836431708647684e-02 -1.494050501588673960e-02 0.000000000000000000e+00
8.840076323389876173e-04 1.510585600974961515e-02 1.621955767405641388e-02 1.721211640415223204e-02 1.807528402927835107e-02 1.880222914474439025e-02 1.938792401319404043e-02 1.982942421143082251e-02 2.012601400971481339e-02 2.027921276798949624e-02 2.029265736652653349e-02 2.017188669261555864e-02 1.992405732889063544e-02 1.955761829793088713e-02 1.908196986113408489e-02 1.850712806506741442e-02 1.784341289015062282e-02 1.710117323609091494e-02 1.629055678339840982e-02 1.542132763685641166e-02 1.450273028884339725e-02 1.354339529531423114e-02 1.255128024447898540e-02 1.153363895007205459e-02 1.049701200762290405e-02 9.447232580023100582e-03 8.389442243678641928e-03 7.328112721247860388e-03 6.267070218688913785e-03 5.209519798097499675e-03 4.158067715436309687e-03 3.114739913038572314e-03 8.840090821053521930e-04 1.558612095893319692e-02 1.671650862220317585e-02 1.769922842445175934e-02 1.851487944704196739e-02 1.920655759341300534e-02 1.973669717489641776e-02 2.012861798000370808e-02 2.039194406950675664e-02 2.054030724739768637e-02 2.058047079586418707e-02 2.052036588897508326e-02 2.038024225253778562e-02 2.014099271839811175e-02 1.982268584518979276e-02 1.942889567029609105e-02 1.894883460351852109e-02 1.839634620350927632e-02 1.777136270183565098e-02 1.707641254292125571e-02 1.631339942909312141e-02 1.548440425506479069e-02 1.458453257293857407e-02 1.362067285757150720e-02 1.258793734147035416e-02 1.148893819962658498e-02 1.029551818630663335e-02 9.034632310394908467e-03 7.683467726154916827e-03 6.234394666109637807e-03 4.674994234786311077e-03 3.018117033436569334e-03 -2.226185044094909529e+02 -1.291255773468798163e+00 -1.187367794701207124e+00 -1.101445047963212742e+00 -1.028122728487923521e+00 -9.635697519164223568e-01 -9.050056389847244143e-01 -8.504155718810221254e-01 -7.983479607787637988e-01 -7.478355649660830551e-01 -6.982647660009203561e-01 -6.492679189784111848e-01 -6.007899327319863314e-01 -5.529317209455713034e-01 -5.059159240318819029e-01 -4.600393896730252674e-01 -4.156240957152995130e-01 -3.729687913324471471e-01 -3.323198150726816014e-01 -2.938952393110643713e-01 -2.577986187990267686e-01 -2.241051671237699328e-01 -1.927722287460996720e-01 -1.637594187542345536e-01 -1.369571353933122793e-01 -1.122497517045266957e-01 -8.949221766852487325e-02 -6.854508895216469833e-02 -4.925051179850655630e-02 -3.147646221192808985e-02 -1.509679457496970918e-02 0.000000000000000000e+00
