6.574685521030050606e-02 4.842248707881087466e-02 4.651101036114383552e-02 4.448359472973865969e-02 4.237932056568716882e-02 4.015842368369314935e-02 3.781367562226541773e-02 3.544098683541546668e-02 3.303487017130065512e-02 3.064518576579064457e-02 2.827023425810853627e-02 2.594112958223844523e-02 2.370068327665182661e-02 2.154539736827922047e-02 1.951565051433060138e-02 1.761590371020739509e-02 1.582101449461830595e-02 1.415306724585824183e-02 1.261366153272800231e-02 1.120975278125813275e-02 9.861641446488357554e-03 8.672684352968739255e-03 7.618771342116035898e-03 6.641247932560345214e-03 5.756988615705179758e-03 4.956406529580919922e-03 4.246671240744929673e-03 3.596537310758970984e-03 3.018269955079672107e-03 2.551692871856500126e-03 2.052403123442838370e-03 1.848948952972661718e-03 7.040716457300191800e-02 5.736214683108181722e-02 5.545015657305544382e-02 5.321947550094779933e-02 5.080449558366082613e-02 4.812198711949412788e-02 4.520278568900034516e-02 4.213565820123772732e-02 3.899243688790053619e-02 3.584330840553442976e-02 3.268420143256497989e-02 2.961031897439152585e-02 2.663962779476185608e-02 2.378422469216284404e-02 2.112679782559219455e-02 1.864839999615329827e-02 1.640751750981464877e-02 1.430153126715112341e-02 1.236927432529659303e-02 1.062823252116078601e-02 9.025178048285389595e-03 7.659494891894856779e-03 6.405583720702434647e-03 5.274877120454038969e-03 4.291442595826178673e-03 3.439608001664651738e-03 2.710303794312666267e-03 2.069033302024223409e-03 1.519594747002122681e-03 1.052262114475431510e-03 6.626466759202993568e-04 4.526452261124772124e-04 5.782866100654980812e+01 3.144260054698480022e-01 2.915513629141414653e-01 2.721839022444104139e-01 2.551646940197259683e-01 2.396990447143604042e-01 2.252445266947692981e-01 2.114548092727109863e-01 1.981217455837308294e-01 1.851390213857840861e-01 1.724677085940183874e-01 1.601075164042599641e-01 1.480812138091690822e-01 1.364220480227778531e-01 1.251589444837716836e-01 1.143181968315996055e-01 1.039175628053165545e-01 9.397356292539911504e-02 8.449101061198709128e-02 7.546687376570415662e-02 6.689631046803082293e-02 5.876665914887880399e-02 5.106422977597233764e-02 4.377358404796796720e-02 3.688124572772007864e-02 3.038791682447140180e-02 2.428388967480137745e-02 1.857490912076647724e-02 1.327134006994259811e-02 8.392356806755856685e-03 3.959523439923862478e-03 0.000000000000000000e+00
4.842248707881087466e-02 6.010993571807279195e-02 6.071276253919630911e-02 6.100266490162160882e-02 6.097234142632666776e-02 6.055798535947998218e-02 5.972168874402086769e-02 5.856251322426007933e-02 5.705040402328046684e-02 5.523296374675878972e-02 5.314858728352553352e-02 5.081798486133856652e-02 4.834423434951901771e-02 4.573405152318403555e-02 4.306338050906198534e-02 4.036436140555030999e-02 3.763915800455728405e-02 3.493625143025884394e-02 3.226605073235108007e-02 2.965811136050519603e-02 2.715834119311068620e-02 2.469790399570846728e-02 2.232243168935243299e-02 2.002683919071056307e-02 1.781424892820065997e-02 1.567780218355319805e-02 1.365746964817387415e-02 1.167356130192810648e-02 9.772941003000730140e-03 7.955703235833803608e-03 6.193717302891413833e-03 4.666938595418648229e-03 5.196662549683599142e-02 7.059669648947608511e-02 7.209571169261415335e-02 7.303536511511656004e-02 7.347821308822012620e-02 7.328032186717781116e-02 7.241291948480502172e-02 7.095455686622605118e-02 6.892942974789122157e-02 6.640326718603532796e-02 6.344277587204624758e-02 6.017883886884512618e-02 5.666529353904149746e-02 5.298569971721611704e-02 4.929202389246870042e-02 4.560577182807201008e-02 4.203124415459585234e-02 3.849774215568578517e-02 3.507400178803601887e-02 3.177833809966301021e-02 2.863781204659288787e-02 2.564734519443879687e-02 2.280174069097342868e-02 2.005719057370280306e-02 1.744134727132309187e-02 1.493851189134539313e-02 1.251672787531647041e-02 1.017541797412060967e-02 7.898130362230068591e-03 5.646660168875783543e-03 3.405520840758253370e-03 1.207950010404517261e-03 3.177647647064533487e+01 2.248151934846395472e-01 2.043933654629103980e-01 1.865188570613883767e-01 1.704566890216089869e-01 1.557264272023595464e-01 1.420097714894775209e-01 1.291125519921570708e-01 1.169261534123307994e-01 1.054038772117058820e-01 9.453605276811490044e-02 8.433024134398461880e-02 7.480037997860007615e-02 6.595792939283547096e-02 5.780328337745872791e-02 5.032931617327859181e-02 4.351892344946180907e-02 3.735114250022881360e-02 3.179620993430212067e-02 2.682026167649423712e-02 2.238866118693591187e-02 1.846347898997987083e-02 1.500457315589914277e-02 1.197539660575637141e-02 9.339114187317924115e-03 7.072683442587387494e-03 5.144230304675609031e-03 3.533747351474381126e-03 2.223840886861495631e-03 1.204158990819885434e-03 4.647857967542301950e-04 0.000000000000000000e+00
4.651101036114383552e-02 6.071276253919630911e-02 6.172995633573610808e-02 6.230852375395338344e-02 6.261717937064431583e-02 6.251529690729010214e-02 6.195842094870381705e-02 6.104111226374345917e-02 5.972451233999330478e-02 5.805354218261822574e-02 5.606841275229207389e-02 5.379023047833340898e-02 5.132916796367186646e-02 4.869514894815618611e-02 4.596923418770209463e-02 4.318853067908507565e-02 4.036130087984551168e-02 3.753701730448676110e-02 3.472875285256801781e-02 3.198294869927666845e-02 2.933932820630657384e-02 2.672972993861089455e-02 2.419321189712123413e-02 2.173704714297496066e-02 1.936189265509811325e-02 1.706083444115583797e-02 1.487597165553695977e-02 1.272381888099432742e-02 1.065310271866356379e-02 8.662182021412938304e-03 6.720132491085841452e-03 5.000089691802970908e-03 4.993373336469478230e-02 7.126494434988824012e-02 7.329020260242749552e-02 7.465992975676741250e-02 7.558634930370751459e-02 7.583119538121373127e-02 7.535647088690880513e-02 7.422875788009282438e-02 7.245846946090779561e-02 7.010638658048988503e-02 6.724365641551688366e-02 6.400831387490338309e-02 6.046259084497479508e-02 5.670240122872504535e-02 5.289007533712915266e-02 4.905642836021438524e-02 4.531376530532005287e-02 4.160458240609880148e-02 3.799739558044074039e-02 3.450913148049271351e-02 3.117920019088477046e-02 2.799513056850969073e-02 2.496020961575272021e-02 2.202465191445892104e-02 1.921589430408042476e-02 1.651706233824750195e-02 1.389398990475324523e-02 1.134405186838517536e-02 8.850137381374242190e-03 6.367971454897971770e-03 3.874915636546777137e-03 1.388638151309240726e-03 2.854439258468414309e+01 2.128851095239273905e-01 1.932133423406308392e-01 1.758622222373187050e-01 1.601813869438577786e-01 1.457484708760871106e-01 1.322861618489124813e-01 1.196286399802427153e-01 1.076865055771112634e-01 9.642526134056990383e-02 8.584222342891131841e-02 7.594815867658286090e-02 6.675745026676432881e-02 5.827987543170658202e-02 5.051319577651566806e-02 4.344686297231280248e-02 3.706024217022034495e-02 3.132856815196044531e-02 2.621874021652713729e-02 2.169413023091854714e-02 1.771751628891361785e-02 1.424895161460968361e-02 1.124612940372983656e-02 8.671044341985231080e-03 6.484957351329275095e-03 4.662781141913410234e-03 3.170844966382519500e-03 1.986745902035230195e-03 1.090438971739991205e-03 4.686465151003951974e-04 1.082425218429743888e-04 0.000000000000000000e+00
4.448359472973865969e-02 6.100266490162160882e-02 6.230852375395338344e-02 6.335796577635501026e-02 6.398386894566929217e-02 6.421805432941268821e-02 6.397034690245576027e-02 6.332847094770820140e-02 6.224029118761331691e-02 6.074629806824263095e-02 5.888753640284597607e-02 5.668525500155002089e-02 5.425644567711448291e-02 5.161444170416702726e-02 4.884556304976858665e-02 4.599198844442539680e-02 4.306737897257251202e-02 4.015607863462332394e-02 3.719761362146543210e-02 3.431465730524155960e-02 3.153112328234018019e-02 2.876689742368253658e-02 2.607604132343133152e-02 2.346276863300213178e-02 2.092814406223891116e-02 1.846542932408224563e-02 1.611826011338423487e-02 1.380054157583411253e-02 1.156187882794812785e-02 9.399498135390926823e-03 7.277351787060861409e-03 5.362729233845063212e-03 4.777830591844412639e-02 7.154070463492571974e-02 7.398145130735914177e-02 7.602015986870580555e-02 7.737717648593131492e-02 7.809921363090731317e-02 7.806368816454332948e-02 7.731707973468718298e-02 7.585010818886651907e-02 7.371466251941372061e-02 7.098478330583815610e-02 6.780525232882883557e-02 6.424745756896931004e-02 6.042033504575984593e-02 5.649752959077439241e-02 5.252075222922049369e-02 4.861348763990061550e-02 4.469589438830231382e-02 4.092482277165176985e-02 3.724631269676433043e-02 3.372737562266040628e-02 3.035034458968303983e-02 2.712836954726472946e-02 2.400493949601181093e-02 2.100701270215733774e-02 1.811639058819891970e-02 1.529759087284766894e-02 1.254312878838718080e-02 9.836881056405852655e-03 7.127757517540310277e-03 4.384876178718473405e-03 1.608477120985479965e-03 2.557605529591075566e+01 2.023214200094790027e-01 1.833549840687209442e-01 1.664811559487754944e-01 1.511344527953042138e-01 1.369502061346349331e-01 1.236919956578418495e-01 1.112224957850761614e-01 9.947177807616262857e-02 8.841781542670520966e-02 7.806518387265617975e-02 6.842810853659249404e-02 5.952166513576119533e-02 5.135419409495960846e-02 4.392108812742581692e-02 3.720863147166128537e-02 3.119291075328026533e-02 2.584558629825712758e-02 2.113043631645515619e-02 1.700826316704902308e-02 1.343942566169739269e-02 1.038209061267120030e-02 7.791911267710370688e-03 5.629479504141053289e-03 3.854197842880646100e-03 2.438907217960527805e-03 1.348116079604586709e-03 5.569427543989074331e-04 4.259451650545772669e-05 -2.112715441731053301e-04 -2.211536916852984759e-04 0.000000000000000000e+00
4.237932056568716882e-02 6.097234142632666776e-02 6.261717937064431583e-02 6.398386894566929217e-02 6.499441104036203509e-02 6.559215838340561044e-02 6.568050796140119385e-02 6.534902586459012674e-02 6.452454196899552741e-02 6.324173695859766631e-02 6.154123796439373711e-02 5.944367061088037807e-02 5.707230004342498525e-02 5.444376278450746565e-02 5.164977513009566534e-02 4.873810825386555579e-02 4.573069522667280035e-02 4.270031797826561587e-02 3.962888920997910402e-02 3.661665565197553401e-02 3.369391531579177257e-02 3.078805058508161246e-02 2.794406850296534892e-02 2.517693676449520718e-02 2.248586335001500833e-02 1.986413838105420548e-02 1.735563904313718736e-02 1.487408539868940137e-02 1.246780197796275476e-02 1.013351976260144435e-02 7.827999584145360970e-03 5.713301842766939191e-03 4.553658820045913130e-02 7.142588073384968650e-02 7.432541389836626322e-02 7.678388434004040919e-02 7.869870633261843995e-02 7.994514018929403665e-02 8.039664957766599895e-02 8.008678000286688359e-02 7.897927168197806103e-02 7.711273835072093852e-02 7.456190262293756199e-02 7.147694985622236874e-02 6.793832318394478487e-02 6.406803715182664283e-02 6.005140972842436947e-02 5.594176928671070609e-02 5.187296731893759061e-02 4.779719798971197864e-02 4.383287096753241130e-02 3.996532421319681089e-02 3.625534784925534687e-02 3.269037625001247616e-02 2.928389667225178225e-02 2.597612226759352799e-02 2.279269137840390924e-02 1.971370976807000630e-02 1.670484229526810957e-02 1.374701140574580323e-02 1.082961115800585086e-02 7.893015711107150348e-03 4.896767126316225495e-03 1.821819209105598634e-03 2.268385514044278750e+01 1.920104484394242472e-01 1.738041032108208761e-01 1.574557084913779381e-01 1.424831272287922224e-01 1.285789284472839411e-01 1.155478375003017449e-01 1.032815905360257996e-01 9.173039863788907955e-02 8.088536666037124401e-02 7.075898045489856236e-02 6.136953923826014151e-02 5.273340982392836496e-02 4.485808956595708358e-02 3.773722044053819807e-02 3.135452814178592285e-02 2.568343228614794124e-02 2.069260328357312023e-02 1.634326636685864628e-02 1.259418529616925138e-02 9.403783334235388258e-03 6.728766073371125755e-03 4.523148673901512991e-03 2.746400059110002453e-03 1.356332333143525160e-03 3.238546939476161061e-04 -3.882025932887803892e-04 -8.071448468867408388e-04 -9.584844516645242563e-04 -8.616581383459338394e-04 -5.365775492923345949e-04 0.000000000000000000e+00
4.015842368369314935e-02 6.055798535947998218e-02 6.251529690729010214e-02 6.421805432941268821e-02 6.559215838340561044e-02 6.656148225537260321e-02 6.698564904018085298e-02 6.700003826119786676e-02 6.647314183817179534e-02 6.543667904151412307e-02 6.392918753260511122e-02 6.196910893531713121e-02 5.968479249022035776e-02 5.709544443690956622e-02 5.429799425058155771e-02 5.134546108486660182e-02 4.826831917403724692e-02 4.514391273934291460e-02 4.196043651791046131e-02 3.882669485509714080e-02 3.577022406737558058e-02 3.272844489273272345e-02 2.973852522949260724e-02 2.682375033998729910e-02 2.398220083046381443e-02 2.120754702560471647e-02 1.853829391643136565e-02 1.590043403262193095e-02 1.333094653555549382e-02 1.082859064587419345e-02 8.341714380381439961e-03 6.027657747254541731e-03 4.316838140332469181e-02 7.084476295298179627e-02 7.415653220187860828e-02 7.707477070068144420e-02 7.950668293042795209e-02 8.128825772632637670e-02 8.224040612703362174e-02 8.241775120682019729e-02 8.172442738065431589e-02 8.018221481814707952e-02 7.786299837766913479e-02 7.491938906216914773e-02 7.143950246423204364e-02 6.755753518499001131e-02 6.347052249201598495e-02 5.924430211711965294e-02 5.502551648371244164e-02 5.078333134821026024e-02 4.664056083816088549e-02 4.258855269796615189e-02 3.868890128355577385e-02 3.494030920563395703e-02 3.135319764688349747e-02 2.786582602241419529e-02 2.450212032266990345e-02 2.123953071034719725e-02 1.805922611492557020e-02 1.489727840315556440e-02 1.177451228472136714e-02 8.616182369235676763e-03 5.371176854134093390e-03 2.000060058462419053e-03 2.021566245340586221e+01 1.837115406394260464e-01 1.661619523339430415e-01 1.502582818584844437e-01 1.355904364625066527e-01 1.219016753298790140e-01 1.090341147117772636e-01 9.690645150071656999e-02 8.548793934122776716e-02 7.478235996639395755e-02 6.481008559214324061e-02 5.559373593003993225e-02 4.715138834106086946e-02 3.949023956135132990e-02 3.260279081264691459e-02 2.647083675897598729e-02 2.106575000398840797e-02 1.635378939469210591e-02 1.229415296022678961e-02 8.844020281682716395e-03 5.960262544291315169e-03 3.598428681213521659e-03 1.711177164178946620e-03 2.569706957801228897e-04 -8.078303908545804131e-04 -1.514248881529997159e-03 -1.901133400500696355e-03 -1.998284714301425645e-03 -1.834027486719549006e-03 -1.431036342103989998e-03 -8.127792804921031957e-04 0.000000000000000000e+00
3.781367562226541773e-02 5.972168874402086769e-02 6.195842094870381705e-02 6.397034690245576027e-02 6.568050796140119385e-02 6.698564904018085298e-02 6.792821127116831226e-02 6.820202164664557198e-02 6.799162296526783944e-02 6.723234518593639020e-02 6.595390469379197596e-02 6.416854134840667412e-02 6.200719324780856051e-02 5.948960961844323297e-02 5.671857858831923921e-02 5.374958171390978312e-02 5.062349424447205870e-02 4.742388538078998184e-02 4.414371365822617604e-02 4.090208164313503814e-02 3.772365059686991207e-02 3.455701878674907745e-02 3.143245787719055329e-02 2.838030796399338210e-02 2.539739627512591427e-02 2.247467487348934687e-02 1.969757440103250476e-02 1.688546340127809395e-02 1.415885622881594280e-02 1.149572872487901291e-02 8.834025796950594617e-03 6.326230699760394122e-03 4.066057462832914360e-02 6.976578279647105418e-02 7.343943987776857529e-02 7.677837728376950277e-02 7.968809414000327385e-02 8.196798051491538395e-02 8.359760174111534325e-02 8.418536298992915223e-02 8.394954074317943771e-02 8.278655970277337683e-02 8.075848471391997019e-02 7.801419222483335636e-02 7.464572388824859683e-02 7.079687131390313692e-02 6.667575477106287007e-02 6.236020549041874222e-02 5.801160432581303761e-02 5.361706113626046877e-02 4.930813454769884113e-02 4.508167492983423258e-02 4.100057547707729177e-02 3.707784509097093728e-02 3.331973449482848737e-02 2.966419099685762423e-02 2.613463384622087896e-02 2.271410491967989359e-02 1.925900169423762701e-02 1.597840060082695787e-02 1.267006211659010492e-02 9.305269806458186382e-03 5.825035460832598752e-03 2.169873296697443638e-03 1.838786750836909434e+01 1.783590048702859143e-01 1.612794714915757044e-01 1.456747819375483755e-01 1.311898733062812350e-01 1.176081006906952858e-01 1.048022429180764242e-01 9.271371463562626258e-02 8.132823018992280106e-02 7.066080303615095148e-02 6.073909603084928083e-02 5.159003036802745079e-02 4.323374385722972280e-02 3.567774900177003716e-02 2.891415053580573963e-02 2.292360576475854436e-02 1.767622074868399965e-02 1.313656685834038718e-02 9.262449802515964128e-03 6.009989651152703241e-03 3.334929515567299722e-03 1.191980667670872619e-03 -4.672704480523558407e-04 -1.685284903211250584e-03 -2.507032115382117239e-03 -2.965498145756733511e-03 -3.101239865159123154e-03 -2.946645246098049398e-03 -2.532957023543541859e-03 -1.886234597432260652e-03 -1.033627311858628618e-03 0.000000000000000000e+00
3.544098683541546668e-02 5.856251322426007933e-02 6.104111226374345917e-02 6.332847094770820140e-02 6.534902586459012674e-02 6.700003826119786676e-02 6.820202164664557198e-02 6.889977250180685797e-02 6.902663308264139763e-02 6.857392362726826007e-02 6.756010521666372393e-02 6.598735165033517425e-02 6.398682708057989998e-02 6.157764299854019685e-02 5.885995679611332604e-02 5.590156113490361151e-02 5.274863182942239603e-02 4.949250120702219230e-02 4.613168535883959559e-02 4.279554843107614276e-02 3.950656336381230122e-02 3.622589071277203254e-02 3.297774178211863166e-02 2.979904877973506977e-02 2.668642427749135307e-02 2.363225204592907247e-02 2.069940152615260334e-02 1.775813691305523981e-02 1.488646908162629713e-02 1.207180594612117415e-02 9.242553799557184924e-03 6.545911660699902518e-03 3.812570603475683162e-02 6.828973948222591406e-02 7.226464635607743325e-02 7.596725859331612818e-02 7.930492670030876712e-02 8.206979620357446326e-02 8.410984308838877210e-02 8.531562684073186464e-02 8.555461360529595383e-02 8.481620799760192231e-02 8.313701293470902864e-02 8.065315753471921645e-02 7.745435661332929211e-02 7.369047406284086332e-02 6.957618451461142217e-02 6.520383667931553551e-02 6.074901053448886201e-02 5.621885773686108312e-02 5.175574308259729001e-02 4.736370356101882173e-02 4.310711823911254903e-02 3.901613545742589617e-02 3.509183107972207311e-02 3.127264992597891813e-02 2.757972132482336414e-02 2.399071486627581476e-02 2.042321211921393001e-02 1.693717678309171817e-02 1.344374321460622967e-02 9.878945984805506328e-03 6.170863471619204149e-03 2.237656919995852697e-03 1.679093683694539507e+01 1.739764493663679135e-01 1.573676237114580989e-01 1.420762082400445769e-01 1.277927367841559803e-01 1.143350719772710661e-01 1.016032578319650687e-01 8.955935492371068507e-02 7.820433329566603420e-02 6.756391037657842602e-02 5.767300033425986489e-02 4.856317381367519781e-02 4.025728345177506662e-02 3.276405566903918543e-02 2.607624749341609996e-02 2.017448935305694163e-02 1.502875275096687141e-02 1.060301585567237533e-02 6.854698055128021286e-03 3.739759502748919370e-03 1.213604857644613386e-03 -7.692129908068591048e-04 -2.257554231405130458e-03 -3.294393992875959895e-03 -3.925594695520357585e-03 -4.185858288221423924e-03 -4.117197047793025137e-03 -3.754422124734172958e-03 -3.131561610685889164e-03 -2.277995965218730570e-03 -1.224488030343818742e-03 0.000000000000000000e+00
3.303487017130065512e-02 5.705040402328046684e-02 5.972451233999330478e-02 6.224029118761331691e-02 6.452454196899552741e-02 6.647314183817179534e-02 6.799162296526783944e-02 6.902663308264139763e-02 6.949899222077342287e-02 6.937031244408357888e-02 6.865525630700744508e-02 6.733605172879843226e-02 6.554078906896464163e-02 6.328244463349591564e-02 6.066259979725214385e-02 5.775034685193008999e-02 5.460227027911539188e-02 5.131735132886356548e-02 4.790067615920304972e-02 4.449113403845209036e-02 4.111000470823714809e-02 3.773218172232890855e-02 3.437660600497130514e-02 3.108630685686221765e-02 2.785788039448513706e-02 2.468386055115369751e-02 2.162776087780768353e-02 1.855831658214211408e-02 1.555277973447327482e-02 1.259780659173666446e-02 9.611554897260113015e-03 6.734632466362857998e-03 3.554769302814270171e-02 6.639734405168846998e-02 7.060428933047882549e-02 7.459892354391021996e-02 7.829284603467615011e-02 8.147483403865564411e-02 8.397729912910494032e-02 8.566249950534997326e-02 8.640455304694905081e-02 8.612696071150348354e-02 8.485936224869025657e-02 8.270935852597025018e-02 7.975504915549593010e-02 7.614631189048690074e-02 7.210198066902803737e-02 6.772411628938897199e-02 6.320443458525283609e-02 5.857169327068496162e-02 5.398033343477162682e-02 4.944384130556420121e-02 4.502869072494122826e-02 4.078471970164117971e-02 3.670802230417800904e-02 3.273914542354296187e-02 2.889786626488001151e-02 2.516033260096428234e-02 2.144475155310816838e-02 1.780038395366223200e-02 1.414027300381545151e-02 1.039242083385725872e-02 6.472962590602818027e-03 2.277271837717224565e-03 1.560254270304348623e+01 1.711264603189314171e-01 1.549257668149014722e-01 1.399145005015393628e-01 1.258156407377952202e-01 1.124727476571868584e-01 9.980702259037391166e-02 8.779694868828781529e-02 7.645592449560428827e-02 6.581864394436215404e-02 5.592644887421527322e-02 4.681545745218683441e-02 3.851167343187346381e-02 3.102589875589849971e-02 2.435264054836726658e-02 1.847370854618907501e-02 1.336015585226069634e-02 8.976530335114406636e-03 5.280904836250511873e-03 2.229963952634477550e-03 -2.204864629690411857e-04 -2.115457708139143952e-03 -3.503740536917461425e-03 -4.428535249337581768e-03 -4.936297215701751680e-03 -5.063336541665667927e-03 -4.853002195268244640e-03 -4.342504011562733912e-03 -3.568659462071892968e-03 -2.564229030675084335e-03 -1.363633906955652236e-03 0.000000000000000000e+00
3.064518576579064457e-02 5.523296374675878972e-02 5.805354218261822574e-02 6.074629806824263095e-02 6.324173695859766631e-02 6.543667904151412307e-02 6.723234518593639020e-02 6.857392362726826007e-02 6.937031244408357888e-02 6.958633847533221561e-02 6.918445247839211110e-02 6.815149003715202658e-02 6.660379535035015897e-02 6.454084882612921847e-02 6.206137910664150104e-02 5.923517357421802243e-02 5.612775156221574274e-02 5.284577393113529947e-02 4.940190873922076925e-02 4.594341657417192609e-02 4.249153254553782177e-02 3.903598796187380399e-02 3.559121875484569375e-02 3.220616779661020918e-02 2.887780670864257757e-02 2.559854367671006090e-02 2.243962447396797427e-02 1.925236318178191394e-02 1.612640804737361030e-02 1.304406557279358045e-02 9.913393663901806305e-03 6.866833922484781409e-03 3.299220325878072374e-02 6.414838403662806443e-02 6.851493893117971412e-02 7.272303572920638115e-02 7.669063941045897725e-02 8.020792394207110210e-02 8.310280527110050497e-02 8.522548548105672583e-02 8.643675149250823475e-02 8.666234233928131470e-02 8.583387444734870420e-02 8.408245826084276286e-02 8.144524214037492105e-02 7.806556166588771162e-02 7.415928937986131231e-02 6.983502479539173413e-02 6.529967603938267862e-02 6.060461056035770788e-02 5.591687971245863642e-02 5.126162681846065799e-02 4.670815355846514444e-02 4.232816115918210109e-02 3.811358482083421206e-02 3.400858683644041036e-02 3.003230261519719557e-02 2.616033188553410285e-02 2.229432197342053057e-02 1.852289996142112566e-02 1.471169941214882024e-02 1.079812495771672459e-02 6.686164011493323303e-03 2.247977136361152799e-03 1.462589383229634166e+01 1.688092605499575405e-01 1.530394685140809563e-01 1.383494537189379758e-01 1.244853254218322158e-01 1.113097020051920238e-01 9.876003034892869015e-02 8.682760697546186568e-02 7.553571405400218153e-02 6.492639913311847033e-02 5.504661579300614699e-02 4.593691988759322081e-02 3.762692049138236655e-02 3.013040989706464862e-02 2.344483441906959967e-02 1.755449833187574388e-02 1.243288230161371764e-02 8.046410527771306193e-03 4.354984753336343072e-03 1.317036303579770425e-03 -1.110350703337741529e-03 -2.971015124169632936e-03 -4.313027385041912944e-03 -5.179350145601652362e-03 -5.616577998057393876e-03 -5.662344044016513235e-03 -5.361027426317254915e-03 -4.752016225749014500e-03 -3.874718999121014307e-03 -2.765129606285238011e-03 -1.461170334606784905e-03 0.000000000000000000e+00
2.827023425810853627e-02 5.314858728352553352e-02 5.606841275229207389e-02 5.888753640284597607e-02 6.154123796439373711e-02 6.392918753260511122e-02 6.595390469379197596e-02 6.756010521666372393e-02 6.865525630700744508e-02 6.918445247839211110e-02 6.911997171735051460e-02 6.838764549894324474e-02 6.712898717558993256e-02 6.530627986155479459e-02 6.301351220018260035e-02 6.031836969481544491e-02 5.729368374278088344e-02 5.405300861509613336e-02 5.061708416194290322e-02 4.713997202774580092e-02 4.364386141737977565e-02 4.013437317072974381e-02 3.662215731725499551e-02 3.316202786445260342e-02 2.975149984720246513e-02 2.638038146737291256e-02 2.315663548508562278e-02 1.986006782982268834e-02 1.662811791049201640e-02 1.343349636405890245e-02 1.017396885956669411e-02 6.971757044521488360e-03 3.044171664002632768e-02 6.159209150384301751e-02 6.604995724658499490e-02 7.039563391769815270e-02 7.455519159936754847e-02 7.832375594750801140e-02 8.153254276677196488e-02 8.402730806685873577e-02 8.566951865808195010e-02 8.634559753505220703e-02 8.599831939622462618e-02 8.470840947490514139e-02 8.245315806718432616e-02 7.937899548919061243e-02 7.568732123452293070e-02 7.148733318788789981e-02 6.699881495064111125e-02 6.229525757246334727e-02 5.755573108938481092e-02 5.281863826458490369e-02 4.815685025677939740e-02 4.366565016653022047e-02 3.933434966695757706e-02 3.511247828988451475e-02 3.102016387736759861e-02 2.703717662229207508e-02 2.303788309677281057e-02 1.913241850952244333e-02 1.519261340184966877e-02 1.113339748432348730e-02 6.849297531660323256e-03 2.189702245346729446e-03 1.397174590997604504e+01 1.675617591071838497e-01 1.521765453770395626e-01 1.377892602979010339e-01 1.241585993406425226e-01 1.111585359861506084e-01 9.873694856985387736e-02 8.689357842792602704e-02 7.565839006308867909e-02 6.507857347199268172e-02 5.520532816771230034e-02 4.608303032361129453e-02 3.774488457660539475e-02 3.020815892254707230e-02 2.347403741621576292e-02 1.753027247889401077e-02 1.235377723650501504e-02 7.913842817629712992e-03 4.173077017148129134e-03 1.092400685420270336e-03 -1.369201922958583270e-03 -3.253890532153109073e-03 -4.608571622676580111e-03 -5.475653208765699637e-03 -5.901554609154854858e-03 -5.925024658502727262e-03 -5.591223288353944221e-03 -4.941512356176714325e-03 -4.017675429215807059e-03 -2.858734298650151412e-03 -1.505866909969563478e-03 0.000000000000000000e+00
2.594112958223844523e-02 5.081798486133856652e-02 5.379023047833340898e-02 5.668525500155002089e-02 5.944367061088037807e-02 6.196910893531713121e-02 6.416854134840667412e-02 6.598735165033517425e-02 6.733605172879843226e-02 6.815149003715202658e-02 6.838764549894324474e-02 6.802290511206167400e-02 6.705733756293612291e-02 6.550817962894799062e-02 6.344540689560088098e-02 6.092845317361884894e-02 5.803404289962936502e-02 5.488041774794023830e-02 5.149581593748372987e-02 4.803888664676175119e-02 4.453332290866863358e-02 4.100178395581340757e-02 3.745185175928487931e-02 3.394512166023792854e-02 3.048241643641701540e-02 2.706629071577626444e-02 2.367349855047727950e-02 2.035047048409324710e-02 1.704145530540455977e-02 1.375713379853079482e-02 1.038987614666518448e-02 7.050735486676665796e-03 2.793880542762194191e-02 5.875860506986531340e-02 6.324061816753771825e-02 6.764883419548183008e-02 7.191847128458668525e-02 7.585180974656235975e-02 7.928832972360567999e-02 8.207454640835218362e-02 8.407990681345299533e-02 8.517792786938765959e-02 8.530569838962570595e-02 8.442367337870174127e-02 8.262696930448551469e-02 7.992914938773014455e-02 7.652932284757571479e-02 7.253086785159773564e-02 6.816247935324222518e-02 6.351707303580259034e-02 5.878341272723538319e-02 5.401349474530495187e-02 4.928381813164317560e-02 4.471441880753087433e-02 4.029325498152188517e-02 3.597609356035169625e-02 3.178268738684043859e-02 2.768078377018170014e-02 2.368850481577660164e-02 1.962514654761881097e-02 1.556472637688579089e-02 1.137685155913342565e-02 6.941643861690856634e-03 2.084682281843117449e-03 1.317038174854272192e+01 1.649640407143117549e-01 1.501142371254010621e-01 1.361764327389274054e-01 1.229214989984462048e-01 1.102338390828420805e-01 9.807053703032778125e-02 8.643847923325007065e-02 7.537310847338574149e-02 6.492574865745866231e-02 5.515111309181716659e-02 4.609701797939427109e-02 3.780025098546208745e-02 3.028188088767602010e-02 2.354745065488818290e-02 1.758893445328758853e-02 1.238755132531232407e-02 7.916367672903698582e-03 4.141564524453027370e-03 1.027344842717478612e-03 -1.464691604677082664e-03 -3.374382128217574568e-03 -4.746872236579972697e-03 -5.623488312274872898e-03 -6.049974774743209320e-03 -6.065789049964492863e-03 -5.716413857430281339e-03 -5.044787282872608379e-03 -4.094672534968497174e-03 -2.907755007700938994e-03 -1.528088507668454079e-03 0.000000000000000000e+00
2.370068327665182661e-02 4.834423434951901771e-02 5.132916796367186646e-02 5.425644567711448291e-02 5.707230004342498525e-02 5.968479249022035776e-02 6.200719324780856051e-02 6.398682708057989998e-02 6.554078906896464163e-02 6.660379535035015897e-02 6.712898717558993256e-02 6.705733756293612291e-02 6.641384643250169972e-02 6.516130237571735040e-02 6.336640317771631559e-02 6.107281846723593838e-02 5.835721634071893565e-02 5.533896504136329858e-02 5.205202284032237059e-02 4.865677571212520536e-02 4.517808703592569169e-02 4.165650667995272199e-02 3.809659237912828289e-02 3.456638829154424358e-02 3.106849027568005586e-02 2.760319563800473636e-02 2.419449990635599845e-02 2.079548166587285446e-02 1.741803752991046353e-02 1.405787034179361433e-02 1.059991176129449451e-02 7.141627722690235130e-03 2.552882497018640201e-02 5.576869182377169193e-02 6.022149068190700560e-02 6.463105924950955650e-02 6.894229752520367183e-02 7.296529961868848668e-02 7.655040446302902035e-02 7.954815107805991714e-02 8.183990862799687960e-02 8.329317419969255176e-02 8.383286092930203326e-02 8.342591181833861058e-02 8.208445338739568664e-02 7.979231464671129870e-02 7.674876287769470673e-02 7.302637551476454103e-02 6.885611213664975805e-02 6.434383936146825800e-02 5.968349570749144350e-02 5.493930324387295838e-02 5.019087573773621525e-02 4.558375023914004731e-02 4.110651258185275131e-02 3.672353400497923442e-02 3.245816060663016256e-02 2.828479316952310640e-02 2.417004990444186763e-02 2.003866672798657045e-02 1.588519867242994474e-02 1.159127301717618845e-02 7.028545391649922321e-03 2.001730368898807944e-03 1.243092435956256381e+01 1.621211132949802181e-01 1.478283825958073561e-01 1.343727867171936041e-01 1.215342678018618283e-01 1.092049865535789088e-01 9.734886224573666147e-02 8.597784560518159647e-02 7.513105571523487347e-02 6.486240434674279964e-02 5.522883697991781693e-02 4.628063504298304126e-02 3.805752382498353570e-02 3.058403841830563061e-02 2.387004502978179801e-02 1.791188169100571548e-02 1.269534583455280037e-02 8.197630990022141545e-03 4.388853557427374943e-03 1.236839649815305725e-03 -1.293878584601666597e-03 -3.240518224999243586e-03 -4.646162666187584819e-03 -5.550754299247552710e-03 -5.999061405931275549e-03 -6.030969306195720428e-03 -5.691938367963513511e-03 -5.026146152476732194e-03 -4.078972995828372174e-03 -2.894404803691085631e-03 -1.518975765068697080e-03 0.000000000000000000e+00
2.154539736827922047e-02 4.573405152318403555e-02 4.869514894815618611e-02 5.161444170416702726e-02 5.444376278450746565e-02 5.709544443690956622e-02 5.948960961844323297e-02 6.157764299854019685e-02 6.328244463349591564e-02 6.454084882612921847e-02 6.530627986155479459e-02 6.550817962894799062e-02 6.516130237571735040e-02 6.422065393216565277e-02 6.271700848675522411e-02 6.068724770399071267e-02 5.820006383120196469e-02 5.537064630614810246e-02 5.223480060557702392e-02 4.895119135350391171e-02 4.554442763958794355e-02 4.207389398232561778e-02 3.854093954363246172e-02 3.502046231250702940e-02 3.151800544243364005e-02 2.803562685604160318e-02 2.460591551190189838e-02 2.116875308327246380e-02 1.774666370648602873e-02 1.433230846681417779e-02 1.080663221432003572e-02 7.252249656662227741e-03 2.320830109321132817e-02 5.263879363161141217e-02 5.701384588817404175e-02 6.136885026883230621e-02 6.565861417427440450e-02 6.970069842587998943e-02 7.335689745929920014e-02 7.648774841810790370e-02 7.898296181956963868e-02 8.071387591553441654e-02 8.160313907979482861e-02 8.160561116185914565e-02 8.068891812080282444e-02 7.885590267206983583e-02 7.621055750564507958e-02 7.283365412520440008e-02 6.894381516481190575e-02 6.464935621699456625e-02 6.014201623982422945e-02 5.549508898077928215e-02 5.078966566649174147e-02 4.619668429975636731e-02 4.170648305536046874e-02 3.729331115150332637e-02 3.298496688716504727e-02 2.876008021628669378e-02 2.457887258340867020e-02 2.038375690991628061e-02 1.615594556255947611e-02 1.177706325264719044e-02 7.111170490411254132e-03 1.944129660196268917e-03 1.153211629696715335e+01 1.578460970566253063e-01 1.442349747017873107e-01 1.313805510510801799e-01 1.190736888261907239e-01 1.072150185669562966e-01 9.577528448776910508e-02 8.477107347016447914e-02 7.424452716990806445e-02 6.425136394258723627e-02 5.484995800294177604e-02 4.609232967905953215e-02 3.802058296310171365e-02 3.066234885206128163e-02 2.403168101866273373e-02 1.812929293053281224e-02 1.294570165443059521e-02 8.462463782551147076e-03 4.653918096022877961e-03 1.491815544454761291e-03 -1.056065021778572347e-03 -3.023995014390291718e-03 -4.452650332466294783e-03 -5.380205492827918982e-03 -5.850082307654081402e-03 -5.902228741686239150e-03 -5.581660358738725798e-03 -4.933386023227404917e-03 -4.003981884581121233e-03 -2.839330190591058713e-03 -1.488035259281631070e-03 0.000000000000000000e+00
1.951565051433060138e-02 4.306338050906198534e-02 4.596923418770209463e-02 4.884556304976858665e-02 5.164977513009566534e-02 5.429799425058155771e-02 5.671857858831923921e-02 5.885995679611332604e-02 6.066259979725214385e-02 6.206137910664150104e-02 6.301351220018260035e-02 6.344540689560088098e-02 6.336640317771631559e-02 6.271700848675522411e-02 6.151711138072044061e-02 5.978406478321142414e-02 5.757224614789931832e-02 5.498556571569367113e-02 5.205656372915880986e-02 4.893841867436252852e-02 4.565266117477323471e-02 4.227861098178377353e-02 3.881333510312318102e-02 3.533869570293234064e-02 3.186383882169654957e-02 2.839366388600354438e-02 2.496444997014759387e-02 2.151481882847023838e-02 1.807046836099887935e-02 1.462282311361130967e-02 1.105243425614176739e-02 7.425183988374856915e-03 2.101983596374212490e-02 4.945508843311065966e-02 5.371256930015013559e-02 5.796638131020297180e-02 6.218158428347247968e-02 6.618227591823931666e-02 6.984479894313783133e-02 7.302284720220905689e-02 7.564265860165976518e-02 7.756826716506477759e-02 7.872798335781469592e-02 7.907062553183281939e-02 7.854856503194293516e-02 7.713481184324935680e-02 7.491907447308714108e-02 7.195163287369885086e-02 6.842719769931335239e-02 6.444053682289889451e-02 6.017402033191027177e-02 5.570536821984919951e-02 5.111457119359631013e-02 4.659730862802035495e-02 4.214596811886898303e-02 3.774578134619022834e-02 3.343015291346441986e-02 2.918278885626750252e-02 2.496510424946211948e-02 2.072631454619831143e-02 1.644478462518291287e-02 1.200199633171867598e-02 7.256482396296348898e-03 1.977814521574753487e-03 1.034047081000007040e+01 1.512947572111607297e-01 1.385488837812738350e-01 1.264657297507749689e-01 1.148518523016653498e-01 1.036189002798323933e-01 9.274557674477899860e-02 8.225333941385509773e-02 7.218705956372024890e-02 6.260363977740361630e-02 5.356210880735828850e-02 4.511544045842562356e-02 3.730744461721443445e-02 3.016832055631411477e-02 2.371600203147833374e-02 1.795542917124378843e-02 1.288184370100857630e-02 8.481300570203213415e-03 4.732604620466280415e-03 1.611732073751635927e-03 -9.099245645626584476e-04 -2.863289541234419026e-03 -4.286181129705886675e-03 -5.214490287993553061e-03 -5.689793654067029118e-03 -5.751595597535957317e-03 -5.443904599462905808e-03 -4.812009843645752120e-03 -3.903117375734238212e-03 -2.764446494178667436e-03 -1.446101481690127439e-03 0.000000000000000000e+00
1.761590371020739509e-02 4.036436140555030999e-02 4.318853067908507565e-02 4.599198844442539680e-02 4.873810825386555579e-02 5.134546108486660182e-02 5.374958171390978312e-02 5.590156113490361151e-02 5.775034685193008999e-02 5.923517357421802243e-02 6.031836969481544491e-02 6.092845317361884894e-02 6.107281846723593838e-02 6.068724770399071267e-02 5.978406478321142414e-02 5.836623114781735316e-02 5.646392535748077229e-02 5.416858750913668835e-02 5.149979450292105354e-02 4.860203747102777999e-02 4.548876383413422153e-02 4.226082112036195354e-02 3.890841420360734160e-02 3.552004427326268393e-02 3.210880762417397255e-02 2.868308777304517942e-02 2.528140353169798515e-02 2.184598688775961361e-02 1.840345485129495778e-02 1.494457614118390766e-02 1.135442586365702396e-02 7.679133223652078073e-03 1.897003235009840291e-02 4.625828398077314746e-02 5.036626443041784806e-02 5.448033089463617806e-02 5.857709479875774367e-02 6.248442853316967666e-02 6.609051177591399040e-02 6.925673644445709543e-02 7.192273778403343587e-02 7.396041518189359898e-02 7.530616125245732928e-02 7.590847967251899975e-02 7.571579186540391970e-02 7.468720694112675196e-02 7.290110110311556757e-02 7.037938939977081421e-02 6.729330882360474997e-02 6.369315995027106936e-02 5.975203850627506391e-02 5.554450099514363776e-02 5.114510374092125916e-02 4.677257549554710014e-02 4.241986249946916310e-02 3.808357458282805863e-02 3.380339936585204791e-02 2.956904806775511110e-02 2.534672099680170335e-02 2.108967291185035245e-02 1.677809094080868341e-02 1.229460950121836690e-02 7.494876637915281505e-03 2.134944192000664230e-03 8.819252030637738216e+00 1.421094082825984650e-01 1.304470439744576105e-01 1.193364320255942274e-01 1.086055758052499876e-01 9.818032364904588638e-02 8.804886517817281377e-02 7.823797349540258239e-02 6.879504526946568499e-02 5.977754588973102634e-02 5.124433245616036997e-02 4.324846017228670819e-02 3.583466767985182821e-02 2.903508518564281229e-02 2.287111080835667332e-02 1.735168707516563172e-02 1.247674664284091801e-02 8.236979240915136974e-03 4.615949573106729008e-03 1.594240783630967865e-03 -8.526500446481058947e-04 -2.751768047981328034e-03 -4.137479904341054629e-03 -5.042732238120439456e-03 -5.506624954708441537e-03 -5.567581644938508247e-03 -5.267933409996644091e-03 -4.652598818351532349e-03 -3.768761307760900344e-03 -2.664341677242521803e-03 -1.390316219023162835e-03 0.000000000000000000e+00
