6.574685521030050606e-02 4.842248707881087466e-02 4.651101036114383552e-02 4.448359472973865969e-02 4.237932056568716882e-02 4.015842368369314935e-02 3.781367562226541773e-02 3.544098683541546668e-02 3.303487017130065512e-02 3.064518576579064457e-02 2.827023425810853627e-02 2.594112958223844523e-02 2.370068327665182661e-02 2.154539736827922047e-02 1.951565051433060138e-02 1.761590371020739509e-02 1.582101449461830595e-02 1.415306724585824183e-02 1.261366153272800231e-02 1.120975278125813275e-02 9.861641446488357554e-03 8.672684352968739255e-03 7.618771342116035898e-03 6.641247932560345214e-03 5.756988615705179758e-03 4.956406529580919922e-03 4.246671240744929673e-03 3.596537310758970984e-03 3.018269955079672107e-03 2.551692871856500126e-03 2.052403123442838370e-03 1.848948952972661718e-03 7.040716457300191800e-02 5.736214683108181722e-02 5.545015657305544382e-02 5.321947550094779933e-02 5.080449558366082613e-02 4.812198711949412788e-02 4.520278568900034516e-02 4.213565820123772732e-02 3.899243688790053619e-02 3.584330840553442976e-02 3.268420143256497989e-02 2.961031897439152585e-02 2.663962779476185608e-02 2.378422469216284404e-02 2.112679782559219455e-02 1.864839999615329827e-02 1.640751750981464877e-02 1.430153126715112341e-02 1.236927432529659303e-02 1.062823252116078601e-02 9.025178048285389595e-03 7.659494891894856779e-03 6.405583720702434647e-03 5.274877120454038969e-03 4.291442595826178673e-03 3.439608001664651738e-03 2.710303794312666267e-03 2.069033302024223409e-03 1.519594747002122681e-03 1.052262114475431510e-03 6.626466759202993568e-04 4.526452261124772124e-04 3.137057254472086585e-04 9.678874956099731142e-03 -3.750869783075623867e-03 2.473363614812164844e-03 5.532918851344941977e-03 1.219935560425367341e-02 -7.903510956132035400e-03 -3.537698588760776605e-04 1.571315017403741160e-02 -1.820672293630129154e-02 -6.140766834195580427e-03 -6.509632383677965706e-02 5.890393199720223016e-02 1.194561860202764982e-02 -2.990511240405348790e-03 1.074363910863687654e-02 -8.332068114781593718e-03 -6.262912518347662355e-03 8.847859916720760736e-04 -1.934372859100067302e-03 -7.094172091456229677e-04 -4.868071871080781256e-04 -1.644745241372337023e-03 -1.166216443277806689e-03 5.981602276452467615e-04 -8.254715069314383369e-03 2.675771132935841120e-04 2.440140873600267143e-03 -1.860758079073336537e-03 2.463670052032582158e-02 -1.248793199787758962e-01 4.831488108644907409e-02
4.842248707881087466e-02 6.010993571807279195e-02 6.071276253919630911e-02 6.100266490162160882e-02 6.097234142632666776e-02 6.055798535947998218e-02 5.972168874402086769e-02 5.856251322426007933e-02 5.705040402328046684e-02 5.523296374675878972e-02 5.314858728352553352e-02 5.081798486133856652e-02 4.834423434951901771e-02 4.573405152318403555e-02 4.306338050906198534e-02 4.036436140555030999e-02 3.763915800455728405e-02 3.493625143025884394e-02 3.226605073235108007e-02 2.965811136050519603e-02 2.715834119311068620e-02 2.469790399570846728e-02 2.232243168935243299e-02 2.002683919071056307e-02 1.781424892820065997e-02 1.567780218355319805e-02 1.365746964817387415e-02 1.167356130192810648e-02 9.772941003000730140e-03 7.955703235833803608e-03 6.193717302891413833e-03 4.666938595418648229e-03 5.196662549683599142e-02 7.059669648947608511e-02 7.209571169261415335e-02 7.303536511511656004e-02 7.347821308822012620e-02 7.328032186717781116e-02 7.241291948480502172e-02 7.095455686622605118e-02 6.892942974789122157e-02 6.640326718603532796e-02 6.344277587204624758e-02 6.017883886884512618e-02 5.666529353904149746e-02 5.298569971721611704e-02 4.929202389246870042e-02 4.560577182807201008e-02 4.203124415459585234e-02 3.849774215568578517e-02 3.507400178803601887e-02 3.177833809966301021e-02 2.863781204659288787e-02 2.564734519443879687e-02 2.280174069097342868e-02 2.005719057370280306e-02 1.744134727132309187e-02 1.493851189134539313e-02 1.251672787531647041e-02 1.017541797412060967e-02 7.898130362230068591e-03 5.646660168875783543e-03 3.405520840758253370e-03 1.207950010404517261e-03 1.695325115800206848e-04 1.374072333029325438e-02 -2.213882804759357160e-03 8.367772915879451157e-03 6.260108641234193904e-04 1.102045236570846527e-02 -2.635705785765842055e-03 7.816611356730054569e-03 -3.197350175295653185e-02 -5.702369355206694454e-03 -1.416485457114603254e-02 1.947898924041368066e-02 3.652456827176504134e-02 1.963389447878574612e-02 1.035617598339324749e-02 1.474908368941894865e-02 6.239492312471533152e-03 3.500318981802117996e-03 1.143810891940714655e-02 5.940102342227955232e-03 8.579328176076756254e-03 7.499322770459776813e-03 5.679160507463429722e-03 6.005643993104113447e-03 3.993707746238179743e-03 -5.460990308751133802e-03 2.843692750435297331e-03 7.806574508171354107e-03 -4.483572002129782664e-05 2.460806062401480615e-02 -1.108713666969888406e-01 4.276404026448677592e-03
4.651101036114383552e-02 6.071276253919630911e-02 6.172995633573610808e-02 6.230852375395338344e-02 6.261717937064431583e-02 6.251529690729010214e-02 6.195842094870381705e-02 6.104111226374345917e-02 5.972451233999330478e-02 5.805354218261822574e-02 5.606841275229207389e-02 5.379023047833340898e-02 5.132916796367186646e-02 4.869514894815618611e-02 4.596923418770209463e-02 4.318853067908507565e-02 4.036130087984551168e-02 3.753701730448676110e-02 3.472875285256801781e-02 3.198294869927666845e-02 2.933932820630657384e-02 2.672972993861089455e-02 2.419321189712123413e-02 2.173704714297496066e-02 1.936189265509811325e-02 1.706083444115583797e-02 1.487597165553695977e-02 1.272381888099432742e-02 1.065310271866356379e-02 8.662182021412938304e-03 6.720132491085841452e-03 5.000089691802970908e-03 4.993373336469478230e-02 7.126494434988824012e-02 7.329020260242749552e-02 7.465992975676741250e-02 7.558634930370751459e-02 7.583119538121373127e-02 7.535647088690880513e-02 7.422875788009282438e-02 7.245846946090779561e-02 7.010638658048988503e-02 6.724365641551688366e-02 6.400831387490338309e-02 6.046259084497479508e-02 5.670240122872504535e-02 5.289007533712915266e-02 4.905642836021438524e-02 4.531376530532005287e-02 4.160458240609880148e-02 3.799739558044074039e-02 3.450913148049271351e-02 3.117920019088477046e-02 2.799513056850969073e-02 2.496020961575272021e-02 2.202465191445892104e-02 1.921589430408042476e-02 1.651706233824750195e-02 1.389398990475324523e-02 1.134405186838517536e-02 8.850137381374242190e-03 6.367971454897971770e-03 3.874915636546777137e-03 1.388638151309240726e-03 1.473716972714258827e-04 1.410834693557056103e-02 -2.121608283669868932e-03 9.122906300186929204e-03 4.971223345537983083e-04 1.160334441229179947e-02 -1.953153412497050847e-03 8.166728362860411691e-03 -3.959317168050056207e-02 -4.788191331948157999e-03 -1.024072680860130084e-02 2.595870549674581668e-02 3.881008954079905038e-02 2.065330707524297080e-02 1.202860462730817245e-02 1.505779396824403170e-02 7.940427235948295526e-03 4.808060459548682379e-03 1.290207242507121488e-02 7.182875709826733873e-03 9.866082697670914073e-03 8.695615308471758842e-03 6.793199850696905913e-03 7.224866579018751275e-03 4.970605476463795837e-03 -4.516562917176022637e-03 3.432493504809939946e-03 8.342439418496582978e-03 3.954315566027320197e-04 2.434377023706876461e-02 -1.087722637548060034e-01 -2.012101641076437675e-04
4.448359472973865969e-02 6.100266490162160882e-02 6.230852375395338344e-02 6.335796577635501026e-02 6.398386894566929217e-02 6.421805432941268821e-02 6.397034690245576027e-02 6.332847094770820140e-02 6.224029118761331691e-02 6.074629806824263095e-02 5.888753640284597607e-02 5.668525500155002089e-02 5.425644567711448291e-02 5.161444170416702726e-02 4.884556304976858665e-02 4.599198844442539680e-02 4.306737897257251202e-02 4.015607863462332394e-02 3.719761362146543210e-02 3.431465730524155960e-02 3.153112328234018019e-02 2.876689742368253658e-02 2.607604132343133152e-02 2.346276863300213178e-02 2.092814406223891116e-02 1.846542932408224563e-02 1.611826011338423487e-02 1.380054157583411253e-02 1.156187882794812785e-02 9.399498135390926823e-03 7.277351787060861409e-03 5.362729233845063212e-03 4.777830591844412639e-02 7.154070463492571974e-02 7.398145130735914177e-02 7.602015986870580555e-02 7.737717648593131492e-02 7.809921363090731317e-02 7.806368816454332948e-02 7.731707973468718298e-02 7.585010818886651907e-02 7.371466251941372061e-02 7.098478330583815610e-02 6.780525232882883557e-02 6.424745756896931004e-02 6.042033504575984593e-02 5.649752959077439241e-02 5.252075222922049369e-02 4.861348763990061550e-02 4.469589438830231382e-02 4.092482277165176985e-02 3.724631269676433043e-02 3.372737562266040628e-02 3.035034458968303983e-02 2.712836954726472946e-02 2.400493949601181093e-02 2.100701270215733774e-02 1.811639058819891970e-02 1.529759087284766894e-02 1.254312878838718080e-02 9.836881056405852655e-03 7.127757517540310277e-03 4.384876178718473405e-03 1.608477120985479965e-03 1.312340005408791201e-04 1.449952119018605746e-02 -2.024614988085480724e-03 9.863289698423542001e-03 5.394282467010803536e-04 1.215102446529138687e-02 -1.257265405940100793e-03 8.479899543777640047e-03 -4.729847220141585734e-02 -3.955818352078556248e-03 -6.667156951093227216e-03 3.196028081320486519e-02 4.175878515149606535e-02 2.169284048491232006e-02 1.374602104139999517e-02 1.543117195147588119e-02 9.713559226602906660e-03 6.221477186637587760e-03 1.448193000251103528e-02 8.596343519365856958e-03 1.126887715395852134e-02 1.002636585125438011e-02 8.048308388852943446e-03 8.618270883039968328e-03 6.225422658412048393e-03 -3.267698855637302200e-03 4.170330215645876894e-03 8.916253055584962700e-03 9.926368343375433639e-04 2.407315098802121148e-02 -1.062925817583947330e-01 -4.332860473449881740e-03
4.237932056568716882e-02 6.097234142632666776e-02 6.261717937064431583e-02 6.398386894566929217e-02 6.499441104036203509e-02 6.559215838340561044e-02 6.568050796140119385e-02 6.534902586459012674e-02 6.452454196899552741e-02 6.324173695859766631e-02 6.154123796439373711e-02 5.944367061088037807e-02 5.707230004342498525e-02 5.444376278450746565e-02 5.164977513009566534e-02 4.873810825386555579e-02 4.573069522667280035e-02 4.270031797826561587e-02 3.962888920997910402e-02 3.661665565197553401e-02 3.369391531579177257e-02 3.078805058508161246e-02 2.794406850296534892e-02 2.517693676449520718e-02 2.248586335001500833e-02 1.986413838105420548e-02 1.735563904313718736e-02 1.487408539868940137e-02 1.246780197796275476e-02 1.013351976260144435e-02 7.827999584145360970e-03 5.713301842766939191e-03 4.553658820045913130e-02 7.142588073384968650e-02 7.432541389836626322e-02 7.678388434004040919e-02 7.869870633261843995e-02 7.994514018929403665e-02 8.039664957766599895e-02 8.008678000286688359e-02 7.897927168197806103e-02 7.711273835072093852e-02 7.456190262293756199e-02 7.147694985622236874e-02 6.793832318394478487e-02 6.406803715182664283e-02 6.005140972842436947e-02 5.594176928671070609e-02 5.187296731893759061e-02 4.779719798971197864e-02 4.383287096753241130e-02 3.996532421319681089e-02 3.625534784925534687e-02 3.269037625001247616e-02 2.928389667225178225e-02 2.597612226759352799e-02 2.279269137840390924e-02 1.971370976807000630e-02 1.670484229526810957e-02 1.374701140574580323e-02 1.082961115800585086e-02 7.893015711107150348e-03 4.896767126316225495e-03 1.821819209105598634e-03 1.288882144254883684e-04 1.460352729536879522e-02 -2.112781641175043822e-03 1.044009569122710847e-02 6.150672146480612185e-04 1.249783736319835629e-02 -6.697554054394132305e-04 8.527196685561223150e-03 -5.528853015348166727e-02 -3.358857113665856056e-03 -3.526271119814002562e-03 3.743873561649164322e-02 4.465674307592779058e-02 2.257459791418584341e-02 1.532883990632770942e-02 1.569512635980191764e-02 1.137929752008837517e-02 7.597930177746194634e-03 1.597183315159212899e-02 9.985851618061395915e-03 1.259505046909298147e-02 1.129672217273305912e-02 9.245196874422746680e-03 1.001228845007404167e-02 7.547728130385961652e-03 -1.922398697909522133e-03 4.862466538453899707e-03 9.347849840800408552e-03 1.549143671757509865e-03 2.359596627041876324e-02 -1.035576115132972597e-01 -8.292463548482171057e-03
4.015842368369314935e-02 6.055798535947998218e-02 6.251529690729010214e-02 6.421805432941268821e-02 6.559215838340561044e-02 6.656148225537260321e-02 6.698564904018085298e-02 6.700003826119786676e-02 6.647314183817179534e-02 6.543667904151412307e-02 6.392918753260511122e-02 6.196910893531713121e-02 5.968479249022035776e-02 5.709544443690956622e-02 5.429799425058155771e-02 5.134546108486660182e-02 4.826831917403724692e-02 4.514391273934291460e-02 4.196043651791046131e-02 3.882669485509714080e-02 3.577022406737558058e-02 3.272844489273272345e-02 2.973852522949260724e-02 2.682375033998729910e-02 2.398220083046381443e-02 2.120754702560471647e-02 1.853829391643136565e-02 1.590043403262193095e-02 1.333094653555549382e-02 1.082859064587419345e-02 8.341714380381439961e-03 6.027657747254541731e-03 4.316838140332469181e-02 7.084476295298179627e-02 7.415653220187860828e-02 7.707477070068144420e-02 7.950668293042795209e-02 8.128825772632637670e-02 8.224040612703362174e-02 8.241775120682019729e-02 8.172442738065431589e-02 8.018221481814707952e-02 7.786299837766913479e-02 7.491938906216914773e-02 7.143950246423204364e-02 6.755753518499001131e-02 6.347052249201598495e-02 5.924430211711965294e-02 5.502551648371244164e-02 5.078333134821026024e-02 4.664056083816088549e-02 4.258855269796615189e-02 3.868890128355577385e-02 3.494030920563395703e-02 3.135319764688349747e-02 2.786582602241419529e-02 2.450212032266990345e-02 2.123953071034719725e-02 1.805922611492557020e-02 1.489727840315556440e-02 1.177451228472136714e-02 8.616182369235676763e-03 5.371176854134093390e-03 2.000060058462419053e-03 1.245905216311925300e-04 1.473159731494450703e-02 -2.135820519748489119e-03 1.103675005651863668e-02 8.508222369365571729e-04 1.275705918706574252e-02 -1.665774116440243088e-05 8.548800890456120793e-03 -6.326420379698263763e-02 -2.833757085756008747e-03 -5.913743670546206185e-04 4.257159605020388593e-02 4.767071555790420440e-02 2.345872533409605262e-02 1.691852230515828587e-02 1.604751074133990013e-02 1.309583343646677014e-02 9.138647906101865157e-03 1.752775522562286664e-02 1.151011678973881854e-02 1.401755506927115057e-02 1.268202822333060371e-02 1.056261626879078860e-02 1.159785935064815143e-02 9.091174751817490685e-03 -3.087311205508119771e-04 5.712860030913168886e-03 9.871464370127924770e-03 2.279084898142173278e-03 2.315840882408230772e-02 -1.003605228122718268e-01 -1.175747298411272332e-02
3.781367562226541773e-02 5.972168874402086769e-02 6.195842094870381705e-02 6.397034690245576027e-02 6.568050796140119385e-02 6.698564904018085298e-02 6.792821127116831226e-02 6.820202164664557198e-02 6.799162296526783944e-02 6.723234518593639020e-02 6.595390469379197596e-02 6.416854134840667412e-02 6.200719324780856051e-02 5.948960961844323297e-02 5.671857858831923921e-02 5.374958171390978312e-02 5.062349424447205870e-02 4.742388538078998184e-02 4.414371365822617604e-02 4.090208164313503814e-02 3.772365059686991207e-02 3.455701878674907745e-02 3.143245787719055329e-02 2.838030796399338210e-02 2.539739627512591427e-02 2.247467487348934687e-02 1.969757440103250476e-02 1.688546340127809395e-02 1.415885622881594280e-02 1.149572872487901291e-02 8.834025796950594617e-03 6.326230699760394122e-03 4.066057462832914360e-02 6.976578279647105418e-02 7.343943987776857529e-02 7.677837728376950277e-02 7.968809414000327385e-02 8.196798051491538395e-02 8.359760174111534325e-02 8.418536298992915223e-02 8.394954074317943771e-02 8.278655970277337683e-02 8.075848471391997019e-02 7.801419222483335636e-02 7.464572388824859683e-02 7.079687131390313692e-02 6.667575477106287007e-02 6.236020549041874222e-02 5.801160432581303761e-02 5.361706113626046877e-02 4.930813454769884113e-02 4.508167492983423258e-02 4.100057547707729177e-02 3.707784509097093728e-02 3.331973449482848737e-02 2.966419099685762423e-02 2.613463384622087896e-02 2.271410491967989359e-02 1.925900169423762701e-02 1.597840060082695787e-02 1.267006211659010492e-02 9.305269806458186382e-03 5.825035460832598752e-03 2.169873296697443638e-03 1.028697231310685009e-04 1.484111491197427114e-02 -2.102692953936334194e-03 1.160496393764575557e-02 1.139834145175517167e-03 1.275673508990596630e-02 6.557707361501773470e-04 8.489792389332029635e-03 -7.119284041854043177e-02 -2.409724372277513745e-03 2.154183789424012323e-03 4.739463755248400634e-02 5.079642193215385543e-02 2.440123708757560919e-02 1.856653281400018687e-02 1.660530075651170390e-02 1.494971878789043071e-02 1.099027161335374564e-02 1.924038668717955453e-02 1.326987313910669118e-02 1.564699883252321233e-02 1.429393359704025229e-02 1.211329265571562362e-02 1.349886329655955453e-02 1.092300556493517802e-02 1.675999442883401675e-03 6.844792000756888192e-03 1.065172885766351232e-02 3.313194667757366537e-03 2.292996173017479433e-02 -9.656683870125765123e-02 -1.452417000768814817e-02
3.544098683541546668e-02 5.856251322426007933e-02 6.104111226374345917e-02 6.332847094770820140e-02 6.534902586459012674e-02 6.700003826119786676e-02 6.820202164664557198e-02 6.889977250180685797e-02 6.902663308264139763e-02 6.857392362726826007e-02 6.756010521666372393e-02 6.598735165033517425e-02 6.398682708057989998e-02 6.157764299854019685e-02 5.885995679611332604e-02 5.590156113490361151e-02 5.274863182942239603e-02 4.949250120702219230e-02 4.613168535883959559e-02 4.279554843107614276e-02 3.950656336381230122e-02 3.622589071277203254e-02 3.297774178211863166e-02 2.979904877973506977e-02 2.668642427749135307e-02 2.363225204592907247e-02 2.069940152615260334e-02 1.775813691305523981e-02 1.488646908162629713e-02 1.207180594612117415e-02 9.242553799557184924e-03 6.545911660699902518e-03 3.812570603475683162e-02 6.828973948222591406e-02 7.226464635607743325e-02 7.596725859331612818e-02 7.930492670030876712e-02 8.206979620357446326e-02 8.410984308838877210e-02 8.531562684073186464e-02 8.555461360529595383e-02 8.481620799760192231e-02 8.313701293470902864e-02 8.065315753471921645e-02 7.745435661332929211e-02 7.369047406284086332e-02 6.957618451461142217e-02 6.520383667931553551e-02 6.074901053448886201e-02 5.621885773686108312e-02 5.175574308259729001e-02 4.736370356101882173e-02 4.310711823911254903e-02 3.901613545742589617e-02 3.509183107972207311e-02 3.127264992597891813e-02 2.757972132482336414e-02 2.399071486627581476e-02 2.042321211921393001e-02 1.693717678309171817e-02 1.344374321460622967e-02 9.878945984805506328e-03 6.170863471619204149e-03 2.237656919995852697e-03 9.844770095555607835e-05 1.480318677499850404e-02 -2.099721035539955667e-03 1.207021181881126615e-02 1.402884704720468471e-03 1.210992334763493286e-02 1.380019705589442683e-03 8.368735134691102431e-03 -7.918693899825172966e-02 -2.075774777059451355e-03 4.663082722299317397e-03 5.193488813442818930e-02 5.379939026796654034e-02 2.522282533750412614e-02 2.003884275291753850e-02 1.712410042767989471e-02 1.666161791256896493e-02 1.291533347753637435e-02 2.078591124772145513e-02 1.495640073159419312e-02 1.716767813299435036e-02 1.581321051489307725e-02 1.357384772622139898e-02 1.541327463760504453e-02 1.267196763105709820e-02 3.707565453400978560e-03 7.935459322548474650e-03 1.141421101952857717e-02 4.336324972662928406e-03 2.262776913091401818e-02 -9.241172395867550127e-02 -1.692315618052451370e-02
3.303487017130065512e-02 5.705040402328046684e-02 5.972451233999330478e-02 6.224029118761331691e-02 6.452454196899552741e-02 6.647314183817179534e-02 6.799162296526783944e-02 6.902663308264139763e-02 6.949899222077342287e-02 6.937031244408357888e-02 6.865525630700744508e-02 6.733605172879843226e-02 6.554078906896464163e-02 6.328244463349591564e-02 6.066259979725214385e-02 5.775034685193008999e-02 5.460227027911539188e-02 5.131735132886356548e-02 4.790067615920304972e-02 4.449113403845209036e-02 4.111000470823714809e-02 3.773218172232890855e-02 3.437660600497130514e-02 3.108630685686221765e-02 2.785788039448513706e-02 2.468386055115369751e-02 2.162776087780768353e-02 1.855831658214211408e-02 1.555277973447327482e-02 1.259780659173666446e-02 9.611554897260113015e-03 6.734632466362857998e-03 3.554769302814270171e-02 6.639734405168846998e-02 7.060428933047882549e-02 7.459892354391021996e-02 7.829284603467615011e-02 8.147483403865564411e-02 8.397729912910494032e-02 8.566249950534997326e-02 8.640455304694905081e-02 8.612696071150348354e-02 8.485936224869025657e-02 8.270935852597025018e-02 7.975504915549593010e-02 7.614631189048690074e-02 7.210198066902803737e-02 6.772411628938897199e-02 6.320443458525283609e-02 5.857169327068496162e-02 5.398033343477162682e-02 4.944384130556420121e-02 4.502869072494122826e-02 4.078471970164117971e-02 3.670802230417800904e-02 3.273914542354296187e-02 2.889786626488001151e-02 2.516033260096428234e-02 2.144475155310816838e-02 1.780038395366223200e-02 1.414027300381545151e-02 1.039242083385725872e-02 6.472962590602818027e-03 2.277271837717224565e-03 9.590217577919079510e-05 1.472489139278106846e-02 -2.022489348036177279e-03 1.246776492980542980e-02 1.647875700597125487e-03 7.688834318655797355e-03 2.194227120564635081e-03 8.168178896636402175e-03 -8.721147148506504243e-02 -1.834953467855506134e-03 6.878737317143222493e-03 5.615024479945382452e-02 5.651444814401581501e-02 2.595638463715142785e-02 2.136505986685520095e-02 1.770791000472789201e-02 1.830419912307242394e-02 1.500932395091299221e-02 2.226577275337884854e-02 1.669202984270529155e-02 1.870156686839468188e-02 1.736954595858677605e-02 1.508433517457286738e-02 1.748124036222326733e-02 1.446198568944555458e-02 5.964552835055047381e-03 9.159402330389478444e-03 1.237992283968041875e-02 5.561887361818628611e-03 2.252965787572589612e-02 -8.766815126990977480e-02 -1.866252484109379856e-02
3.064518576579064457e-02 5.523296374675878972e-02 5.805354218261822574e-02 6.074629806824263095e-02 6.324173695859766631e-02 6.543667904151412307e-02 6.723234518593639020e-02 6.857392362726826007e-02 6.937031244408357888e-02 6.958633847533221561e-02 6.918445247839211110e-02 6.815149003715202658e-02 6.660379535035015897e-02 6.454084882612921847e-02 6.206137910664150104e-02 5.923517357421802243e-02 5.612775156221574274e-02 5.284577393113529947e-02 4.940190873922076925e-02 4.594341657417192609e-02 4.249153254553782177e-02 3.903598796187380399e-02 3.559121875484569375e-02 3.220616779661020918e-02 2.887780670864257757e-02 2.559854367671006090e-02 2.243962447396797427e-02 1.925236318178191394e-02 1.612640804737361030e-02 1.304406557279358045e-02 9.913393663901806305e-03 6.866833922484781409e-03 3.299220325878072374e-02 6.414838403662806443e-02 6.851493893117971412e-02 7.272303572920638115e-02 7.669063941045897725e-02 8.020792394207110210e-02 8.310280527110050497e-02 8.522548548105672583e-02 8.643675149250823475e-02 8.666234233928131470e-02 8.583387444734870420e-02 8.408245826084276286e-02 8.144524214037492105e-02 7.806556166588771162e-02 7.415928937986131231e-02 6.983502479539173413e-02 6.529967603938267862e-02 6.060461056035770788e-02 5.591687971245863642e-02 5.126162681846065799e-02 4.670815355846514444e-02 4.232816115918210109e-02 3.811358482083421206e-02 3.400858683644041036e-02 3.003230261519719557e-02 2.616033188553410285e-02 2.229432197342053057e-02 1.852289996142112566e-02 1.471169941214882024e-02 1.079812495771672459e-02 6.686164011493323303e-03 2.247977136361152799e-03 9.176233407822723348e-05 1.462781414810681441e-02 -1.854982707762894110e-03 1.284424252589047750e-02 1.962278539770324817e-03 2.205794239338913082e-02 2.625724100871492869e-03 7.751453202733334623e-03 -9.533721213671575434e-02 -1.654470616009724900e-03 8.660184595494611545e-03 5.994366868877362003e-02 5.873491764652805092e-02 2.652461896339935316e-02 2.244531295818147365e-02 1.828282423405933749e-02 1.978021765499599072e-02 1.715373523372915737e-02 2.359024039394340411e-02 1.840172731668770351e-02 2.016153241482390723e-02 1.887528019676687485e-02 1.655815176157048041e-02 1.960731089003132574e-02 1.618617252085936473e-02 8.370161410118034245e-03 1.041924738447344394e-02 1.347238220688467929e-02 6.899192733533530096e-03 2.258237836494602843e-02 -8.242627462323141863e-02 -1.987470795126129383e-02
2.827023425810853627e-02 5.314858728352553352e-02 5.606841275229207389e-02 5.888753640284597607e-02 6.154123796439373711e-02 6.392918753260511122e-02 6.595390469379197596e-02 6.756010521666372393e-02 6.865525630700744508e-02 6.918445247839211110e-02 6.911997171735051460e-02 6.838764549894324474e-02 6.712898717558993256e-02 6.530627986155479459e-02 6.301351220018260035e-02 6.031836969481544491e-02 5.729368374278088344e-02 5.405300861509613336e-02 5.061708416194290322e-02 4.713997202774580092e-02 4.364386141737977565e-02 4.013437317072974381e-02 3.662215731725499551e-02 3.316202786445260342e-02 2.975149984720246513e-02 2.638038146737291256e-02 2.315663548508562278e-02 1.986006782982268834e-02 1.662811791049201640e-02 1.343349636405890245e-02 1.017396885956669411e-02 6.971757044521488360e-03 3.044171664002632768e-02 6.159209150384301751e-02 6.604995724658499490e-02 7.039563391769815270e-02 7.455519159936754847e-02 7.832375594750801140e-02 8.153254276677196488e-02 8.402730806685873577e-02 8.566951865808195010e-02 8.634559753505220703e-02 8.599831939622462618e-02 8.470840947490514139e-02 8.245315806718432616e-02 7.937899548919061243e-02 7.568732123452293070e-02 7.148733318788789981e-02 6.699881495064111125e-02 6.229525757246334727e-02 5.755573108938481092e-02 5.281863826458490369e-02 4.815685025677939740e-02 4.366565016653022047e-02 3.933434966695757706e-02 3.511247828988451475e-02 3.102016387736759861e-02 2.703717662229207508e-02 2.303788309677281057e-02 1.913241850952244333e-02 1.519261340184966877e-02 1.113339748432348730e-02 6.849297531660323256e-03 2.189702245346729446e-03 9.105946550851833944e-05 1.486412732094993631e-02 -1.681828681844223889e-03 1.302269486342512786e-02 2.135286344040583477e-03 1.702825025269105730e-02 3.343921397653539136e-03 7.329372327470780324e-03 -1.033558683261212169e-01 -1.673959291799285726e-03 1.053114902851120561e-02 6.373945073253586835e-02 6.058519509731735003e-02 2.715145911867963488e-02 2.345122147861643941e-02 1.902589726903354192e-02 2.123706867221112488e-02 1.943492305738512768e-02 2.492407667145836447e-02 2.025783237532364014e-02 2.170970615376291088e-02 2.049343704102111335e-02 1.816309458594750001e-02 2.193406420052857603e-02 1.800690235106136919e-02 1.110400610716104700e-02 1.187729512947528071e-02 1.486113417559461330e-02 8.520149852456814638e-03 2.299983596727765700e-02 -7.657531757537956729e-02 -2.041106838278018004e-02
2.594112958223844523e-02 5.081798486133856652e-02 5.379023047833340898e-02 5.668525500155002089e-02 5.944367061088037807e-02 6.196910893531713121e-02 6.416854134840667412e-02 6.598735165033517425e-02 6.733605172879843226e-02 6.815149003715202658e-02 6.838764549894324474e-02 6.802290511206167400e-02 6.705733756293612291e-02 6.550817962894799062e-02 6.344540689560088098e-02 6.092845317361884894e-02 5.803404289962936502e-02 5.488041774794023830e-02 5.149581593748372987e-02 4.803888664676175119e-02 4.453332290866863358e-02 4.100178395581340757e-02 3.745185175928487931e-02 3.394512166023792854e-02 3.048241643641701540e-02 2.706629071577626444e-02 2.367349855047727950e-02 2.035047048409324710e-02 1.704145530540455977e-02 1.375713379853079482e-02 1.038987614666518448e-02 7.050735486676665796e-03 2.793880542762194191e-02 5.875860506986531340e-02 6.324061816753771825e-02 6.764883419548183008e-02 7.191847128458668525e-02 7.585180974656235975e-02 7.928832972360567999e-02 8.207454640835218362e-02 8.407990681345299533e-02 8.517792786938765959e-02 8.530569838962570595e-02 8.442367337870174127e-02 8.262696930448551469e-02 7.992914938773014455e-02 7.652932284757571479e-02 7.253086785159773564e-02 6.816247935324222518e-02 6.351707303580259034e-02 5.878341272723538319e-02 5.401349474530495187e-02 4.928381813164317560e-02 4.471441880753087433e-02 4.029325498152188517e-02 3.597609356035169625e-02 3.178268738684043859e-02 2.768078377018170014e-02 2.368850481577660164e-02 1.962514654761881097e-02 1.556472637688579089e-02 1.137685155913342565e-02 6.941643861690856634e-03 2.084682281843117449e-03 7.455042715326545930e-05 1.200772616112009625e-02 -1.799274424434918864e-03 1.291956828404935975e-02 2.141951513464060777e-03 1.570207285884766407e-02 3.751489719754252938e-03 6.697398423398101541e-03 -1.113394987120283203e-01 -1.697390423456577539e-03 1.176344562849982248e-02 6.696061753607449041e-02 6.153629138395042691e-02 2.742988014352071638e-02 2.400146522639672736e-02 1.953166813493111692e-02 2.232324822525924221e-02 2.146166530629987218e-02 2.594153011914939952e-02 2.195859808476661318e-02 2.304010699470852505e-02 2.192271012822825937e-02 1.960210383118705935e-02 2.415796133503965784e-02 1.963146909971473855e-02 1.387939712346457181e-02 1.323635197117034763e-02 1.625367623618167306e-02 1.013318979788194359e-02 2.351367931636365316e-02 -7.039975637115948592e-02 -2.065417773145066319e-02
2.370068327665182661e-02 4.834423434951901771e-02 5.132916796367186646e-02 5.425644567711448291e-02 5.707230004342498525e-02 5.968479249022035776e-02 6.200719324780856051e-02 6.398682708057989998e-02 6.554078906896464163e-02 6.660379535035015897e-02 6.712898717558993256e-02 6.705733756293612291e-02 6.641384643250169972e-02 6.516130237571735040e-02 6.336640317771631559e-02 6.107281846723593838e-02 5.835721634071893565e-02 5.533896504136329858e-02 5.205202284032237059e-02 4.865677571212520536e-02 4.517808703592569169e-02 4.165650667995272199e-02 3.809659237912828289e-02 3.456638829154424358e-02 3.106849027568005586e-02 2.760319563800473636e-02 2.419449990635599845e-02 2.079548166587285446e-02 1.741803752991046353e-02 1.405787034179361433e-02 1.059991176129449451e-02 7.141627722690235130e-03 2.552882497018640201e-02 5.576869182377169193e-02 6.022149068190700560e-02 6.463105924950955650e-02 6.894229752520367183e-02 7.296529961868848668e-02 7.655040446302902035e-02 7.954815107805991714e-02 8.183990862799687960e-02 8.329317419969255176e-02 8.383286092930203326e-02 8.342591181833861058e-02 8.208445338739568664e-02 7.979231464671129870e-02 7.674876287769470673e-02 7.302637551476454103e-02 6.885611213664975805e-02 6.434383936146825800e-02 5.968349570749144350e-02 5.493930324387295838e-02 5.019087573773621525e-02 4.558375023914004731e-02 4.110651258185275131e-02 3.672353400497923442e-02 3.245816060663016256e-02 2.828479316952310640e-02 2.417004990444186763e-02 2.003866672798657045e-02 1.588519867242994474e-02 1.159127301717618845e-02 7.028545391649922321e-03 2.001730368898807944e-03 7.709096379157050021e-05 1.203946716208705199e-02 -1.670074329323966225e-03 1.290839243518454582e-02 2.267095547459693251e-03 1.493879070933867674e-02 4.107807784912180168e-03 6.104117323491440282e-03 -1.187645951664076799e-01 -1.673418020445485016e-03 1.287011743219492257e-02 7.008336999621038454e-02 6.173044314925655446e-02 2.763448146668561270e-02 2.435520692885476124e-02 2.001825099168224806e-02 2.325573368056138915e-02 2.336449846930073806e-02 2.683348614088171963e-02 2.367936210553230059e-02 2.431010711775723546e-02 2.331334367706066127e-02 2.102525058610004924e-02 2.639063290720803506e-02 2.120700303454917460e-02 1.683926034005113828e-02 1.462734290048421822e-02 1.777154528165317271e-02 1.186960968853213901e-02 2.428024387703953124e-02 -6.389685931706774735e-02 -2.048948251420882466e-02
2.154539736827922047e-02 4.573405152318403555e-02 4.869514894815618611e-02 5.161444170416702726e-02 5.444376278450746565e-02 5.709544443690956622e-02 5.948960961844323297e-02 6.157764299854019685e-02 6.328244463349591564e-02 6.454084882612921847e-02 6.530627986155479459e-02 6.550817962894799062e-02 6.516130237571735040e-02 6.422065393216565277e-02 6.271700848675522411e-02 6.068724770399071267e-02 5.820006383120196469e-02 5.537064630614810246e-02 5.223480060557702392e-02 4.895119135350391171e-02 4.554442763958794355e-02 4.207389398232561778e-02 3.854093954363246172e-02 3.502046231250702940e-02 3.151800544243364005e-02 2.803562685604160318e-02 2.460591551190189838e-02 2.116875308327246380e-02 1.774666370648602873e-02 1.433230846681417779e-02 1.080663221432003572e-02 7.252249656662227741e-03 2.320830109321132817e-02 5.263879363161141217e-02 5.701384588817404175e-02 6.136885026883230621e-02 6.565861417427440450e-02 6.970069842587998943e-02 7.335689745929920014e-02 7.648774841810790370e-02 7.898296181956963868e-02 8.071387591553441654e-02 8.160313907979482861e-02 8.160561116185914565e-02 8.068891812080282444e-02 7.885590267206983583e-02 7.621055750564507958e-02 7.283365412520440008e-02 6.894381516481190575e-02 6.464935621699456625e-02 6.014201623982422945e-02 5.549508898077928215e-02 5.078966566649174147e-02 4.619668429975636731e-02 4.170648305536046874e-02 3.729331115150332637e-02 3.298496688716504727e-02 2.876008021628669378e-02 2.457887258340867020e-02 2.038375690991628061e-02 1.615594556255947611e-02 1.177706325264719044e-02 7.111170490411254132e-03 1.944129660196268917e-03 6.974279484382089943e-05 1.121470551907508863e-02 -1.698707375972790265e-03 1.274233598949884964e-02 2.285284660474455783e-03 1.421400510310834829e-02 4.246895037064169105e-03 5.414129451380355999e-03 -1.254968986219414662e-01 -1.722296005463904182e-03 1.371526493387929292e-02 7.312279396762395856e-02 6.084864173554857536e-02 2.760029382952512364e-02 2.439493379488750710e-02 2.031970362017960011e-02 2.391451822369780253e-02 2.497955679479674923e-02 2.747355175621059992e-02 2.529739416529935142e-02 2.539824164286640096e-02 2.454875499123275462e-02 2.232288738776019507e-02 2.850834853935657609e-02 2.263871384460768715e-02 1.988407231380039802e-02 1.595326563631071712e-02 1.931555567829131015e-02 1.363939590587885491e-02 2.521386289981978474e-02 -5.722767693482431334e-02 -2.002988834345130129e-02
1.951565051433060138e-02 4.306338050906198534e-02 4.596923418770209463e-02 4.884556304976858665e-02 5.164977513009566534e-02 5.429799425058155771e-02 5.671857858831923921e-02 5.885995679611332604e-02 6.066259979725214385e-02 6.206137910664150104e-02 6.301351220018260035e-02 6.344540689560088098e-02 6.336640317771631559e-02 6.271700848675522411e-02 6.151711138072044061e-02 5.978406478321142414e-02 5.757224614789931832e-02 5.498556571569367113e-02 5.205656372915880986e-02 4.893841867436252852e-02 4.565266117477323471e-02 4.227861098178377353e-02 3.881333510312318102e-02 3.533869570293234064e-02 3.186383882169654957e-02 2.839366388600354438e-02 2.496444997014759387e-02 2.151481882847023838e-02 1.807046836099887935e-02 1.462282311361130967e-02 1.105243425614176739e-02 7.425183988374856915e-03 2.101983596374212490e-02 4.945508843311065966e-02 5.371256930015013559e-02 5.796638131020297180e-02 6.218158428347247968e-02 6.618227591823931666e-02 6.984479894313783133e-02 7.302284720220905689e-02 7.564265860165976518e-02 7.756826716506477759e-02 7.872798335781469592e-02 7.907062553183281939e-02 7.854856503194293516e-02 7.713481184324935680e-02 7.491907447308714108e-02 7.195163287369885086e-02 6.842719769931335239e-02 6.444053682289889451e-02 6.017402033191027177e-02 5.570536821984919951e-02 5.111457119359631013e-02 4.659730862802035495e-02 4.214596811886898303e-02 3.774578134619022834e-02 3.343015291346441986e-02 2.918278885626750252e-02 2.496510424946211948e-02 2.072631454619831143e-02 1.644478462518291287e-02 1.200199633171867598e-02 7.256482396296348898e-03 1.977814521574753487e-03 5.757161933269525116e-05 1.017386657568618638e-02 -1.811493301519710199e-03 1.247838657963387145e-02 2.217815411266357058e-03 1.356094328031489868e-02 4.269807750898658820e-03 4.726451229390230338e-03 -1.311690040740263463e-01 -1.755859775515336866e-03 1.435916455017109683e-02 7.634487387413733950e-02 5.868217842776463078e-02 2.733660220738559979e-02 2.418848344632387737e-02 2.042931747973483758e-02 2.431419996461892455e-02 2.626628265305539292e-02 2.782223640929235020e-02 2.674460102116148902e-02 2.622822928140514792e-02 2.553823804762778149e-02 2.339305663387437548e-02 3.038340993182759436e-02 2.381506074736069317e-02 2.287685365481765751e-02 1.708717871485163770e-02 2.074863631478125053e-02 1.530621310439914118e-02 2.615048210465760470e-02 -5.061004765111289105e-02 -1.941560960751169407e-02
1.761590371020739509e-02 4.036436140555030999e-02 4.318853067908507565e-02 4.599198844442539680e-02 4.873810825386555579e-02 5.134546108486660182e-02 5.374958171390978312e-02 5.590156113490361151e-02 5.775034685193008999e-02 5.923517357421802243e-02 6.031836969481544491e-02 6.092845317361884894e-02 6.107281846723593838e-02 6.068724770399071267e-02 5.978406478321142414e-02 5.836623114781735316e-02 5.646392535748077229e-02 5.416858750913668835e-02 5.149979450292105354e-02 4.860203747102777999e-02 4.548876383413422153e-02 4.226082112036195354e-02 3.890841420360734160e-02 3.552004427326268393e-02 3.210880762417397255e-02 2.868308777304517942e-02 2.528140353169798515e-02 2.184598688775961361e-02 1.840345485129495778e-02 1.494457614118390766e-02 1.135442586365702396e-02 7.679133223652078073e-03 1.897003235009840291e-02 4.625828398077314746e-02 5.036626443041784806e-02 5.448033089463617806e-02 5.857709479875774367e-02 6.248442853316967666e-02 6.609051177591399040e-02 6.925673644445709543e-02 7.192273778403343587e-02 7.396041518189359898e-02 7.530616125245732928e-02 7.590847967251899975e-02 7.571579186540391970e-02 7.468720694112675196e-02 7.290110110311556757e-02 7.037938939977081421e-02 6.729330882360474997e-02 6.369315995027106936e-02 5.975203850627506391e-02 5.554450099514363776e-02 5.114510374092125916e-02 4.677257549554710014e-02 4.241986249946916310e-02 3.808357458282805863e-02 3.380339936585204791e-02 2.956904806775511110e-02 2.534672099680170335e-02 2.108967291185035245e-02 1.677809094080868341e-02 1.229460950121836690e-02 7.494876637915281505e-03 2.134944192000664230e-03 4.300181231504466699e-05 9.049243245781261880e-03 -1.985915381429473499e-03 1.211235013747230006e-02 2.067798828485616948e-03 1.291873610340961952e-02 4.177535056898765663e-03 4.046529709465855086e-03 -1.355241958995838658e-01 -1.761664214248143991e-03 1.474225531455002416e-02 7.998698601205596337e-02 5.478767464898472855e-02 2.682416730475816261e-02 2.379511289973668814e-02 2.033966871324456582e-02 2.448495657557153704e-02 2.722002677052195313e-02 2.788995027724536918e-02 2.799628062221609301e-02 2.679926877086188930e-02 2.627749048889637187e-02 2.422859368986067866e-02 3.199269778030765926e-02 2.473713961567193878e-02 2.577330174009437661e-02 1.803159111285106142e-02 2.205906806900082701e-02 1.685975765587570396e-02 2.702678104082896840e-02 -4.413284916711746747e-02 -1.860760639376095663e-02
