3.349337352621026970e-03 2.491128355854991747e-03 2.390699435950835797e-03 2.295850538033228968e-03 2.185276984965607225e-03 2.077330992949153951e-03 1.969133779026528697e-03 1.861879047691145832e-03 1.754559659198333659e-03 1.647886622076766066e-03 1.527685810383279993e-03 1.424825591321154808e-03 1.320537914212270006e-03 1.218478469473226189e-03 1.119440002784375787e-03 1.022589199800669462e-03 9.346226472136955846e-04 8.400774853517195898e-04 7.537008237932965420e-04 6.710762296916355542e-04 6.017007551029858242e-04 5.212495871758140433e-04 4.425895142384690412e-04 3.811542057590452492e-04 3.263185525565728460e-04 2.781748099725712834e-04 2.069953855791495476e-04 1.675701444352229472e-04 1.146772310090873474e-04 7.351460902729027038e-05 3.749950624072342844e-05 1.547031904458769092e-05 3.349336514205031919e-03 2.451970218972436034e-03 2.341843090615049888e-03 2.231739109639750349e-03 2.110687779357627025e-03 1.991660750345714513e-03 1.872516249480890875e-03 1.762019873317784710e-03 1.647492401598569904e-03 1.534348887118785597e-03 1.410988655999618948e-03 1.306349838801987772e-03 1.202216867726773773e-03 1.101907666501921205e-03 1.005882575583862083e-03 9.144349466374552659e-04 8.371029690627312600e-04 7.379518069392318339e-04 6.609790057665650836e-04 5.889164075995181402e-04 5.277157262303041902e-04 4.588376876458522317e-04 3.948916665778473057e-04 3.484153806552964315e-04 3.069291692511586086e-04 2.567574742652559009e-04 2.230033090892659744e-04 1.977854672533078408e-04 1.565475897384112803e-04 1.267592206557351629e-04 9.936354270398241122e-05 7.691040972041698442e-05 1.078931970457487578e-03 1.032625514439575697e-03 1.475497107043097569e-03 1.307776282980438421e-03 2.606283729307678956e-03 1.144346577669518202e-03 1.760388190811766227e-03 7.711156844094690455e-04 2.189685234994357549e-03 8.895682412409575482e-03 7.827808564140972120e-03 6.784315048920904400e-04 -4.723867644903285805e-03 8.126565044074944306e-04 1.429195270646878464e-03 6.966437659713473757e-04 -7.309606783042202002e-04 1.859476089398059365e-03 1.406099825688474200e-04 5.437743224134589017e-04 4.886198656992870280e-04 2.599773847641090232e-04 1.447749214169413885e-03 1.061346920649059496e-03 8.132949356437818491e-04 6.744609582036553003e-04 8.891079340412685753e-04 -1.124663515514932286e-04 7.413172658520996838e-04 1.175517042033369462e-03 -1.414949926529137248e-03 8.519406733879202184e-04
2.491128355854991747e-03 1.558478665306450156e-02 1.638887084348891049e-02 1.702547807883459871e-02 1.760360252982721974e-02 1.802574568376892269e-02 1.830051269283294868e-02 1.842787847494239961e-02 1.842023680433905325e-02 1.828511030920058900e-02 1.798031247665979326e-02 1.760957316729329716e-02 1.712011474179057219e-02 1.653196440320916366e-02 1.585715514650422320e-02 1.510557380002663930e-02 1.430642420823556235e-02 1.340829159139263552e-02 1.249697130504476457e-02 1.154664584404459758e-02 1.059625665391302277e-02 9.601282413976515440e-03 8.614773564004753539e-03 7.643787671064958787e-03 6.687555943840651877e-03 5.765669783992457935e-03 4.862484549629141062e-03 4.006836566092557977e-03 3.171094901055067101e-03 2.391441411223349869e-03 1.663305333597185805e-03 9.942991056700342754e-04 2.491120703908914109e-03 1.598224531003097221e-02 1.679689772978435955e-02 1.740270739012663576e-02 1.794213523936961582e-02 1.829467104990507853e-02 1.847483247492853406e-02 1.848187180399705337e-02 1.835655243928435015e-02 1.809370441874986676e-02 1.766195189510973498e-02 1.716281548992693723e-02 1.654762097520745892e-02 1.583718160683956003e-02 1.504407458840596214e-02 1.418084929827830368e-02 1.328166513399064476e-02 1.226572985252139154e-02 1.126265413702146057e-02 1.023098553415240780e-02 9.196754292761276720e-03 8.139002401365582479e-03 7.102275959124290314e-03 6.091178363118755594e-03 5.106955430950601421e-03 4.136179339322532990e-03 3.228042842526087936e-03 2.358637532811534276e-03 1.497773553578801492e-03 6.819827201391963530e-04 -1.152707808600692989e-04 -9.341415840272782392e-04 1.747113339452399791e-03 1.365978054883721596e-03 2.948869513571699286e-03 4.691791215893995233e-03 -3.781625218554571840e-03 9.954754280788956008e-03 1.341994308932120683e-02 1.129680829119460508e-02 2.112925015992386801e-02 3.509818095306043578e-02 6.634803605518267353e-03 1.837640700082313755e-02 5.215582764428977440e-03 2.055001243552211435e-02 2.299310869142711516e-02 2.576060322711081624e-02 1.822016427927526661e-02 1.858602912796784509e-02 2.045388996453694277e-02 1.967361942719125095e-02 1.881075271182122699e-02 1.724967627898743930e-02 1.549665496315803283e-02 1.537005408438254193e-02 9.485610291160085847e-03 8.864925618466823823e-03 7.890019737255119653e-03 5.013039472292094706e-03 4.876387869795096447e-03 5.221885819005899453e-03 7.917302188403402014e-04 7.988994733322049699e-04
2.390699435950835797e-03 1.638887084348891049e-02 1.744217711083057704e-02 1.806407157362712596e-02 1.877387603236843963e-02 1.928901348012196024e-02 1.963657275508270267e-02 1.981878159916974566e-02 1.985063578153886329e-02 1.974129044252858137e-02 1.944472110470729653e-02 1.907476280993739698e-02 1.857344209204541893e-02 1.796264810486122507e-02 1.725554309247628176e-02 1.646275167551315699e-02 1.561763893277358026e-02 1.465790100742391140e-02 1.368554550121231679e-02 1.266881032541925314e-02 1.164561435072675871e-02 1.057491797491802617e-02 9.511401744999769398e-03 8.461203375151757355e-03 7.424443587956658375e-03 6.423460628037131609e-03 5.441114240234540093e-03 4.507672966298366737e-03 3.594141786272251650e-03 2.740217630112435840e-03 1.940559109277118291e-03 1.202473175220855530e-03 2.390686494535834098e-03 1.682001702050171452e-02 1.792107393541144192e-02 1.848848046997967134e-02 1.916529836966167355e-02 1.960886219650200685e-02 1.985548504658403435e-02 1.990687084673459575e-02 1.981094963181499399e-02 1.956271693641758319e-02 1.912798991473168772e-02 1.861824672333319691e-02 1.798004456706275497e-02 1.723614901029458385e-02 1.640027918264707479e-02 1.548606689857320168e-02 1.453133199258756225e-02 1.344489768354344833e-02 1.237200118218271562e-02 1.126556804796481799e-02 1.015155171869537576e-02 9.010777469365075648e-03 7.890737197895229815e-03 6.794714206144980735e-03 5.725216590714031495e-03 4.668328952692270793e-03 3.676789558052624262e-03 2.725269545560793805e-03 1.781074296810911247e-03 8.844197806279337172e-04 6.115805158026931658e-06 -8.979923570426537067e-04 1.836916840496445949e-03 1.150966756805060906e-03 2.669898997539228280e-03 4.422848465351151767e-03 -2.579959817040713629e-02 1.043528577596358579e-02 1.406389981971307469e-02 1.191686241083636522e-02 2.230108485203778634e-02 3.784231181901017566e-02 7.352810140995252354e-03 1.997290724793584354e-02 6.464371625529556978e-03 2.204902830951726775e-02 2.459728841099772037e-02 2.805772568418527652e-02 2.051599237366284745e-02 1.474228190638432641e-02 2.197343804911125464e-02 2.150958159317012744e-02 2.056342410921133471e-02 1.892426751727708731e-02 1.677772434657915507e-02 1.663314349518431670e-02 1.055859880237940487e-02 9.829705022225019781e-03 8.807229645424271072e-03 5.851300186289545673e-03 5.650618193972703832e-03 6.091159803959720481e-03 1.213069985506064121e-03 1.207949924451038118e-03
2.295850538033228968e-03 1.702547807883459871e-02 1.806407157362712596e-02 1.907876553272285294e-02 1.981392701023630340e-02 2.040041703630331507e-02 2.081409239665245672e-02 2.105018287465537652e-02 2.112346827594385051e-02 2.104372755733021488e-02 2.076018345157360986e-02 2.039712406163816591e-02 1.989069491852514873e-02 1.926452939845608656e-02 1.853278707111548004e-02 1.770670083938795381e-02 1.682416118419125667e-02 1.581014279290605257e-02 1.478502554506328469e-02 1.371018204068365567e-02 1.262169368874418302e-02 1.148310647343562738e-02 1.035023467896974483e-02 9.228268004322420434e-03 8.118256821847651475e-03 7.045367369271208526e-03 5.990503319274777944e-03 4.986272181803043033e-03 4.001576537441731488e-03 3.080246075413404280e-03 2.215920088886000686e-03 1.415375881366355299e-03 2.295832292972822038e-03 1.748724697369378675e-02 1.855327156085377627e-02 1.956535961836758028e-02 2.026394810888271572e-02 2.077367092056268613e-02 2.107861701841038174e-02 2.117265175138987807e-02 2.110753104014318968e-02 2.087740520212300055e-02 2.044430665385086818e-02 1.992996386893521391e-02 1.927549517943386373e-02 1.850550845349017981e-02 1.763474517624029000e-02 1.667782889820319803e-02 1.567652595799613052e-02 1.452771665538282742e-02 1.339405476921366397e-02 1.222203843226622212e-02 1.103712687713353895e-02 9.822330684771080761e-03 8.628015720598781330e-03 7.456023698300861570e-03 6.310128494162342040e-03 5.175836555929478298e-03 4.109623323628832682e-03 3.084905404180835701e-03 2.066058135748201699e-03 1.097702283011449441e-03 1.479914855018988696e-04 -8.309584728093323980e-04 1.916507588066065047e-03 1.042678450244064045e-03 2.622865648209450357e-03 4.708461037244716582e-03 2.120508927483082465e-02 1.004385438132867660e-02 1.407652657818204284e-02 1.207639357424862038e-02 2.306741540260972070e-02 3.998099827439714066e-02 6.962976127864353715e-03 2.106165200159879070e-02 7.420787627804252898e-03 2.331878121605959406e-02 2.610521314413319013e-02 3.011222121162608623e-02 1.800037738363493775e-02 3.247968885130440853e-02 2.418857047052909437e-02 2.253416626935197953e-02 2.156390380230368067e-02 1.995016188082637115e-02 1.747739594448906308e-02 1.736480389873707245e-02 1.133476296041350563e-02 1.041952133426374445e-02 9.400586160549461584e-03 6.407741228609841778e-03 6.166830266053084826e-03 6.723665460231878846e-03 1.430221233317356937e-03 1.533022290811254622e-03
2.185276984965607225e-03 1.760360252982721974e-02 1.877387603236843963e-02 1.981392701023630340e-02 2.067048890235471253e-02 2.135412186914506516e-02 2.185118011089920431e-02 2.215637321336615811e-02 2.228546657021793567e-02 2.224926719974192751e-02 2.199190582328212212e-02 2.164884107509570249e-02 2.114979996384010880e-02 2.052019060488281463e-02 1.977511766808639007e-02 1.892636642676142483e-02 1.801653760146984529e-02 1.695684760815446834e-02 1.588721894734173787e-02 1.476165553311319968e-02 1.361381540060711305e-02 1.241250977122735320e-02 1.121456421219175006e-02 1.002383832027647914e-02 8.842465840863655488e-03 7.698623424985677650e-03 6.570695939909792019e-03 5.494126477716040555e-03 4.435403281002015148e-03 3.442486692032677500e-03 2.507754852100595871e-03 1.637228314445396491e-03 2.185254516284173588e-03 1.810549237462680608e-02 1.931668727448987433e-02 2.035535709131940790e-02 2.117657791668752648e-02 2.178216954761258081e-02 2.216581477964459784e-02 2.232030766979936631e-02 2.230255164041411789e-02 2.210633237034446280e-02 2.168956979750002317e-02 2.118495389201199841e-02 2.052766070675232646e-02 1.974417010894815097e-02 1.885018669451396511e-02 1.786125531554627957e-02 1.682318688818213934e-02 1.562014308352674928e-02 1.443295999594213300e-02 1.320134339042973101e-02 1.194993514101887547e-02 1.066420334699714513e-02 9.397572258330478406e-03 8.150052011295117263e-03 6.926883474089561878e-03 5.713049233732199819e-03 4.568616790082666995e-03 3.465827046487327760e-03 2.365893099748237437e-03 1.317734462636672554e-03 2.863756587769433781e-04 -7.800317007178375270e-04 1.993869537292837502e-03 8.286967728124306626e-04 2.315402476024372522e-03 4.448150423484281170e-03 1.011701309870948265e-02 1.016069856604597151e-02 1.441774326796572449e-02 1.244992123555192440e-02 2.388501928990539869e-02 4.190082780186400735e-02 6.607404399179467140e-03 2.207563624431122667e-02 8.336686869674897471e-03 2.441180866307831460e-02 2.733717809147850897e-02 3.195455268212289007e-02 2.009580872599267196e-02 2.849542966552736159e-02 2.567210179732987152e-02 2.400603931071072783e-02 2.309492179085705435e-02 2.143884634808559606e-02 1.861815403993861626e-02 1.852320357472070703e-02 1.274316550863669253e-02 1.144651442197060047e-02 1.044487802116879360e-02 7.409453788249264344e-03 7.120759762502337255e-03 7.764254611853376072e-03 2.179263087770468271e-03 2.381531157780005306e-03
2.077330992949153951e-03 1.802574568376892269e-02 1.928901348012196024e-02 2.040041703630331507e-02 2.135412186914506516e-02 2.212901969065593846e-02 2.271091116372347257e-02 2.309125249861269241e-02 2.328513060262360490e-02 2.330331112302215166e-02 2.308315565508938308e-02 2.277242140151141542e-02 2.229306817664115231e-02 2.167225319927534519e-02 2.092589325041289625e-02 2.006621162065999608e-02 1.914074495747161708e-02 1.804557606288137092e-02 1.694173582391647614e-02 1.577518555150881838e-02 1.457652525129529003e-02 1.332046379063041470e-02 1.206519255482582306e-02 1.081234893997754486e-02 9.565467841073590355e-03 8.356518880562085333e-03 7.159744564044613971e-03 6.014803118695286228e-03 4.885130287059146967e-03 3.823033978017291272e-03 2.819267592661714710e-03 1.878550859856308649e-03 2.077304697390663316e-03 1.856117690057548786e-02 1.987503401273066003e-02 2.098917444270336635e-02 2.191119224663834464e-02 2.260872967558615401e-02 2.307474151110610813e-02 2.329767863304320688e-02 2.333817580478119227e-02 2.318824096962597558e-02 2.280005360671037706e-02 2.231840064158197023e-02 2.167127686302822848e-02 2.088705548564768685e-02 1.998231413544580490e-02 1.897344138257848686e-02 1.791048072413359282e-02 1.666377153037910952e-02 1.543355256595216156e-02 1.415219910731559984e-02 1.284321048266172209e-02 1.149464939653666896e-02 1.016372167187082343e-02 8.847650302470607894e-03 7.553549930855905058e-03 6.265989583950898507e-03 5.048438245735000635e-03 3.872224024906761614e-03 2.695073886282964640e-03 1.570461654222215456e-03 4.600510879955107841e-04 -6.921698123475417391e-04 2.073110736637520917e-03 6.136168085229108280e-04 1.999759323437021348e-03 4.202732154116988091e-03 7.091779558964617959e-03 1.004409510912849558e-02 1.455161971565319644e-02 1.263533829063518896e-02 2.443473644228279229e-02 4.342537151197941453e-02 6.187204897001272706e-03 2.286770449604294889e-02 9.094679965886171003e-03 2.531252473004176953e-02 2.838295000157333922e-02 3.348305133454630711e-02 2.136493286419060764e-02 2.869926219938526146e-02 2.735895628457300430e-02 2.512077474030611698e-02 2.441010848243547679e-02 2.273810561616478043e-02 1.965857445254726513e-02 1.962389369642264861e-02 1.434631409445120617e-02 1.245476481183960780e-02 1.152171122879332502e-02 8.471498050092906434e-03 8.150192462361899315e-03 8.852073661837604052e-03 3.274182992351672237e-03 3.472275321010968602e-03
1.969133779026528697e-03 1.830051269283294868e-02 1.963657275508270267e-02 2.081409239665245672e-02 2.185118011089920431e-02 2.271091116372347257e-02 2.337737539056451014e-02 2.383745657881651547e-02 2.410523048676099442e-02 2.418970898501062242e-02 2.401856207569893001e-02 2.375431384530482526e-02 2.330864264721437332e-02 2.271053261274184887e-02 2.197655055222931877e-02 2.111921928235508880e-02 2.019117516647978700e-02 1.907209440607776640e-02 1.794551045415996790e-02 1.674870837908061863e-02 1.550866714907934117e-02 1.420591361072622537e-02 1.290239660658509986e-02 1.159426342555846222e-02 1.028718105763232887e-02 9.021813113414337004e-03 7.759275853169151152e-03 6.549465985936957051e-03 5.351452026589268579e-03 4.221947515523139134e-03 3.149699555919345875e-03 2.137508001542695428e-03 1.969104062399135505e-03 1.886182500995782149e-02 2.025671902895481713e-02 2.144233784911935350e-02 2.245273977690315226e-02 2.323804792988887896e-02 2.378926544780376670e-02 2.408655606125284163e-02 2.419768400361964680e-02 2.410815822319605992e-02 2.376197837993462153e-02 2.331856017576724310e-02 2.269641258447309753e-02 2.192594962075778559e-02 2.102451956269517711e-02 2.000925676612014606e-02 1.893458098928640920e-02 1.765600702750196385e-02 1.639423598075275684e-02 1.507382022518480823e-02 1.371681713071411582e-02 1.231336789149664601e-02 1.092727952584423949e-02 9.549611077912873586e-03 8.190652392734336026e-03 6.835285106178847804e-03 5.549015467004521883e-03 4.303250773506161683e-03 3.051867848679483235e-03 1.853043821806623151e-03 6.648520139814567903e-04 -5.731516140326445427e-04 2.151589368120318275e-03 3.914632113255299807e-04 1.658109556843265784e-03 3.919261272931847534e-03 5.409174930004137169e-03 9.775828047590801387e-03 1.451213404538776765e-02 1.266427725738810198e-02 2.473584140780438895e-02 4.458577861788445146e-02 5.746292569983639346e-03 2.343537754892080840e-02 9.683055509434714339e-03 2.599457608420068996e-02 2.919181533053232316e-02 3.463396405255848159e-02 2.266739577195754293e-02 2.939660618590291680e-02 2.908416086233526349e-02 2.596996180231818038e-02 2.560792211279177763e-02 2.392853446234296730e-02 2.069498358746826513e-02 2.075750525908257732e-02 1.618839150317213232e-02 1.349980788094640519e-02 1.267946802512689118e-02 9.642783810126363819e-03 9.299733715218973587e-03 1.001296012418846117e-02 4.845795032320537703e-03 4.838153770997563087e-03
1.861879047691145832e-03 1.842787847494239961e-02 1.981878159916974566e-02 2.105018287465537652e-02 2.215637321336615811e-02 2.309125249861269241e-02 2.383745657881651547e-02 2.438384979767363112e-02 2.472888684888310817e-02 2.489097361937897199e-02 2.477890721810197677e-02 2.457641919796307514e-02 2.417946136112176028e-02 2.361925081069604637e-02 2.291278926915973554e-02 2.207269792043817236e-02 2.115680678895337508e-02 2.002709660431400973e-02 1.889092015775988703e-02 1.767620890794904462e-02 1.640565524255170604e-02 1.505971794649497118e-02 1.372798313650746074e-02 1.237405405372595316e-02 1.102285445218810153e-02 9.675423529556350863e-03 8.364773186735485408e-03 7.096825872869480870e-03 5.834871407092428498e-03 4.641030754620063467e-03 3.501988717729252049e-03 2.418179383995567883e-03 1.861846272960688241e-03 1.900544753250764385e-02 2.046196266774094261e-02 2.170690453916051740e-02 2.279207553003170100e-02 2.365692449122221153e-02 2.428884147799037149e-02 2.468831723597570901e-02 2.486540014793447301e-02 2.484941217960414186e-02 2.455696031498970366e-02 2.416819799238736563e-02 2.358695585626722699e-02 2.284611450152360460e-02 2.196361701298994024e-02 2.095716539314865234e-02 1.988562802925619016e-02 1.858866671791045699e-02 1.730841837875989747e-02 1.596105987618595679e-02 1.456672347097918464e-02 1.311101894163511222e-02 1.168943700139601916e-02 1.025787028131924100e-02 8.842413303351830123e-03 7.420708750710955891e-03 6.072917382651635797e-03 4.762532924975471094e-03 3.440776902700503747e-03 2.170799824316091680e-03 9.069884181109119517e-04 -4.156807622886317171e-04 2.234882450228082348e-03 1.630801249117039904e-04 1.291975365337950325e-03 3.591205716957615764e-03 4.158874329486432833e-03 9.366531312026579043e-03 1.428615019045281070e-02 1.252839256402012158e-02 2.477141589311901079e-02 4.540155766107724367e-02 5.263692384400709551e-03 2.375499893050598763e-02 1.007759293069910786e-02 2.643176513592519067e-02 2.973282264077615686e-02 3.537964447515949684e-02 2.405519905516016049e-02 3.013802417317289206e-02 3.064353683328720560e-02 2.663473037800221516e-02 2.670081667092558120e-02 2.502163296085476926e-02 2.174361729990810857e-02 2.192604361454503215e-02 1.813812869464147964e-02 1.462761347551187231e-02 1.393671896350921584e-02 1.095297676354910210e-02 1.059626572826539992e-02 1.127740894811409510e-02 6.903208351141538676e-03 6.490548405750199562e-03
1.754559659198333659e-03 1.842023680433905325e-02 1.985063578153886329e-02 2.112346827594385051e-02 2.228546657021793567e-02 2.328513060262360490e-02 2.410523048676099442e-02 2.472888684888310817e-02 2.516334099188594423e-02 2.541252230808189669e-02 2.536206982728819379e-02 2.523779212600756397e-02 2.490448422986847599e-02 2.439747454860092743e-02 2.373399903687825607e-02 2.292650145513867518e-02 2.203806510190093812e-02 2.091150007322225071e-02 1.977950639147103493e-02 1.856008658311195797e-02 1.727210570849813456e-02 1.592310388520501094e-02 1.453088630219481758e-02 1.314016203784660122e-02 1.174140635171105722e-02 1.036021461601915883e-02 8.990653551031109122e-03 7.666175226951652683e-03 6.342494636458704052e-03 5.086169251730610075e-03 3.881302851233151344e-03 2.725440759516675228e-03 1.754524153930229168e-03 1.900631175997126096e-02 2.050825263207636459e-02 2.180047230066826588e-02 2.294850652189962120e-02 2.388551346892984345e-02 2.459876166155352054e-02 2.506974340898146178e-02 2.534851219781290160e-02 2.541779356446841054e-02 2.518431080843399825e-02 2.486832608095661951e-02 2.434426658679471334e-02 2.364934363245071655e-02 2.280195273479530479e-02 2.182013362866177392e-02 2.076727433509125906e-02 1.946600989619590161e-02 1.818113871300113329e-02 1.682008509435254165e-02 1.540182389836410731e-02 1.393562104658086984e-02 1.244502193157075512e-02 1.097061958917029678e-02 9.504965145750754116e-03 8.029759844845990938e-03 6.623418451646215926e-03 5.252520285261949584e-03 3.863865558915396785e-03 2.525583402264885979e-03 1.188278727680347046e-03 -2.177282356188789674e-04 2.284675116781837573e-03 -6.407916785202002422e-05 9.166929578743305109e-04 3.234606272829182536e-03 3.105629420486591234e-03 8.847696869016159760e-03 1.389879784860974243e-02 1.225629834493247375e-02 2.455930367814844126e-02 4.603185154419658226e-02 4.773189114710678187e-03 2.387588623708796626e-02 1.032351825820010047e-02 2.666922246571679436e-02 3.004689325116005963e-02 3.579015915549427912e-02 2.546012464885437018e-02 3.078992755992331770e-02 3.174208977686358152e-02 2.726465665474255354e-02 2.769795731293506202e-02 2.601626199492739627e-02 2.278354380693193779e-02 2.307432908342554531e-02 1.992861824457713496e-02 1.586764250244882685e-02 1.527000294814353544e-02 1.238953205421648024e-02 1.201944414098277299e-02 1.264467465892000174e-02 9.294583213291946963e-03 8.378043298186980264e-03
1.647886622076766066e-03 1.828511030920058900e-02 1.974129044252858137e-02 2.104372755733021488e-02 2.224926719974192751e-02 2.330331112302215166e-02 2.418970898501062242e-02 2.489097361937897199e-02 2.541252230808189669e-02 2.576864506226071369e-02 2.573369094367349355e-02 2.571998088307768035e-02 2.546718717962484849e-02 2.502956250278182138e-02 2.442544786756462374e-02 2.366698004746642728e-02 2.282258963078367259e-02 2.171401266440824498e-02 2.060104644329696297e-02 1.939059571280823263e-02 1.809643053420880582e-02 1.672983023019929821e-02 1.532428875938535856e-02 1.390438688889777778e-02 1.246945321881442852e-02 1.104851751762646848e-02 9.631195184939891907e-03 8.256416241039000320e-03 6.875740373452352353e-03 5.560667236496005111e-03 4.292677691176234253e-03 3.066205847042019657e-03 1.647848691280548580e-03 1.887131346399086723e-02 2.040373426325190268e-02 2.173103451109274428e-02 2.293001147306082677e-02 2.393003131398216063e-02 2.471864271518956976e-02 2.527439085523052603e-02 2.564457052540754581e-02 2.582267994706292577e-02 2.560708493578933709e-02 2.539766423778401158e-02 2.494938342079330157e-02 2.431798761439874640e-02 2.352316053976752017e-02 2.258315528647526771e-02 2.156596116426354529e-02 2.027559257008400978e-02 1.900091553024187141e-02 1.763960955838261152e-02 1.620839248386912734e-02 1.471540527577814769e-02 1.320402626067717147e-02 1.169326221112028386e-02 1.018530489139150494e-02 8.661493539557378954e-03 7.203307011809139543e-03 5.777282481703860731e-03 4.326299835391745827e-03 2.923657400485767891e-03 1.516216891639539681e-03 2.974349518103907967e-05 2.352986415940824805e-03 -3.115758319851021476e-04 5.115082380941461063e-04 2.820267917822440011e-03 2.114149237920936921e-03 8.173827603531275132e-03 1.328377247931713211e-02 1.174552864634092857e-02 2.389254286153185206e-02 4.728688242174475254e-02 4.372949575269103294e-03 2.384599689730479422e-02 1.044234110408917560e-02 2.671771801544054262e-02 3.013800687258252897e-02 3.590962448842191512e-02 2.673423035879391590e-02 3.126766293023643811e-02 3.219084510860516918e-02 2.793487562980125419e-02 2.859011554039608480e-02 2.690697080423442092e-02 2.379633547247169550e-02 2.416633327551814467e-02 2.140320245759330664e-02 1.724499157772378319e-02 1.667759332450934051e-02 1.395880759116815105e-02 1.357471285584500691e-02 1.414894782100886012e-02 1.187095830688495758e-02 1.048248954034077841e-02
1.527685810383279993e-03 1.798031247665979326e-02 1.944472110470729653e-02 2.076018345157360986e-02 2.199190582328212212e-02 2.308315565508938308e-02 2.401856207569893001e-02 2.477890721810197677e-02 2.536206982728819379e-02 2.573369094367349355e-02 2.604011659181225749e-02 2.601420732889699744e-02 2.582882732438160009e-02 2.546360642137444896e-02 2.492812681096355509e-02 2.423112565281729594e-02 2.344552357205817797e-02 2.236852723641167412e-02 2.128969406203604781e-02 2.010312667368231374e-02 1.881696958370585038e-02 1.745046261774828300e-02 1.603839302386628543e-02 1.460153190320810646e-02 1.314178115825460555e-02 1.168981412379177173e-02 1.023428608452440006e-02 8.817745858801694786e-03 7.387586958501439482e-03 6.020551176209431449e-03 4.695227131134748627e-03 3.402502418581285475e-03 1.527645601289284857e-03 1.856131722952835544e-02 2.010608180038722659e-02 2.145195735227693398e-02 2.268519947232408920e-02 2.373251934192445109e-02 2.458142363578099537e-02 2.520706507139444316e-02 2.564821261490024540e-02 2.585075619417045306e-02 2.596942234340133063e-02 2.575262668344291059e-02 2.537115921377928671e-02 2.480944521167260247e-02 2.407894055761149177e-02 2.319511986807427928e-02 2.222971813422881110e-02 2.096504200194630393e-02 1.971632061860707774e-02 1.837001156948963113e-02 1.694034375718464838e-02 1.543834955420627340e-02 1.391249551404605440e-02 1.237725802605070709e-02 1.083767572654896830e-02 9.274811040828175035e-03 7.773668701178054925e-03 6.300727658439363686e-03 4.794859047712243284e-03 3.334781574266367302e-03 1.863518373800318378e-03 3.019962070890757190e-04 2.424423892319746941e-03 -5.380305188794219564e-04 1.484769795185436744e-04 2.451643520653745256e-03 1.287895819146688036e-03 7.576017479029689174e-03 1.281336300900390475e-02 1.164101931217430622e-02 2.420575895005945902e-02 4.229043782946541319e-02 2.642021089128707926e-03 2.289312490397660271e-02 9.831213360353434697e-03 2.608825614552517241e-02 2.957920738635807720e-02 3.538618716380528134e-02 2.742008831103660144e-02 3.120305393372068206e-02 3.174559462611699356e-02 2.828687357942751696e-02 2.904619312104874534e-02 2.738113754600892541e-02 2.446862680239676041e-02 2.489149611481910468e-02 2.230423892452827739e-02 1.842791817927955100e-02 1.784587069691157685e-02 1.534470127074847451e-02 1.494508160210479032e-02 1.549005856756844463e-02 1.419112554721572474e-02 1.244896195819543590e-02
1.424825591321154808e-03 1.760957316729329716e-02 1.907476280993739698e-02 2.039712406163816591e-02 2.164884107509570249e-02 2.277242140151141542e-02 2.375431384530482526e-02 2.457641919796307514e-02 2.523779212600756397e-02 2.571998088307768035e-02 2.601420732889699744e-02 2.612271208863192404e-02 2.603908768656620909e-02 2.576916348928302847e-02 2.532274202404854319e-02 2.470697096204551788e-02 2.400038819565058698e-02 2.297207048433929505e-02 2.194537065563552033e-02 2.079951998557902013e-02 1.953664317641115936e-02 1.818482052209257835e-02 1.677759883274989108e-02 1.533468557704463671e-02 1.385966023749991317e-02 1.238411046073735304e-02 1.089722901568115042e-02 9.444471717548787171e-03 7.969352462146934296e-03 6.553969220550519455e-03 5.174242614850919214e-03 3.817855687779409587e-03 1.424783495304110222e-03 1.817758738310607317e-02 1.972562335251882085e-02 2.108271012283374074e-02 2.234310934461064199e-02 2.343238269476559388e-02 2.433909070859887822e-02 2.503822711166428169e-02 2.556785463456607774e-02 2.588827051734445342e-02 2.600487237414097000e-02 2.592431852661779279e-02 2.564545218131080578e-02 2.517792048003237096e-02 2.453348863052640105e-02 2.372654176705267515e-02 2.283358002656768471e-02 2.161206974797094324e-02 2.040712319221766463e-02 1.909223272105901523e-02 1.767897051847011625e-02 1.618194212612543426e-02 1.465229891070955227e-02 1.310287551141890543e-02 1.154054257699511574e-02 9.946284391199990485e-03 8.408605256460413221e-03 6.894240888552853087e-03 5.338334094269662523e-03 3.825105290795132850e-03 2.294114613551100860e-03 6.622656341680646219e-04 2.477091139012846215e-03 -7.969006330944050425e-04 -2.571710363399616877e-04 1.988344706803893587e-03 3.978964700005644143e-04 6.695474670574147295e-03 1.190087989780466357e-02 1.086222328769320851e-02 2.298027426839873225e-02 4.349225394067859907e-02 2.137866797877511875e-03 2.246919304423793812e-02 9.623859342828037025e-03 2.571588353405819191e-02 2.919247680451026589e-02 3.498170314755657401e-02 2.814615541129708229e-02 3.125106017284696308e-02 3.124110140516621684e-02 2.881567201111556731e-02 2.961301701898683136e-02 2.797909382913641926e-02 2.531684522900696024e-02 2.577211079356015594e-02 2.327137885231810033e-02 1.986196052431861425e-02 1.925621909972450446e-02 1.701638595359200590e-02 1.661856869609567092e-02 1.718286205330556149e-02 1.672547254386939214e-02 1.480075069162246557e-02
1.320537914212270006e-03 1.712011474179057219e-02 1.857344209204541893e-02 1.989069491852514873e-02 2.114979996384010880e-02 2.229306817664115231e-02 2.330864264721437332e-02 2.417946136112176028e-02 2.490448422986847599e-02 2.546718717962484849e-02 2.582882732438160009e-02 2.603908768656620909e-02 2.605620881169619374e-02 2.588792814037475104e-02 2.554127979692747200e-02 2.502049149862978911e-02 2.441042949080084179e-02 2.344452535201028975e-02 2.248748409075233476e-02 2.139954180562363140e-02 2.017603171323887473e-02 1.885449741120901260e-02 1.746600548515614415e-02 1.603018162493070886e-02 1.455198268506088279e-02 1.306344159480837298e-02 1.155506856711839385e-02 1.007503345305577752e-02 8.562916102994444847e-03 7.106391916711355360e-03 5.678722771640602740e-03 4.264424879048304799e-03 1.320494134531336990e-03 1.767017640317248423e-02 1.920786646527146424e-02 2.056349389493542304e-02 2.183805815922080368e-02 2.295665377106644728e-02 2.390889483066503327e-02 2.467002438549352819e-02 2.527577013171343479e-02 2.568775249900203186e-02 2.588192656798829136e-02 2.590996601274787869e-02 2.573648651700728360e-02 2.537283666842810384e-02 2.482806144698081544e-02 2.411408372749774404e-02 2.331266965601500041e-02 2.214959833644467718e-02 2.100664723705799458e-02 1.974066256883203960e-02 1.836013256948220568e-02 1.688344146261895606e-02 1.536353902107200423e-02 1.381264232963321480e-02 1.223910174741880269e-02 1.062402275043754576e-02 9.059249771663425987e-03 7.512177651140634557e-03 5.914285508554001890e-03 4.355487418017139900e-03 2.772064467541075165e-03 1.077201587743788604e-03 2.527368893536580119e-03 -1.053090638348850791e-03 -6.402419675312658780e-04 1.529883223504576286e-03 -4.172474928707105919e-04 5.761557012306440205e-03 1.096069990797538321e-02 1.013373758786077598e-02 2.185841419424243426e-02 4.290232523597640318e-02 1.208909004328428873e-03 2.166109961374875631e-02 9.101751661616782133e-03 2.501469168206957999e-02 2.846362552459649059e-02 3.423030002948874301e-02 2.846926987375583348e-02 3.099961278360394840e-02 3.042245693697806508e-02 2.906591322639583835e-02 2.989507118429082441e-02 2.832190292373657978e-02 2.596403268857535446e-02 2.644588220377607282e-02 2.403581402836055605e-02 2.114395032112352524e-02 2.053295325314053940e-02 1.859054216490313785e-02 1.821205278216468312e-02 1.884304508371368800e-02 1.906543010182570885e-02 1.711678588618452054e-02
1.218478469473226189e-03 1.653196440320916366e-02 1.796264810486122507e-02 1.926452939845608656e-02 2.052019060488281463e-02 2.167225319927534519e-02 2.271053261274184887e-02 2.361925081069604637e-02 2.439747454860092743e-02 2.502956250278182138e-02 2.546360642137444896e-02 2.576916348928302847e-02 2.588792814037475104e-02 2.582658515965982615e-02 2.558892938935904832e-02 2.517569653713571526e-02 2.468089336571522435e-02 2.378813714559709427e-02 2.291905981192079653e-02 2.190706199256658299e-02 2.073978214753514210e-02 1.946487049694465080e-02 1.811000697712995475e-02 1.669516240142062541e-02 1.522655791245695889e-02 1.373630363029872820e-02 1.221682902481114816e-02 1.071892081697520954e-02 9.178245145045798095e-03 7.688265425312633752e-03 6.219710903072424822e-03 4.754165091112084324e-03 1.218433216216532194e-03 1.705954321111212771e-02 1.857505465580041801e-02 1.991810306149094031e-02 2.119530775694482977e-02 2.233189187346996604e-02 2.331861998569676603e-02 2.413166779715635729e-02 2.480430680517050138e-02 2.529886259899834927e-02 2.557787319870849854e-02 2.571137680580029214e-02 2.564755537934175489e-02 2.539637961699982641e-02 2.496347213843901763e-02 2.435767666155852496e-02 2.366828340175334416e-02 2.257640322042696324e-02 2.151461332254619302e-02 2.031600335204591934e-02 1.898548256537864465e-02 1.754528184121271345e-02 1.604972958211246109e-02 1.451085854805170099e-02 1.293836220849838015e-02 1.131367030135520431e-02 9.731808800207897986e-03 8.161243106928183638e-03 6.529944406681475154e-03 4.933709505943513311e-03 3.305840116473582509e-03 1.556341389411463293e-03 2.572147625986697696e-03 -1.310123234960262678e-03 -1.005555204681094763e-03 1.064501032277307595e-03 -1.181967501139148755e-03 4.699758581280783117e-03 9.957413740131015531e-03 9.359174508572187454e-03 2.058906836122559314e-02 4.188967519790886412e-02 1.471185214522739487e-04 2.064831374504547123e-02 8.405591619912554033e-03 2.410287792199209897e-02 2.750340370604531515e-02 3.320735595325734896e-02 2.848063798559399146e-02 3.053175377704216154e-02 2.943558535680969312e-02 2.906933456771989416e-02 2.994225871521558405e-02 2.845661064354578981e-02 2.644243364094960372e-02 2.695111608226091748e-02 2.467385191391266788e-02 2.228370083764662571e-02 2.169702660351920109e-02 2.007929139393399565e-02 1.974270540209605365e-02 2.048913095846762247e-02 2.124452329282155993e-02 1.940309941146631592e-02
1.119440002784375787e-03 1.585715514650422320e-02 1.725554309247628176e-02 1.853278707111548004e-02 1.977511766808639007e-02 2.092589325041289625e-02 2.197655055222931877e-02 2.291278926915973554e-02 2.373399903687825607e-02 2.442544786756462374e-02 2.492812681096355509e-02 2.532274202404854319e-02 2.554127979692747200e-02 2.558892938935904832e-02 2.546679946665614952e-02 2.517069732988599234e-02 2.481374275642459978e-02 2.399557907839647633e-02 2.323364246342127584e-02 2.231633739528059504e-02 2.122273621287421030e-02 2.001161804050521562e-02 1.870632952233357640e-02 1.732733781689264202e-02 1.588207086314753769e-02 1.440233769099825804e-02 1.288308272052301161e-02 1.137758675179882661e-02 9.817683858128518556e-03 8.302845321384677221e-03 6.801481444392637986e-03 5.292636398066806816e-03 1.119393469966056950e-03 1.635846797178335671e-02 1.784114101819072803e-02 1.916145565782014989e-02 2.043060325148578910e-02 2.157443183722409716e-02 2.258491160494369501e-02 2.343974366457323918e-02 2.416967694787813814e-02 2.473815930036226546e-02 2.510011938892997563e-02 2.533550780178294576e-02 2.538247769309943599e-02 2.524896444122522177e-02 2.493721079282366915e-02 2.445270255731058634e-02 2.389942647970956860e-02 2.288314020320238174e-02 2.192272859956381423e-02 2.081087483171642494e-02 1.954853629584678981e-02 1.816189473711680644e-02 1.670642134429526846e-02 1.519407813686842086e-02 1.363584111752355436e-02 1.201355720151472961e-02 1.042549808439631291e-02 8.841451630286769128e-03 7.186137982047102052e-03 5.561452077323649802e-03 3.898107021505858340e-03 2.103636090813008463e-03 2.610235498659044858e-03 -1.565623879270313388e-03 -1.351295173180147059e-03 5.913502210161849897e-04 -1.902269017530046043e-03 3.365601980192051840e-03 8.922311774109350016e-03 8.549685836392333441e-03 1.917453078078694764e-02 4.062334983809488126e-02 -9.978010880423127896e-04 1.946880223499797627e-02 7.563012904313654375e-03 2.299439928564287611e-02 2.636256252647062662e-02 3.168848478648286782e-02 2.823321804301324664e-02 2.989237536025202147e-02 2.834071047490867301e-02 2.884402930978892735e-02 2.977334096661536991e-02 2.839635347229386986e-02 2.674984388150262321e-02 2.728809530762420568e-02 2.519246372108318102e-02 2.326567821152630139e-02 2.273349052683133753e-02 2.145913623739826789e-02 2.118734710832328311e-02 2.209130943459380533e-02 2.325679392252204269e-02 2.161455678344126677e-02
1.022589199800669462e-03 1.510557380002663930e-02 1.646275167551315699e-02 1.770670083938795381e-02 1.892636642676142483e-02 2.006621162065999608e-02 2.111921928235508880e-02 2.207269792043817236e-02 2.292650145513867518e-02 2.366698004746642728e-02 2.423112565281729594e-02 2.470697096204551788e-02 2.502049149862978911e-02 2.517569653713571526e-02 2.517069732988599234e-02 2.500491736385693220e-02 2.482828664658857237e-02 2.404781403904667977e-02 2.341556353681337188e-02 2.261277520377818345e-02 2.161066973712654285e-02 2.048139203778299999e-02 1.924273276663405682e-02 1.791560968329563783e-02 1.650860101372531724e-02 1.505285558575184500e-02 1.354630625325170881e-02 1.204467512968350647e-02 1.047605918265711450e-02 8.946188980806641516e-03 7.421441025580927976e-03 5.878847514873695307e-03 1.022541554581704853e-03 1.557768368441637963e-02 1.701770787059073836e-02 1.830579573834675150e-02 1.955671778097050825e-02 2.069737010518347270e-02 2.172094276667821747e-02 2.260716126745701202e-02 2.338413528405005812e-02 2.401697336344009101e-02 2.445602199583158526e-02 2.478748608116530805e-02 2.494299574670012440e-02 2.492869518372457446e-02 2.474391497025086109e-02 2.439333799056034660e-02 2.401977708234260059e-02 2.304839353351965936e-02 2.221300484239438142e-02 2.120871500724888850e-02 2.003382067814687972e-02 1.871907862048345292e-02 1.732102225991374519e-02 1.585137636181914098e-02 1.432233756469941492e-02 1.271625233064466523e-02 1.113459857112191788e-02 9.548773616711409354e-03 7.880496746719693746e-03 6.237995929447258392e-03 4.549835425947036660e-03 2.721869760532503318e-03 2.641483848471017429e-03 -1.823041731129188513e-03 -1.685247159729865579e-03 9.635256049335215846e-05 -2.609209340394231819e-03 1.079316482881050986e-03 7.939008677563844443e-03 7.750849017744508747e-03 1.767280398177254602e-02 3.921572013153238473e-02 -2.149097347634422537e-03 1.820476876655377149e-02 6.675144219716437795e-03 2.182130379066316364e-02 2.500808152879937379e-02 3.110417926207229705e-02 2.769522647478153340e-02 2.899669523028196999e-02 2.707369902748206145e-02 2.833367330239247583e-02 2.933621738611616805e-02 2.808971513015956489e-02 2.682502783899328586e-02 2.739915727956894823e-02 2.552992509715839783e-02 2.402628833977061076e-02 2.357587140846921850e-02 2.265686918632617286e-02 2.247089036598256748e-02 2.356059388413050265e-02 2.504564489348128434e-02 2.365418756430636218e-02
