   2.8366106e-03  -1.0638336e-03  -1.2333639e-03   2.3464922e-03   6.6374390e-04  -3.0178441e-03   2.6028631e-03  -2.9911708e-04  -5.3217422e-04   1.7070117e-01  -1.9331944e-01  -4.4547957e-01   3.4259868e-01   3.8832230e-01  -4.2481558e-01   1.0306009e-02   2.6664811e-01  -1.4250396e-01  -9.1284300e-02   4.8847242e-01  -7.6216706e-01   1.8278334e-01   3.1825952e-01   3.1406521e-01  -8.0673806e-01   4.2926849e-01   7.5841710e-03
  -1.0638336e-03   3.0144092e-03  -4.4538834e-03   3.2877341e-03   2.2977168e-03  -4.9059455e-03   3.1767645e-03   4.3999899e-04  -1.0207543e-03   3.8723453e-03   4.3528077e-01  -1.3097626e+00   1.3370332e+00   2.1368447e-01  -4.9360089e-01  -1.0143408e-01   4.1814272e-01  -6.8784137e-04  -7.5663393e-02   2.6540781e-01  -1.5449033e-01  -3.7044176e-01  -2.1871422e-01   1.0666405e+00  -1.0650419e+00  -4.3714481e-03   2.3747132e-01
  -1.2333639e-03  -4.4538834e-03   1.4402650e-02  -1.4656336e-02  -8.0743848e-03   2.1293183e-02  -1.5607946e-02  -2.7837905e-04   4.1453752e-03   4.1401869e-01  -1.6488130e-02   4.6121821e+00  -4.7753668e+00  -1.5222327e+00   2.4618567e+00   2.3910785e-01  -1.8286951e+00   3.9980170e-01   3.2068195e-01  -2.4965183e+00   2.7762614e+00   3.9670233e-01  -3.9762077e-01  -3.5852141e+00   4.9704366e+00  -1.1812818e+00  -6.3315770e-01
   2.3464922e-03   3.2877341e-03  -1.4656336e-02   2.1114392e-02   2.6376900e-03  -2.0975627e-02   1.8178791e-02  -1.5623679e-03  -4.0811401e-03   2.7714182e-01  -1.4084003e+00  -4.5171791e+00   6.1106586e+00   1.8057258e+00  -2.7341852e+00  -7.7844412e-01   2.4170046e+00  -9.9838819e-01  -1.7320093e-01   2.9704994e+00  -3.2622370e+00  -1.8848811e+00   3.1530918e+00   2.2816641e+00  -5.5362393e+00   2.7985170e+00   1.2262625e-01
   6.6374390e-04   2.2977168e-03  -8.0743848e-03   2.6376900e-03   1.9079753e-02  -2.3457611e-02   1.2024445e-02   3.8262693e-03  -4.7489674e-03  -2.4651002e+00   2.5860667e+00  -2.6321799e+00   1.3133018e+00   1.9553058e+00  -2.7874240e+00   1.1278044e+00   9.9028334e-01   4.7072657e-01  -6.6143970e-01   2.7704433e+00  -3.9992236e+00   3.2803091e+00  -3.9249317e+00   5.7486456e+00  -4.4426247e+00  -1.3925544e+00   1.5652266e+00
  -3.0178441e-03  -4.9059455e-03   2.1293183e-02  -2.0975627e-02  -2.3457611e-02   4.7370698e-02  -3.2386262e-02  -1.8134351e-03   9.0205636e-03   2.7158637e+00  -1.7649669e+00   7.2788705e+00  -6.5670228e+00  -3.8147392e+00   6.4167177e+00  -1.2421071e+00  -3.0988367e+00   5.1204431e-01   8.7851431e-01  -6.0372834e+00   7.9174496e+00  -2.5961283e+00   1.5721715e+00  -8.7307397e+00   1.0442637e+01  -1.4636568e+00  -1.7200205e+00
   2.6028631e-03   3.1767645e-03  -1.5607946e-02   1.8178791e-02   1.2024445e-02  -3.2386262e-02   2.8170417e-02  -5.1275716e-03  -4.2826321e-03  -1.5163348e+00   7.0535561e-01  -5.4269629e+00   5.6393437e+00   2.4268174e+00  -4.2401412e+00   1.2489189e+00   8.0018693e-01  -6.6398673e-01  -3.1759250e-01   4.0806190e+00  -5.6685714e+00   1.5679882e+00  -1.4346584e-01   5.5011270e+00  -8.0727330e+00   3.6069438e+00   1.9284631e-01
  -2.9911708e-04   4.3999899e-04  -2.7837905e-04  -1.5623679e-03   3.8262693e-03  -1.8134351e-03  -5.1275716e-03   9.7585666e-03  -4.2202257e-03  -1.2878704e-01  -1.6438298e-01   1.0364043e-01  -3.9617901e-01   2.3805936e-01  -3.6931854e-01  -1.0688824e-01   2.7721381e+00  -2.4729961e-01  -4.0640035e-01   6.0698950e-01  -7.5244293e-02  -6.2068851e-01   2.9486698e-01   3.0453013e-01   4.2586992e-01  -3.4313140e+00   1.7071802e+00
  -5.3217422e-04  -1.0207543e-03   4.1453752e-03  -4.0811401e-03  -4.7489674e-03   9.0205636e-03  -4.2826321e-03  -4.2202257e-03   4.2737515e-03   3.9596569e-01   9.8099417e-02   1.2860642e+00  -1.3144118e+00  -7.4005606e-01   1.2830874e+00  -2.4458777e-01  -1.6578383e+00   5.2355065e-01   3.1144150e-01  -1.4338660e+00   1.4916132e+00   1.5194246e-01  -4.7204992e-01  -1.3881249e+00   1.8333054e+00   1.0101179e+00  -1.3460523e+00
   1.7070117e-01   3.8723453e-03   4.1401869e-01   2.7714182e-01  -2.4651002e+00   2.7158637e+00  -1.5163348e+00  -1.2878704e-01   3.9596569e-01   1.0363000e+04  -3.4742273e+03  -6.4899788e+02   9.8280632e+02  -6.7326982e+01  -9.7625098e+01  -1.1580276e+02   1.6166179e+02  -1.5621891e+02  -2.3298137e+03   4.9460772e+02   1.1447252e+03  -9.9145729e+02   3.6407429e+02  -4.0917515e+02   5.2113683e+02  -6.4700056e+01  -6.3474503e+01
  -1.9331944e-01   4.3528077e-01  -1.6488130e-02  -1.4084003e+00   2.5860667e+00  -1.7649669e+00   7.0535561e-01  -1.6438298e-01   9.8099417e-02  -3.4742273e+03   8.6054412e+03  -2.8200274e+03  -1.3617760e+03   4.2310966e+02   5.1744281e+02  -2.3615367e+01  -5.1351349e+02   3.7921394e+02   9.4868231e+02  -2.7378351e+03   7.6857867e+02   1.4500183e+03  -1.6503808e+03   4.6194973e+02   8.4616221e+01  -1.6890863e+02  -4.0875547e+01
  -4.4547957e-01  -1.3097626e+00   4.6121821e+00  -4.5171791e+00  -2.6321799e+00   7.2788705e+00  -5.4269629e+00   1.0364043e-01   1.2860642e+00  -6.4899788e+02  -2.8200274e+03   8.3584398e+03  -2.8967077e+03  -8.5072506e+02   5.6709888e+01   8.1095185e+02  -5.9890182e+02  -3.6735981e+01   2.5776760e+02   1.3806183e+02  -1.4226219e+03   4.4073688e+02   2.2164305e+02  -5.7772905e+02   8.3093345e+02  -3.2669824e+02  -2.0743772e+01
   3.4259868e-01   1.3370332e+00  -4.7753668e+00   6.1106586e+00   1.3133018e+00  -6.5670228e+00   5.6393437e+00  -3.9617901e-01  -1.3144118e+00   9.8280632e+02  -1.3617760e+03  -2.8967077e+03   9.1157063e+03  -2.0691255e+03  -5.5858501e+02  -8.5693924e+02   1.1331561e+03  -3.0658753e+02  -3.3241569e+02   1.2509375e+03  -4.8027460e+02  -2.8972129e+03   1.8748192e+03   5.0710315e+02  -9.1518010e+02   2.6673946e+02   1.4870156e+02
   3.8832230e-01   2.1368447e-01  -1.5222327e+00   1.8057258e+00   1.9553058e+00  -3.8147392e+00   2.4268174e+00   2.3805936e-01  -7.4005606e-01  -6.7326982e+01   4.2310966e+02  -8.5072506e+02  -2.0691255e+03   6.2417485e+03  -1.8025933e+03  -2.1111935e+02   1.9098294e+01   2.5848776e+02  -1.3155032e+02   4.6016672e+02  -5.8740773e+02   9.6237664e+02  -2.0934195e+03   9.6087985e+02  -6.3649767e+02   6.3082478e+02  -3.0058067e+02
  -4.2481558e-01  -4.9360089e-01   2.4618567e+00  -2.7341852e+00  -2.7874240e+00   6.4167177e+00  -4.2401412e+00  -3.6931854e-01   1.2830874e+00  -9.7625098e+01   5.1744281e+02   5.6709888e+01  -5.5858501e+02  -1.8025933e+03   4.2050287e+03  -1.3371434e+03  -4.1101066e+02   1.0655793e+02   2.3423483e+02  -1.0144646e+03   1.2491998e+03  -2.0230200e+02   3.2533879e+02  -2.4420521e+03   1.7826814e+03  -2.6390753e+02  -1.2668501e+02
   1.0306009e-02  -1.0143408e-01   2.3910785e-01  -7.7844412e-01   1.1278044e+00  -1.2421071e+00   1.2489189e+00  -1.0688824e-01  -2.4458777e-01  -1.1580276e+02  -2.3615367e+01   8.1095185e+02  -8.5693924e+02  -2.1111935e+02  -1.3371434e+03   3.3913301e+03  -6.9399865e+02  -5.3551458e+02  -3.5666945e+01   1.4086491e+02  -4.4658575e+02   6.3944663e+02  -3.4063453e+02   8.3757693e+02  -1.6688921e+03  -1.2961053e+02   6.1517467e+02
   2.6664811e-01   4.1814272e-01  -1.8286951e+00   2.4170046e+00   9.9028334e-01  -3.0988367e+00   8.0018693e-01   2.7721381e+00  -1.6578383e+00   1.6166179e+02  -5.1351349e+02  -5.9890182e+02   1.1331561e+03   1.9098294e+01  -4.1101066e+02  -6.9399865e+02   2.7503488e+03  -4.0144483e+02  -1.6256819e+02   6.8024507e+02  -5.0521376e+02  -6.5959522e+02   1.0236312e+03   5.2388536e+01  -4.9886274e+02  -9.4211479e+02   2.5930499e+02
  -1.4250396e-01  -6.8784137e-04   3.9980170e-01  -9.9838819e-01   4.7072657e-01   5.1204431e-01  -6.6398673e-01  -2.4729961e-01   5.2355065e-01  -1.5621891e+02   3.7921394e+02  -3.6735981e+01  -3.0658753e+02   2.5848776e+02   1.0655793e+02  -5.3551458e+02  -4.0144483e+02   2.1629867e+03   1.9100207e+01  -2.0866264e+02   2.0040372e+02   2.5778720e+02  -7.1369469e+02   2.7793903e+02   5.2877449e+02  -1.7737731e+02  -1.1947296e+03
  -9.1284300e-02  -7.5663393e-02   3.2068195e-01  -1.7320093e-01  -6.6143970e-01   8.7851431e-01  -3.1759250e-01  -4.0640035e-01   3.1144150e-01  -2.3298137e+03   9.4868231e+02   2.5776760e+02  -3.3241569e+02  -1.3155032e+02   2.3423483e+02  -3.5666945e+01  -1.6256819e+02   1.9100207e+01   9.3212552e+02  -6.3715038e+02   6.7608133e+01   1.7173413e+02   5.0619231e+00  -2.4508742e+02   1.8067306e+02   1.3914342e+02  -1.1613797e+02
   4.8847242e-01   2.6540781e-01  -2.4965183e+00   2.9704994e+00   2.7704433e+00  -6.0372834e+00   4.0806190e+00   6.0698950e-01  -1.4338660e+00   4.9460772e+02  -2.7378351e+03   1.3806183e+02   1.2509375e+03   4.6016672e+02  -1.0144646e+03   1.4086491e+02   6.8024507e+02  -2.0866264e+02  -6.3715038e+02   2.3051278e+03  -1.8080688e+03  -7.1928552e+01   5.4403098e+02   9.8035714e+02  -1.5093179e+03   2.0358927e+02   3.0786490e+02
  -7.6216706e-01  -1.5449033e-01   2.7762614e+00  -3.2622370e+00  -3.9992236e+00   7.9174496e+00  -5.6685714e+00  -7.5244293e-02   1.4916132e+00   1.1447252e+03   7.6857867e+02  -1.4226219e+03  -4.8027460e+02  -5.8740773e+02   1.2491998e+03  -4.4658575e+02  -5.0521376e+02   2.0040372e+02   6.7608133e+01  -1.8080688e+03   2.9488651e+03  -9.9560097e+02  -1.0922613e+02  -1.4553849e+03   2.1086872e+03  -4.7873734e+02  -2.9546661e+02
   1.8278334e-01  -3.7044176e-01   3.9670233e-01  -1.8848811e+00   3.2803091e+00  -2.5961283e+00   1.5679882e+00  -6.2068851e-01   1.5194246e-01  -9.9145729e+02   1.4500183e+03   4.4073688e+02  -2.8972129e+03   9.6237664e+02  -2.0230200e+02   6.3944663e+02  -6.5959522e+02   2.5778720e+02   1.7173413e+02  -7.1928552e+01  -9.9560097e+02   2.7760532e+03  -2.1084104e+03   1.0220716e+03  -5.9560387e+02   8.9735178e+01  -4.2948856e+00
   3.1825952e-01  -2.1871422e-01  -3.9762077e-01   3.1530918e+00  -3.9249317e+00   1.5721715e+00  -1.4346584e-01   2.9486698e-01  -4.7204992e-01   3.6407429e+02  -1.6503808e+03   2.2164305e+02   1.8748192e+03  -2.0934195e+03   3.2533879e+02  -3.4063453e+02   1.0236312e+03  -7.1369469e+02   5.0619231e+00   5.4403098e+02  -1.0922613e+02  -2.1084104e+03   3.9576406e+03  -1.9911241e+03   1.1805852e+02   4.7889449e+02   3.6656779e+00
   3.1406521e-01   1.0666405e+00  -3.5852141e+00   2.2816641e+00   5.7486456e+00  -8.7307397e+00   5.5011270e+00   3.0453013e-01  -1.3881249e+00  -4.0917515e+02   4.6194973e+02  -5.7772905e+02   5.0710315e+02   9.6087985e+02  -2.4420521e+03   8.3757693e+02   5.2388536e+01   2.7793903e+02  -2.4508742e+02   9.8035714e+02  -1.4553849e+03   1.0220716e+03  -1.9911241e+03   3.8188009e+03  -2.6460266e+03  -1.3749024e+02   4.8730515e+02
  -8.0673806e-01  -1.0650419e+00   4.9704366e+00  -5.5362393e+00  -4.4426247e+00   1.0442637e+01  -8.0727330e+00   4.2586992e-01   1.8333054e+00   5.2113683e+02   8.4616221e+01   8.3093345e+02  -9.1518010e+02  -6.3649767e+02   1.7826814e+03  -1.6688921e+03  -4.9886274e+02   5.2877449e+02   1.8067306e+02  -1.5093179e+03   2.1086872e+03  -5.9560387e+02   1.1805852e+02  -2.6460266e+03   4.2594547e+03  -1.0073514e+03  -5.9440977e+02
   4.2926849e-01  -4.3714481e-03  -1.1812818e+00   2.7985170e+00  -1.3925544e+00  -1.4636568e+00   3.6069438e+00  -3.4313140e+00   1.0101179e+00  -6.4700056e+01  -1.6890863e+02  -3.2669824e+02   2.6673946e+02   6.3082478e+02  -2.6390753e+02  -1.2961053e+02  -9.4211479e+02  -1.7737731e+02   1.3914342e+02   2.0358927e+02  -4.7873734e+02   8.9735178e+01   4.7889449e+02  -1.3749024e+02  -1.0073514e+03   2.4196799e+03  -8.4044313e+02
   7.5841710e-03   2.3747132e-01  -6.3315770e-01   1.2262625e-01   1.5652266e+00  -1.7200205e+00   1.9284631e-01   1.7071802e+00  -1.3460523e+00  -6.3474503e+01  -4.0875547e+01  -2.0743772e+01   1.4870156e+02  -3.0058067e+02  -1.2668501e+02   6.1517467e+02   2.5930499e+02  -1.1947296e+03  -1.1613797e+02   3.0786490e+02  -2.9546661e+02  -4.2948856e+00   3.6656779e+00   4.8730515e+02  -5.9440977e+02  -8.4044313e+02   1.7091314e+03
