   0.366896578E+02  -0.301479573E+02   0.951085343E+00   0.788823493E+01   0.740942815E+01  -0.110032099E+02   0.135945794E+01   0.527205869E+01  -0.152541084E+01  -0.754388419E-02   0.307726641E-02   0.963372549E-04  -0.700592321E-03  -0.154038028E-03   0.843587500E-04   0.149716462E-03  -0.466132756E-03   0.339042376E-03
  -0.301479573E+02   0.723038446E+02  -0.288374355E+02  -0.119014688E+02   0.280424984E+01   0.157286518E+02  -0.111838186E+02  -0.314759030E+01   0.261581264E+01   0.498536444E-02  -0.866889388E-02   0.373079442E-02   0.124442365E-02  -0.162735810E-02   0.381944645E-03  -0.122848671E-03   0.412302529E-03  -0.452379763E-03
   0.951085343E+00  -0.288374355E+02   0.644035213E+02  -0.513562174E+02  -0.113909030E+02   0.188480680E+02   0.508957231E+01  -0.145721635E+02   0.311618162E+01  -0.687932108E-03   0.284364523E-02  -0.751022725E-02   0.190274263E-02   0.335916327E-02  -0.164847958E-02   0.267895342E-04   0.112761485E-02  -0.700941561E-03
   0.788823493E+01  -0.119014688E+02  -0.513562174E+02   0.223652119E+03  -0.996702833E+02  -0.462238058E+02   0.590575314E+02   0.350353580E+01  -0.116428382E+02   0.757795254E-03   0.611093806E-03   0.452020830E-02  -0.216807854E-01   0.731852729E-02   0.274283691E-02  -0.233829465E-02  -0.362980597E-03   0.146185522E-02
   0.740942815E+01   0.280424984E+01  -0.113909030E+02  -0.996702833E+02   0.212254826E+03  -0.928014216E+02  -0.566762788E+02   0.696622649E+02  -0.729812327E+01  -0.861630863E-03  -0.514716512E-03   0.306523197E-03   0.143899353E-01  -0.252662641E-01   0.345761237E-02   0.353284183E-02  -0.639600376E-02   0.313900180E-02
  -0.110032099E+02   0.157286518E+02   0.188480680E+02  -0.462238058E+02  -0.928014216E+02   0.204164242E+03  -0.841730241E+02  -0.501288745E+02   0.243492584E+02  -0.132287488E-03   0.336822771E-04  -0.116578340E-02  -0.269258056E-02   0.151241245E-01  -0.118769102E-01   0.346127497E-02   0.508609083E-02  -0.579078389E-02
   0.135945794E+01  -0.111838186E+02   0.508957231E+01   0.590575314E+02  -0.566762788E+02  -0.841730241E+02   0.189174447E+03  -0.922475029E+02  -0.137206209E+01   0.311250706E-03  -0.185103744E-03   0.164744395E-02  -0.719755338E-02   0.256401419E-02   0.767177679E-02  -0.128670847E-01   0.956872576E-02  -0.354046866E-03
   0.527205869E+01  -0.314759030E+01  -0.145721635E+02   0.350353580E+01   0.696622649E+02  -0.501288745E+02  -0.922475029E+02   0.172839546E+03  -0.404456573E+02   0.168492196E-03   0.296994340E-03  -0.135976128E-02   0.701328434E-02  -0.798251641E-02  -0.158022500E-02   0.976512553E-02  -0.204609405E-01   0.870672716E-02
  -0.152541084E+01   0.261581264E+01   0.311618162E+01  -0.116428382E+02  -0.729812327E+01   0.243492584E+02  -0.137206209E+01  -0.404456573E+02   0.246317113E+02  -0.151377866E-03  -0.338020333E-04   0.204275579E-03  -0.105293676E-02   0.188368331E-02  -0.420201173E-03  -0.152672576E-02   0.474660156E-02  -0.579886515E-02
  -0.754388419E-02   0.498536444E-02  -0.687932108E-03   0.757795254E-03  -0.861630863E-03  -0.132287488E-03   0.311250706E-03   0.168492196E-03  -0.151377866E-03   0.552514273E-05  -0.217460588E-05   0.477499713E-07   0.960985338E-06  -0.518645446E-06   0.574583942E-07   0.376502566E-07  -0.602301193E-07   0.250530537E-07
   0.307726641E-02  -0.866889388E-02   0.284364523E-02   0.611093806E-03  -0.514716512E-03   0.336822771E-04  -0.185103744E-03   0.296994340E-03  -0.338020333E-04  -0.217460588E-05   0.438277912E-05  -0.248591989E-05  -0.128550935E-07   0.945623759E-06  -0.289045202E-06   0.555246213E-07   0.207122097E-07  -0.144234948E-07
   0.963372549E-04   0.373079442E-02  -0.751022725E-02   0.452020830E-02   0.306523197E-03  -0.116578340E-02   0.164744395E-02  -0.135976128E-02   0.204275579E-03   0.477499713E-07  -0.248591989E-05   0.663471613E-05  -0.421908232E-05  -0.422162441E-06   0.686867620E-06  -0.380563868E-06   0.153893812E-06  -0.438596509E-09
  -0.700592321E-03   0.124442365E-02   0.190274263E-02  -0.216807854E-01   0.143899353E-01  -0.269258056E-02  -0.719755338E-02   0.701328434E-02  -0.105293676E-02   0.960985338E-06  -0.128550935E-07  -0.421908232E-05   0.146282714E-04  -0.643060220E-05  -0.699325304E-07   0.107386454E-05  -0.105466344E-05   0.312255322E-06
  -0.154038028E-03  -0.162735810E-02   0.335916327E-02   0.731852729E-02  -0.252662641E-01   0.151241245E-01   0.256401419E-02  -0.798251641E-02   0.188368331E-02  -0.518645446E-06   0.945623759E-06  -0.422162441E-06  -0.643060220E-05   0.137121774E-04  -0.326359676E-05  -0.130367022E-06   0.136190090E-05  -0.724302139E-06
   0.843587500E-04   0.381944645E-03  -0.164847958E-02   0.274283691E-02   0.345761237E-02  -0.118769102E-01   0.767177679E-02  -0.158022500E-02  -0.420201173E-03   0.574583942E-07  -0.289045202E-06   0.686867620E-06  -0.699325304E-07  -0.326359676E-05   0.325023883E-05  -0.156897480E-05   0.286776443E-06   0.246119981E-06
   0.149716462E-03  -0.122848671E-03   0.267895342E-04  -0.233829465E-02   0.353284183E-02   0.346127497E-02  -0.128670847E-01   0.976512553E-02  -0.152672576E-02   0.376502566E-07   0.555246213E-07  -0.380563868E-06   0.107386454E-05  -0.130367022E-06  -0.156897480E-05   0.305043980E-05  -0.240086546E-05   0.566490646E-06
  -0.466132756E-03   0.412302529E-03   0.112761485E-02  -0.362980597E-03  -0.639600376E-02   0.508609083E-02   0.956872576E-02  -0.204609405E-01   0.474660156E-02  -0.602301193E-07   0.207122097E-07   0.153893812E-06  -0.105466344E-05   0.136190090E-05   0.286776443E-06  -0.240086546E-05   0.614482602E-05  -0.286585996E-05
   0.339042376E-03  -0.452379763E-03  -0.700941561E-03   0.146185522E-02   0.313900180E-02  -0.579078389E-02  -0.354046866E-03   0.870672716E-02  -0.579886515E-02   0.250530537E-07  -0.144234948E-07  -0.438596509E-09   0.312255322E-06  -0.724302139E-06   0.246119981E-06   0.566490646E-06  -0.286585996E-05   0.476486433E-05
