6.87294	0.40876	-41.81325	-2.00107	-0.2472	8.47358
0.40876	1.01189	-1.73456	-0.70805	-0.20346	2.58552
-41.81325	-1.73456	673.97285	14.43712	2.58361	-73.80704
-2.00107	-0.70805	14.43712	3.41254	0.10827	-19.28779
-0.2472	-0.20346	2.58361	0.10827	0.31772	6.64555
8.47358	2.58552	-73.80704	-19.28779	6.64555	442.11547