3.375987829919893223e-03 2.321215564337749445e-03 2.207880070904107411e-03 2.093024673598399034e-03 1.977117468083570626e-03 1.860728290059627437e-03 1.744489180860009370e-03 1.629065767023247287e-03 1.515133800190672725e-03 1.403357665812800551e-03 1.294370280811333370e-03 1.188755062958182828e-03 1.087030878181026927e-03 9.896406318035746996e-04 8.969438122346780427e-04 8.092129565423712614e-04 7.266337338607023162e-04 6.493081560089915575e-04 5.772603290631350432e-04 5.104441402381914824e-04 4.487523055941835463e-04 3.920262608809611652e-04 3.400664439165392494e-04 2.926425851523096577e-04 2.495036920998506148e-04 2.103874831125871294e-04 1.750290956380348934e-04 1.431689611225306520e-04 1.145598005165987001e-04 8.897274891944608605e-05 6.620266513409721451e-05 3.375990924934165437e-03 2.296194477694588412e-03 2.178789862646616452e-03 2.059927386863430639e-03 1.939656350478734248e-03 1.828296224043136128e-03 1.711006038023788270e-03 1.609676392305504477e-03 1.504724559054946469e-03 1.405936710966144022e-03 1.312561454310705008e-03 1.224410535943697620e-03 1.141074917232356208e-03 1.062619691463461248e-03 9.850319827776302540e-04 9.124997315843305428e-04 8.445431180211161086e-04 7.747216329859261778e-04 6.969685815854248512e-04 6.551932816259730709e-04 5.916523356654802401e-04 5.320230599187470051e-04 4.748397358368234514e-04 4.200203199811996385e-04 3.702385950639348151e-04 3.108626105282948234e-04 2.627288153015446426e-04 2.152303731053451874e-04 1.694893297609584109e-04 1.257935871418992477e-04 8.396945629600187312e-05 6.012817618063318352e-04 1.651597590086002288e-03 7.331084413266539344e-04 5.716251493608795432e-04 7.766445516052219479e-04 2.020084167453914728e-04 1.240515685894782354e-03 -3.903083450061980639e-03 1.371943335492257707e-03 5.738037228180060869e-04 2.398902685970257659e-03 4.304232234866792856e-04 -3.690351113994927456e-04 -1.640193747914508830e-03 6.879945759712709349e-04 -1.400192084542132708e-04 -2.749499946167821909e-03 1.308651598955159210e-03 -2.539312151384199179e-03 -8.567110105564113400e-04 -1.620900182829589293e-04 -9.246080918726239236e-04 -1.554576868535920055e-03 -1.140327560060955302e-03 -1.322933258106712313e-03 -8.360349367130691291e-04 -7.974014131596129581e-04 7.799488246973058144e-04 -3.096555190881887520e-03 -4.109700925186685061e-03 4.852259897387638243e-02
2.321215564337749445e-03 1.781794900858277991e-02 1.857790305739198330e-02 1.916484034842892703e-02 1.958070126829844146e-02 1.982955879386979689e-02 1.991751238727084566e-02 1.985258361611305991e-02 1.964453360169754817e-02 1.930458340383673504e-02 1.884506218604333275e-02 1.827902305735997976e-02 1.761986313854372807e-02 1.688097437608802875e-02 1.607544153277334215e-02 1.521579571665682140e-02 1.431382573247267850e-02 1.338044499191362764e-02 1.242560845755054377e-02 1.145827205544138090e-02 1.048638609668578990e-02 9.516914310191304516e-03 8.555870830891761786e-03 7.608368615725042902e-03 6.678674023247533134e-03 5.770263511936773657e-03 4.885879477358936324e-03 4.027583104930381602e-03 3.196802744576115931e-03 2.394376716719561014e-03 1.620589641489437278e-03 2.321231546261232417e-03 1.826323745982534955e-02 1.898934725612108632e-02 1.953061891117689047e-02 1.989765671379940815e-02 2.011427396941409956e-02 2.015703989010843994e-02 2.011470641224479688e-02 1.995726611593152955e-02 1.970123707657254336e-02 1.935860017552181941e-02 1.893773967165106667e-02 1.844464487289647001e-02 1.787306587238977548e-02 1.727551709069305788e-02 1.657903352447936615e-02 1.587172826228165981e-02 1.507970682512587042e-02 1.424816313403292137e-02 1.338009125469012857e-02 1.246779048575386711e-02 1.151777223921751983e-02 1.053115646075655776e-02 9.508797614407758433e-03 8.456368364804987131e-03 7.340082168298205610e-03 6.203728794106270691e-03 5.020250752812543613e-03 3.787421910361620739e-03 2.498585181163075208e-03 1.165011858475054800e-03 3.131270896485796422e-04 9.876515999082430709e-04 2.879915734289154473e-03 6.950685645639933727e-03 9.071905498146907304e-03 8.212023069083668192e-03 1.353030919664002622e-02 -3.812777313824059345e-04 1.675660865569510855e-02 2.344835739294449245e-02 2.879345280878131338e-02 2.658119285897439510e-02 2.191567840967427808e-02 2.185434754584676328e-02 2.610531157306240219e-02 2.847428197513112227e-02 1.954932177449741557e-02 2.636723094257227562e-02 1.979695377984787286e-02 1.328096364137036807e-02 1.901996953275802288e-02 1.750299930543360374e-02 1.318642482025929666e-02 1.470433604878691042e-02 7.745926633307955757e-03 6.572954804004548478e-03 6.107238300634891190e-03 5.016272088522626300e-03 -3.369505194785913597e-03 -1.626899012660772831e-03 -6.702498978280356512e-02
2.207880070904107411e-03 1.857790305739198330e-02 1.941338145539974955e-02 2.006856276482267554e-02 2.054431837679786960e-02 2.084388053122189846e-02 2.097276971338854837e-02 2.093869743690040738e-02 2.075137131290528611e-02 2.042218964629379310e-02 1.996385552352431675e-02 1.938995443949972919e-02 1.871453524699716667e-02 1.795172337875655319e-02 1.711538452941942581e-02 1.621884835630211727e-02 1.527469516880390100e-02 1.429460354816652380e-02 1.328925315448440878e-02 1.226827461534840159e-02 1.124023729958653454e-02 1.021266576952729183e-02 9.192076473631139930e-03 8.184027459115337730e-03 7.193175267345600088e-03 6.223334517967339663e-03 5.277536865278131470e-03 4.358086959504113914e-03 3.466613745248552873e-03 2.604115880149009393e-03 1.771000265706687126e-03 2.207895449856302032e-03 1.906083777402491769e-02 1.986163779677186519e-02 2.046776173444767727e-02 2.088963957515998018e-02 2.115113188081847034e-02 2.122820236027496421e-02 2.121275368017450785e-02 2.107473897796156154e-02 2.083058110758135434e-02 2.049302204022201979e-02 2.007092280189250524e-02 1.957057630291487299e-02 1.898510132834040770e-02 1.837096672254614690e-02 1.765067207418433495e-02 1.691376198222227165e-02 1.608725651764544504e-02 1.521778161826327011e-02 1.430513959114134391e-02 1.334548653184404465e-02 1.234384379019733136e-02 1.130150187587696496e-02 1.021934057441589716e-02 9.103052682546212623e-03 7.918168624085654417e-03 6.708938180290143286e-03 5.447553151300387093e-03 4.131331724813570513e-03 2.752908281617439095e-03 1.324229348548369755e-03 2.884782496851001762e-04 5.941028955370889278e-04 2.708382214028225762e-03 7.017174911411384018e-03 9.237946590295732785e-03 8.350524395566638267e-03 1.402898117424041143e-02 -2.266663493258253069e-04 1.745645962744963101e-02 2.473434427297619906e-02 2.954847475132205831e-02 2.828302719932111742e-02 2.346334808810340150e-02 2.337124039774143500e-02 2.793411345765350884e-02 3.076882488303529783e-02 2.126292899215632276e-02 2.840415835192518917e-02 2.174134501160755392e-02 1.482606106335842937e-02 2.098871970300694376e-02 1.936979127777147675e-02 1.499183499756979836e-02 1.656933621174840401e-02 9.238434048876278254e-03 8.038699158699740693e-03 7.441610833513209386e-03 6.132758785056707448e-03 -2.246198423011759333e-03 -8.260056740344888038e-05 -7.968699941319706825e-02
2.093024673598399034e-03 1.916484034842892703e-02 2.006856276482267554e-02 2.078703342025777293e-02 2.131995994250544812e-02 2.166959851914312951e-02 2.184072547324845265e-02 2.184055507407313759e-02 2.167853927453555415e-02 2.136604355241601000e-02 2.091593375913789257e-02 2.034212165281654508e-02 1.965911170701059585e-02 1.888158038454540791e-02 1.802400785245789408e-02 1.710037306255590001e-02 1.612391608304904883e-02 1.510696606547677796e-02 1.406082909971345836e-02 1.299572748710236571e-02 1.192078063432784607e-02 1.084401765126762410e-02 9.772412499629557631e-03 8.711933822133068051e-03 7.667603066562820625e-03 6.643555973505407136e-03 5.643103778091255497e-03 4.668791512723370965e-03 3.722451564801871390e-03 2.805251141160773534e-03 1.917732527179837011e-03 2.093039254708214687e-03 1.968056067754802088e-02 2.054959096157847609e-02 2.121645962146285341e-02 2.169114918846878556e-02 2.199720504000520632e-02 2.210999809717045447e-02 2.212380883840620732e-02 2.200865165459378950e-02 2.178076020016450967e-02 2.145351521695851305e-02 2.103616679715641577e-02 2.053523549393854522e-02 1.994323896063828969e-02 1.932004484146114184e-02 1.858437588538627491e-02 1.782603771742435200e-02 1.697394645855821588e-02 1.607553447519681489e-02 1.512770621315944787e-02 1.413007048828676324e-02 1.308628518756976312e-02 1.199777161863536945e-02 1.086540675806451500e-02 9.694826609084942343e-03 8.451195465668037005e-03 7.178758348785057621e-03 5.849198261388219994e-03 4.459365295432708536e-03 3.001206906383298897e-03 1.487247984846944149e-03 2.643846981775727707e-04 1.680004368333610327e-04 2.474954510923124684e-03 6.973122542437559281e-03 9.270105934883799553e-03 8.351895503085009220e-03 1.435595128028185202e-02 -1.844106259635934096e-04 1.795610640925163204e-02 2.576813353945966306e-02 3.006036923519947446e-02 2.972431436694668305e-02 2.481605910658749720e-02 2.465863893378305791e-02 2.954540451184441488e-02 3.285056935585226046e-02 2.284825663585472386e-02 3.026041802121973504e-02 2.358575343728447696e-02 1.633877199588475160e-02 2.290788153566902102e-02 2.119498057926096427e-02 1.681062075469728218e-02 1.842939915078871393e-02 1.081660929242183634e-02 9.610959408597944190e-03 8.881543697083197145e-03 7.377850017170962602e-03 -9.036953140230632358e-04 1.730238140774462878e-03 -9.237947781459994456e-02
1.977117468083570626e-03 1.958070126829844146e-02 2.054431837679786960e-02 2.131995994250544812e-02 2.190614474766727424e-02 2.230407790207875746e-02 2.251767359034233945e-02 2.255349527747445987e-02 2.242055836921996032e-02 2.212999624403270624e-02 2.169462878692664937e-02 2.112848395617358821e-02 2.044631723749873106e-02 1.966316217461638177e-02 1.879393375203170305e-02 1.785309708911207716e-02 1.685440649109289438e-02 1.581071394659204141e-02 1.473384156724009790e-02 1.363450934856940550e-02 1.252230802699183521e-02 1.140570653861745949e-02 1.029208430795738177e-02 9.187779912235582297e-03 8.098149229075157080e-03 7.027627723280817883e-03 5.979792901409951289e-03 4.957424078760865223e-03 3.962557433020277853e-03 2.996534861262229853e-03 2.060045420465791456e-03 1.977131099687932415e-03 2.012371803024864611e-02 2.105346941168256131e-02 2.177594440539448034e-02 2.230043448595451713e-02 2.264982541445011502e-02 2.279891017250975163e-02 2.284358343473373229e-02 2.275401091867720188e-02 2.254614718941392454e-02 2.223389303113436355e-02 2.182680300661000994e-02 2.133155359590849925e-02 2.074009808205111438e-02 2.011513791215173083e-02 1.937236768119658323e-02 1.860077176888372610e-02 1.773203038920221838e-02 1.681378038306248143e-02 1.584033493630626621e-02 1.481432913280314456e-02 1.373818476600845336e-02 1.261340885865370499e-02 1.144084369742214002e-02 1.022598978997167445e-02 8.933957849952094132e-03 7.608528686654032931e-03 6.221118077352854464e-03 4.768099631125731139e-03 3.240761604701917434e-03 1.652109319955671679e-03 2.409097599328182044e-04 -2.789187870397000831e-04 2.188031909808273428e-03 6.826732966150194856e-03 9.175754540077133564e-03 8.222641863459620795e-03 1.451284900229991674e-02 -2.563343936483320189e-04 1.825305540056091844e-02 2.654145500210376013e-02 3.032969985033088373e-02 3.088902571505474162e-02 2.595889298180876353e-02 2.570141439268506384e-02 3.091958467422244866e-02 3.469266398569563481e-02 2.429969749519234057e-02 3.190781576092598104e-02 2.531122460159562076e-02 1.780149759485621930e-02 2.475521904190101236e-02 2.295945022320449933e-02 1.862137474354320574e-02 2.026176174634100949e-02 1.246252649815375417e-02 1.127049380076789592e-02 1.041247276269713189e-02 8.740927779499385944e-03 6.434596730422712007e-04 3.795186428775799894e-03 -1.049807755832502243e-01
1.860728290059627437e-03 1.982955879386979689e-02 2.084388053122189846e-02 2.166959851914312951e-02 2.230407790207875746e-02 2.274745337246075402e-02 2.300270612601371112e-02 2.307563242250954341e-02 2.297465750493515174e-02 2.271050160039099833e-02 2.229574024792571260e-02 2.174431135890719791e-02 2.107101546375260773e-02 2.029104401038557548e-02 1.941955923873312298e-02 1.847133974962693673e-02 1.746049819369042619e-02 1.640027113232276137e-02 1.530287606707817806e-02 1.417942710183231134e-02 1.303989878686361882e-02 1.189312723608760766e-02 1.074683825098184109e-02 9.607693502375426464e-03 8.481347431841748316e-03 7.372509153252186295e-03 6.285005082836478754e-03 5.221839209820756077e-03 4.185248804641029940e-03 3.176753945008225794e-03 2.197199529575560428e-03 1.860740858464453654e-03 2.039391806822788214e-02 2.137599947446601478e-02 2.214802805746506759e-02 2.271840102382776880e-02 2.310903000112474875e-02 2.329414849464468695e-02 2.337051941542999181e-02 2.330853831531362608e-02 2.312379005701465165e-02 2.283058054986320667e-02 2.243868801270003030e-02 2.195487928482689477e-02 2.137058727616705789e-02 2.075078808816503001e-02 2.000887695771364286e-02 1.923202782842121927e-02 1.835544875413103183e-02 1.742640479967793102e-02 1.643693302696635355e-02 1.539225501344813549e-02 1.429368274293272602e-02 1.314275982199778793e-02 1.194025912700733341e-02 1.069146745482183088e-02 9.361741127974859689e-03 7.993955914273856780e-03 6.559494743101850801e-03 5.054250826575400722e-03 3.468886784664595470e-03 1.816789732193029592e-03 2.181310395943384035e-04 -7.353994955518407435e-04 1.857150771943530052e-03 6.588085151283435033e-03 8.964744194378164791e-03 7.972040394117082401e-03 1.450471600577411639e-02 -4.402991246345361515e-04 1.834892994164944932e-02 2.705097408335842626e-02 3.035870370487014566e-02 3.176570608879680790e-02 2.687938286514551800e-02 2.648771909704836572e-02 3.203982487946788194e-02 3.627097970085180201e-02 2.561224531427740495e-02 3.331962509322855537e-02 2.689772404297852831e-02 1.919533319051162229e-02 2.650590551858240940e-02 2.464167785263838423e-02 2.039988123336798631e-02 2.204130027601490516e-02 1.415429511457509497e-02 1.299395132456905230e-02 1.201589710289016795e-02 1.020677526661883071e-02 2.374984925817850024e-03 6.087133356509261996e-03 -1.173442004074926742e-01
1.744489180860009370e-03 1.991751238727084566e-02 2.097276971338854837e-02 2.184072547324845265e-02 2.251767359034233945e-02 2.300270612601371112e-02 2.329784385946480352e-02 2.340803718030505173e-02 2.334099867989854193e-02 2.310687863908866824e-02 2.271782745324792477e-02 2.218749817823181814e-02 2.153053649093989233e-02 2.076209418692323214e-02 1.989739134088010578e-02 1.895134294862629160e-02 1.793825801226094085e-02 1.687161230179269264e-02 1.576389053353841746e-02 1.462648975573221585e-02 1.346967348402544097e-02 1.230256544986284978e-02 1.113317234941871292e-02 9.968426261521147469e-03 8.814239029485408661e-03 7.675562564789299019e-03 6.556450532711275390e-03 5.460118116908312808e-03 4.388997490402758717e-03 3.344787238811027918e-03 2.328494294612479774e-03 1.744500605796009884e-03 2.049698743426764044e-02 2.152233473076866146e-02 2.233710907438028054e-02 2.294865857309371163e-02 2.337764636767767842e-02 2.359777086168165020e-02 2.370594371014578955e-02 2.367285679040885202e-02 2.351362987622121134e-02 2.324286223767460524e-02 2.287047851034622672e-02 2.240327745227874146e-02 2.183222292593125363e-02 2.122402580770067076e-02 2.049048241145335833e-02 1.971606397948437797e-02 1.884017517184437621e-02 1.790916194696411112e-02 1.691310454731947618e-02 1.585936786054852402e-02 1.474827770413202933e-02 1.358136278337067522e-02 1.235929027536889976e-02 1.108705812257005166e-02 9.730545131070965012e-03 8.331313510542334017e-03 6.860933628933280938e-03 5.314819320468978751e-03 3.683046600289195671e-03 1.979285524930480059e-03 1.961336955643796945e-04 -1.191086254561533799e-03 1.492438200102250536e-03 6.268620992882841837e-03 8.648950569497616467e-03 7.611752703797131960e-03 1.433982582295146267e-02 -7.304286678145411682e-04 1.824958365579951863e-02 2.729866580733148959e-02 3.015235963194375785e-02 3.234829977412803648e-02 2.756838027958162865e-02 2.700993140942309703e-02 3.289317077065159745e-02 3.756550386601932578e-02 2.678138447731621616e-02 3.447235161236160417e-02 2.832498879888592155e-02 2.050076486203206844e-02 2.813357080632312990e-02 2.621856021281713037e-02 2.211990255974151387e-02 2.374141972630286132e-02 1.586662997264168609e-02 1.475443108375143475e-02 1.366968432192412243e-02 1.175558002507074047e-02 4.265109042542548044e-03 8.572588737215456126e-03 -1.293026084075994397e-01
1.629065767023247287e-03 1.985258361611305991e-02 2.093869743690040738e-02 2.184055507407313759e-02 2.255349527747445987e-02 2.307563242250954341e-02 2.340803718030505173e-02 2.355477152382167913e-02 2.352274578532780394e-02 2.332141200804772538e-02 2.296233808906110105e-02 2.245871556477186878e-02 2.182484836513664747e-02 2.107565941035992665e-02 2.022624152241451687e-02 1.929147010217775043e-02 1.828568713376030330e-02 1.722245908253106778e-02 1.611440537589574340e-02 1.497308980972284279e-02 1.380896463907795371e-02 1.263135618793894722e-02 1.144848118667845735e-02 1.026748425364714008e-02 9.094488545188380083e-03 7.934653276080266132e-03 6.792233345511716411e-03 5.670637576252903107e-03 4.572483038688555414e-03 3.499643577301255176e-03 2.453290989816720238e-03 1.629075997600297086e-03 2.044087573274172565e-02 2.149998271188404558e-02 2.235012397233059056e-02 2.299749633852999492e-02 2.346128832313013057e-02 2.371469695182683302e-02 2.385409915922842572e-02 2.385053869588179068e-02 2.371856779895021097e-02 2.347296953448147275e-02 2.312374046338003600e-02 2.267765992001768635e-02 2.212528065304449759e-02 2.153453845084127641e-02 2.081629581585309544e-02 2.005152818602968720e-02 1.918441950396212667e-02 1.825988225464191678e-02 1.726635862456419451e-02 1.621292061464538886e-02 1.509902753091169406e-02 1.392614133585297516e-02 1.269478719613000364e-02 1.140960491596733004e-02 1.003724179910387218e-02 8.617583843962514298e-03 7.122588403906613026e-03 5.547196375552825715e-03 3.880941276181252512e-03 2.137677648591538269e-03 1.750052994695542664e-04 -1.636691874994408106e-03 1.104184036779635135e-03 5.880706930152668731e-03 8.241811792624252619e-03 7.155385558378353321e-03 1.402938140300784634e-02 -1.117366097364339960e-03 1.796492295155122099e-02 2.729178614021184057e-02 2.971901352131389382e-02 3.263658173949884195e-02 2.802068593071493224e-02 2.726528004260169932e-02 3.347135244436556800e-02 3.856141194471328359e-02 2.780281039302102616e-02 3.534724953967213062e-02 2.957334190740814814e-02 2.169831602456857508e-02 2.961151905440962892e-02 2.766630474763163289e-02 2.375404012652337915e-02 2.533498959545513879e-02 1.757152070047286047e-02 1.652216185418581632e-02 1.534844288491882605e-02 1.336310282870225609e-02 6.282991651639892143e-03 1.121024731191209295e-02 -1.406736167244797553e-01
1.515133800190672725e-03 1.964453360169754817e-02 2.075137131290528611e-02 2.167853927453555415e-02 2.242055836921996032e-02 2.297465750493515174e-02 2.334099867989854193e-02 2.352274578532780394e-02 2.352594995991942606e-02 2.335926747076575924e-02 2.303355386126745841e-02 2.256138585715713671e-02 2.195655759212516295e-02 2.123358821572048083e-02 2.040726834793284844e-02 1.949226428081736115e-02 1.850279104549304790e-02 1.745235831157398304e-02 1.635358690415861585e-02 1.521808902852742063e-02 1.405640238835526891e-02 1.287796720618796832e-02 1.169113535319604887e-02 1.050320189646117459e-02 9.320450927403247168e-03 8.148209196409914382e-03 6.990902617297359289e-03 5.852111993956458924e-03 4.734625305121656358e-03 3.640484547564953269e-03 2.571025485226681104e-03 1.515142811215654467e-03 2.023546427287574792e-02 2.131861844556035696e-02 2.219637138976765511e-02 2.287371925825873800e-02 2.336820304416039815e-02 2.365256533022365784e-02 2.382201066927978894e-02 2.384798200342592295e-02 2.374435451297234392e-02 2.352598699317799691e-02 2.320287514055601949e-02 2.278173374955534680e-02 2.225276743189110243e-02 2.168466470304807742e-02 2.098797841897637531e-02 2.023949468161142379e-02 1.938868122063570204e-02 1.847854014361156177e-02 1.749618876577643464e-02 1.645198738862335697e-02 1.534464328384772119e-02 1.417550164060342802e-02 1.294491100913019999e-02 1.165709247628080383e-02 1.027966932836942536e-02 8.850547270468616529e-03 7.342243434048764845e-03 5.749238165139895079e-03 4.060571304980194543e-03 2.290184528733634362e-03 1.548317224142895714e-04 -2.064048836051171187e-03 7.024912052381824265e-04 5.437225475819131883e-03 7.757837873937226472e-03 6.617987307529517998e-03 1.358707236721819894e-02 -1.588660259918581652e-03 1.750847990174972391e-02 2.704248685835048543e-02 2.907061128715718659e-02 3.263618854125353158e-02 2.823541514294617555e-02 2.725613022254010781e-02 3.377126141722514713e-02 3.924974286292232800e-02 2.867208589249013381e-02 3.593145206927986224e-02 3.062447106279558851e-02 2.276913231174434310e-02 3.091400097235662281e-02 2.896135479562236478e-02 2.527464312204274338e-02 2.679528638629086190e-02 1.923900008062465888e-02 1.826529809405397567e-02 1.702400643116048010e-02 1.500107726520337990e-02 8.393344126901248689e-03 1.395188420677204687e-02 -1.512654697501828183e-01
1.403357665812800551e-03 1.930458340383673504e-02 2.042218964629379310e-02 2.136604355241601000e-02 2.212999624403270624e-02 2.271050160039099833e-02 2.310687863908866824e-02 2.332141200804772538e-02 2.335926747076575924e-02 2.322823901217817982e-02 2.293836955616271669e-02 2.250149455228148132e-02 2.193075349752308598e-02 2.124010606636005452e-02 2.044388087727423350e-02 1.955637696080913743e-02 1.859153045591918629e-02 1.756265187852166371e-02 1.648223292225443892e-02 1.536181677883270529e-02 1.421192277772637125e-02 1.304201472120473243e-02 1.186050229788453494e-02 1.067476592531383002e-02 9.491196843105979483e-03 8.315245892945501149e-03 7.151475939677895410e-03 6.003614171914275349e-03 4.874601508523791760e-03 3.766637009890579438e-03 2.681215548493251066e-03 1.403365454395048666e-03 1.989226409433500486e-02 2.098977268945424746e-02 2.188719929652816962e-02 2.258833914657121592e-02 2.310896760566653538e-02 2.342143619276890881e-02 2.361919423260313428e-02 2.367412680781468687e-02 2.359931768071044100e-02 2.340959475631677889e-02 2.311488093904163696e-02 2.272178621526669412e-02 2.222023284790429487e-02 2.167923216565326508e-02 2.100960611464257680e-02 2.028335615405471234e-02 1.945566665208885507e-02 1.856719448928146818e-02 1.760403445132181430e-02 1.657744361345345543e-02 1.548548544396787657e-02 1.432934233240036083e-02 1.310915511066713945e-02 1.182867700355363406e-02 1.045666994043463298e-02 9.028824907408600914e-03 7.518359874104043120e-03 5.919313528066112370e-03 4.220285300837164043e-03 2.435208530056560614e-03 1.356936220010963162e-04 -2.466117597666411029e-03 2.969851583727586906e-04 4.951184298280023911e-03 7.212098463151653434e-03 6.015498646076010598e-03 1.302851407041367114e-02 -2.129300666536436057e-03 1.689679571156283214e-02 2.656715450463447217e-02 2.822258636294929651e-02 3.235828041967333396e-02 2.821608745509626009e-02 2.698993696604229733e-02 3.379508118569855141e-02 3.962764449361257796e-02 2.938435203648442906e-02 3.621860887043704125e-02 3.146215419148400833e-02 2.369549935486469847e-02 3.201739896116384543e-02 3.008129143917370393e-02 2.665471436526023474e-02 2.809687747508107444e-02 2.083798521065170078e-02 1.995079773461274492e-02 1.866604341507721587e-02 1.663784856305232374e-02 1.055723519201134941e-02 1.674357805629535928e-02 -1.608834774210810559e-01
1.294370280811333370e-03 1.884506218604333275e-02 1.996385552352431675e-02 2.091593375913789257e-02 2.169462878692664937e-02 2.229574024792571260e-02 2.271782745324792477e-02 2.296233808906110105e-02 2.303355386126745841e-02 2.293836955616271669e-02 2.268594502515197328e-02 2.228727644057885288e-02 2.175472977117069717e-02 2.110157220805214742e-02 2.034152966622309808e-02 1.948839123004197926e-02 1.855567423980312297e-02 1.755635663089830795e-02 1.650267666821475868e-02 1.540599505776588281e-02 1.427671100119942867e-02 1.312422210985714904e-02 1.195691790667885272e-02 1.078219745760840287e-02 9.606503033408538700e-03 8.435363242720397142e-03 7.273440549065297508e-03 6.124579343460307725e-03 4.991851720905314885e-03 3.877598778650683323e-03 2.783465611475001433e-03 1.294376863224738512e-03 1.942403304062747388e-02 2.052642779636076886e-02 2.143559020773571494e-02 2.215415687237267880e-02 2.269607231607200654e-02 2.303337859138526733e-02 2.325724902476327197e-02 2.334005367943228076e-02 2.329396968869301351e-02 2.313368967889704864e-02 2.286899239763446820e-02 2.250634611981838784e-02 2.203545678317926290e-02 2.152527276590997588e-02 2.088741492426218760e-02 2.018860016046709199e-02 1.939009554637396299e-02 1.852982430728897581e-02 1.759314483248821878e-02 1.659185569120020728e-02 1.552347753677425432e-02 1.438899000529608729e-02 1.318830035841477705e-02 1.192465867792119431e-02 1.056807889394083787e-02 9.151881208534780321e-03 7.650090172006939956e-03 6.056328776991354648e-03 4.358813609113925541e-03 2.571376917426395486e-03 1.176633439310131467e-04 -2.836975413146784839e-03 -1.034173847247286130e-04 4.435356213864889881e-03 6.619721231700101231e-03 5.364197821509064136e-03 1.237062010343971570e-02 -2.722360380403412820e-03 1.614868619230682215e-02 2.588557054754217837e-02 2.719346109268357473e-02 3.181889812137118911e-02 2.797045241296617843e-02 2.647889598246780732e-02 3.355008788790752455e-02 3.969820371873381687e-02 2.993419696025228019e-02 3.620898703383356593e-02 3.207289899085444262e-02 2.446128760319371195e-02 3.290120234170846453e-02 3.100564777897480209e-02 2.786875271655525968e-02 2.921637587884916287e-02 2.233714874973901157e-02 2.154532856742757616e-02 2.024277695705124780e-02 1.823921268578158894e-02 1.273303492482019857e-02 1.952719846651383012e-02 -1.693368348345291874e-01
1.188755062958182828e-03 1.827902305735997976e-02 1.938995443949972919e-02 2.034212165281654508e-02 2.112848395617358821e-02 2.174431135890719791e-02 2.218749817823181814e-02 2.245871556477186878e-02 2.256138585715713671e-02 2.250149455228148132e-02 2.228727644057885288e-02 2.192881887402913302e-02 2.143762251177782491e-02 2.082615383894298455e-02 2.010741721153425782e-02 1.929456769506950747e-02 1.840057926129522528e-02 1.743797604215092251e-02 1.641862790837860311e-02 1.535360639209259505e-02 1.425309339549103368e-02 1.312633328777830684e-02 1.198161861511765069e-02 1.082630029594793507e-02 9.666814400037731375e-03 8.508719050248214968e-03 7.356736388643353615e-03 6.214795762648845506e-03 5.086075236826053357e-03 3.973039191549931556e-03 2.877470121687268362e-03 1.188760471755925200e-03 1.884435646483647794e-02 1.994256917109709856e-02 2.085569423753764334e-02 2.158528606745859293e-02 2.214344131443821834e-02 2.250199232733805441e-02 2.274938255106564999e-02 2.285851369818179407e-02 2.284054520344110453e-02 2.270993382648589173e-02 2.247624376231162693e-02 2.214576680547199194e-02 2.170805628813836027e-02 2.123165576381949582e-02 2.062946333333412485e-02 1.996250288934207570e-02 1.919842663820049006e-02 1.837208604981238266e-02 1.746836769574202849e-02 1.649930028303907975e-02 1.546195441165001440e-02 1.435707488126592747e-02 1.318431634559471578e-02 1.194640627371595758e-02 1.061467232968064944e-02 9.219991893773180763e-03 7.737264602414759343e-03 6.159731320534580536e-03 4.475287633768206853e-03 2.697575528596727387e-03 1.008022420166161133e-04 -3.171785618711744914e-03 -4.906746602797928351e-04 3.901970941093612158e-03 5.995438716894928473e-03 4.680184127086485860e-03 1.163096803146521259e-02 -3.349681770240748105e-03 1.528446098329370312e-02 2.501998798703246318e-02 2.600423668447925454e-02 3.103809952560743907e-02 2.751008589197047674e-02 2.573934687975406796e-02 3.304816747313157888e-02 3.946992085992330479e-02 3.031574503135032669e-02 3.590906942470039470e-02 3.244645594097365221e-02 2.505231587121567807e-02 3.354869862679392412e-02 3.171658097204656246e-02 2.889347760370682486e-02 3.013301352384981438e-02 2.370577277812806194e-02 2.301614774814196226e-02 2.172178140623574200e-02 1.976938944988233804e-02 1.487743662442213115e-02 2.224206177932849804e-02 -1.764455533559986244e-01
1.087030878181026927e-03 1.761986313854372807e-02 1.871453524699716667e-02 1.965911170701059585e-02 2.044631723749873106e-02 2.107101546375260773e-02 2.153053649093989233e-02 2.182484836513664747e-02 2.195655759212516295e-02 2.193075349752308598e-02 2.175472977117069717e-02 2.143762251177782491e-02 2.099000216981516259e-02 2.042345183961640637e-02 1.975015884394996576e-02 1.898254086409949595e-02 1.813292170852571356e-02 1.721326527704748061e-02 1.623497000051163722e-02 1.520872080391832103e-02 1.414439197841410416e-02 1.305099236001377137e-02 1.193664366306999500e-02 1.080858329489669915e-02 9.673184056111639242e-03 8.535984453071038952e-03 7.401724662460932615e-03 6.274384339705400132e-03 5.157219371804587331e-03 4.052795306467967852e-03 2.963015528664112753e-03 1.087035159570329907e-03 1.816723192280202820e-02 1.925273595885776748e-02 2.016235569286546972e-02 2.089666490531670237e-02 2.146593689301093053e-02 2.184191043460587123e-02 2.210991417096331429e-02 2.224343503173630346e-02 2.225251298638920155e-02 2.215127425422522972e-02 2.194900013459814489e-02 2.165177256927085583e-02 2.124905154303161070e-02 2.080867606362686237e-02 2.024524666191237360e-02 1.961377263550620129e-02 1.888853166583246909e-02 1.810101900048377566e-02 1.723588720296503896e-02 1.630513385730003942e-02 1.530546301280702459e-02 1.423736182758597070e-02 1.310022138978952227e-02 1.189624420690966501e-02 1.059808182471306398e-02 9.234182938037349686e-03 7.780353445441560642e-03 6.229493701146249576e-03 4.569244522841051787e-03 2.812972886710982372e-03 8.515851820106362983e-05 -3.466742868978322546e-03 -8.577191131404902002e-04 3.362474218795604309e-03 5.353213017386311036e-03 3.978934085675320947e-03 1.082720998130069258e-02 -3.992541661830477200e-03 1.432515942717564779e-02 2.399420553607406817e-02 2.467765507135468231e-02 3.003896977302888960e-02 2.684980906282333213e-02 2.479100066221338536e-02 3.230511860731580254e-02 3.895592066915072593e-02 3.052297133760015213e-02 3.533075265607531906e-02 3.257616652591373979e-02 2.545662374520870491e-02 3.394736092238070241e-02 3.219936606834791770e-02 2.970839708539141713e-02 3.082901146526847297e-02 2.491453981879533652e-02 2.433190610705686721e-02 2.307081073151845060e-02 2.119205263825823388e-02 1.694649399235102424e-02 2.482664715922453316e-02 -1.820471790385842503e-01
9.896406318035746996e-04 1.688097437608802875e-02 1.795172337875655319e-02 1.888158038454540791e-02 1.966316217461638177e-02 2.029104401038557548e-02 2.076209418692323214e-02 2.107565941035992665e-02 2.123358821572048083e-02 2.124010606636005452e-02 2.110157220805214742e-02 2.082615383894298455e-02 2.042345183961640637e-02 1.990410835613933699e-02 1.927942198766280368e-02 1.856099142433398352e-02 1.776040281161937046e-02 1.688896999878899269e-02 1.595753081257461625e-02 1.497629737991705741e-02 1.395475485257091121e-02 1.290160080066543764e-02 1.182471684380261186e-02 1.073116440217438891e-02 9.627197372871170236e-03 8.518285725822449458e-03 7.409145222997278422e-03 6.303769539006110444e-03 5.205461916985111744e-03 4.116864090982874473e-03 3.039980526280839073e-03 9.896438432886438957e-04 1.740668712561680570e-02 1.847160322394096957e-02 1.937066770067591079e-02 2.010359173236469371e-02 2.067888373066102334e-02 2.106831826954637735e-02 2.135379266984644905e-02 2.150944144159769311e-02 2.154409723268431789e-02 2.147146927245492318e-02 2.130049125238028807e-02 2.103700312724348168e-02 2.067042479783285161e-02 2.026763058297031267e-02 1.974529472928049714e-02 1.915217238252682475e-02 1.846934512231144382e-02 1.772472379846426124e-02 1.690293302863940875e-02 1.601573268607469486e-02 1.505953339225789799e-02 1.403455206838656599e-02 1.293991423739072541e-02 1.177731277869617510e-02 1.052068413256712284e-02 9.196146991574290219e-03 7.780409136288820790e-03 6.266080385687506499e-03 4.640617603620735519e-03 2.917033240426133728e-03 7.076570065962906162e-05 -3.718993560621469685e-03 -1.198494458197154082e-03 2.827360049910764006e-03 4.705953763254703930e-03 3.274950096969784195e-03 9.976563979403220775e-03 -4.632247510764416799e-03 1.329185205475074891e-02 2.283270156103304332e-02 2.323741464467079729e-02 2.884659543183729774e-02 2.600699294632196484e-02 2.365607098845148859e-02 3.133982260107798928e-02 3.817300672744680656e-02 3.055019084323121192e-02 3.449028816810359444e-02 3.245912064087740773e-02 2.566464476272883877e-02 3.408895411115245994e-02 3.244269675195614322e-02 3.029620016305929406e-02 3.128975659508579504e-02 2.593622119343463178e-02 2.546333972135621584e-02 2.425860768494051550e-02 2.247134064865278016e-02 1.889661554021539180e-02 2.722026603671628617e-02 -1.860029402402098853e-01
8.969438122346780427e-04 1.607544153277334215e-02 1.711538452941942581e-02 1.802400785245789408e-02 1.879393375203170305e-02 1.941955923873312298e-02 1.989739134088010578e-02 2.022624152241451687e-02 2.040726834793284844e-02 2.044388087727423350e-02 2.034152966622309808e-02 2.010741721153425782e-02 1.975015884394996576e-02 1.927942198766280368e-02 1.870556803494198561e-02 1.803931692531859921e-02 1.729144956026747865e-02 1.647255754929240895e-02 1.559284411458228443e-02 1.466197506723897204e-02 1.368897516127687460e-02 1.268216299876668250e-02 1.164911684136649313e-02 1.059666384421717802e-02 9.530885994536305098e-03 8.457137086131180301e-03 7.380066154914546699e-03 6.303643786816513252e-03 5.231188502128641948e-03 4.165390975859438981e-03 3.108334149269715001e-03 8.969460205304738334e-04 1.657644935881321877e-02 1.761361639441194268e-02 1.849557790513370673e-02 1.922130925051352204e-02 1.979763867713710268e-02 2.019651520656234878e-02 2.049615394642704744e-02 2.067140879426708489e-02 2.072983468221953340e-02 2.068464777116845940e-02 2.054437486574610047e-02 2.031458340771904666e-02 1.998469967816350959e-02 1.962040985189347428e-02 1.914077943075853314e-02 1.858814714868377987e-02 1.795051410997691027e-02 1.725203693170035760e-02 1.647748195791981160e-02 1.563822245575869838e-02 1.473043713804365537e-02 1.375407072668577597e-02 1.270799057753147811e-02 1.159341272182449513e-02 1.038547512231411014e-02 9.108144309744367617e-03 7.738993559294537333e-03 6.270400617570351387e-03 4.689714043428440740e-03 3.009518207066150773e-03 5.764183929992080152e-05 -3.926535798519021833e-03 -1.507940930450364907e-03 2.306072687176031945e-03 4.065331298300300412e-03 2.581507260301217892e-03 9.095405387896396410e-03 -5.250634859772855892e-03 1.220504120593278626e-02 2.155987102988279891e-02 2.170741132277704405e-02 2.748708109731319224e-02 2.500081439680601481e-02 2.235838613047796269e-02 3.017336233604086398e-02 3.714066346768472165e-02 3.039263370440079687e-02 3.340711850335233157e-02 3.209611707656668395e-02 2.566927801561566871e-02 3.396940785946164776e-02 3.243879753849872316e-02 3.064297247769340315e-02 3.150381652789651515e-02 2.674623170453219526e-02 2.638382304210137516e-02 2.525564262268433294e-02 2.357278013706052069e-02 2.068546656088078237e-02 2.936458806351573483e-02 -1.882029579519720330e-01
8.092129565423712614e-04 1.521579571665682140e-02 1.621884835630211727e-02 1.710037306255590001e-02 1.785309708911207716e-02 1.847133974962693673e-02 1.895134294862629160e-02 1.929147010217775043e-02 1.949226428081736115e-02 1.955637696080913743e-02 1.948839123004197926e-02 1.929456769506950747e-02 1.898254086409949595e-02 1.856099142433398352e-02 1.803931692531859921e-02 1.742731991038573222e-02 1.673492818933026635e-02 1.597195683588186615e-02 1.514791623997209340e-02 1.427186590670117758e-02 1.335231021633466464e-02 1.239713022875741331e-02 1.141354470969909059e-02 1.040809357997130903e-02 9.386637603989202161e-03 8.354369040112495301e-03 7.315828947824347568e-03 6.274927737474726708e-03 5.234966270703105516e-03 4.198655327394607874e-03 3.168131521617539338e-03 8.092142357536817078e-04 1.568967570466344927e-02 1.669268936251850494e-02 1.755155869889613029e-02 1.826465250700759838e-02 1.883722263052726997e-02 1.924153626041489110e-02 1.955193656064249663e-02 1.974407757801490554e-02 1.982418585035628650e-02 1.980492046086009678e-02 1.969434922903093299e-02 1.949773891500368103e-02 1.920456174211545436e-02 1.887912613661822669e-02 1.844315365713036087e-02 1.793247728396825738e-02 1.734206889848530220e-02 1.669222093002878382e-02 1.596797051551764046e-02 1.518021471515863634e-02 1.432494894206014398e-02 1.340185431974320537e-02 1.240955682871943550e-02 1.134884486271665015e-02 1.019593693098217423e-02 8.972895536515850673e-03 7.658096165034830073e-03 6.243751363824020031e-03 4.717182142680370442e-03 3.090477820214460047e-03 4.578943257214158398e-05 -4.088106656916953331e-03 -1.781942106042831101e-03 1.806968729415388275e-03 3.441676884348481014e-03 1.910493334630670266e-03 8.198963787769394940e-03 -5.830453336060780097e-03 1.108417953821194332e-02 2.019939158855240530e-02 2.011105967773609352e-02 2.598666871834728540e-02 2.385152432483977208e-02 2.092254753772695292e-02 2.882816289141276397e-02 3.588009396360040265e-02 3.004700655593983000e-02 3.210274163910519646e-02 3.149144341112915940e-02 2.546586397260773571e-02 3.358851470888105789e-02 3.218336764429936825e-02 3.073824960192598002e-02 3.146283398119469749e-02 2.732303175029276998e-02 2.706977020536070408e-02 2.603473804856335991e-02 2.446407054241592563e-02 2.227274073878908814e-02 3.120494472742145128e-02 -1.885701792914655783e-01
7.266337338607023162e-04 1.431382573247267850e-02 1.527469516880390100e-02 1.612391608304904883e-02 1.685440649109289438e-02 1.746049819369042619e-02 1.793825801226094085e-02 1.828568713376030330e-02 1.850279104549304790e-02 1.859153045591918629e-02 1.855567423980312297e-02 1.840057926129522528e-02 1.813292170852571356e-02 1.776040281161937046e-02 1.729144956026747865e-02 1.673492818933026635e-02 1.609988444194747348e-02 1.539532005603135370e-02 1.463001012768519113e-02 1.381236169930836859e-02 1.295031062591717186e-02 1.205125168868724679e-02 1.112199596246043337e-02 1.016874935069565951e-02 9.197106674742190971e-03 8.212056470631744209e-03 7.217992496083775952e-03 6.218728741789145489e-03 5.217515388820377631e-03 4.217053609970704275e-03 3.219507347431438144e-03 7.266341639125687216e-04 1.475874667321538415e-02 1.572197029633766452e-02 1.655234771600703342e-02 1.724776805421820644e-02 1.781202322334241722e-02 1.821784332788210781e-02 1.853556546745602565e-02 1.874173215892828079e-02 1.884121152966921134e-02 1.884605472344773672e-02 1.876382711977084977e-02 1.859946992246762701e-02 1.834253442655180144e-02 1.805579297733966512e-02 1.766383701968541123e-02 1.719597346027344070e-02 1.665412990533722895e-02 1.605468568646512342e-02 1.538303347911196793e-02 1.464956423233391113e-02 1.385012441615744196e-02 1.298415021831271672e-02 1.205005201652990451e-02 1.104825449629351537e-02 9.955906536168766113e-03 8.793473247159490358e-03 7.540048495570487140e-03 6.187754622276139642e-03 4.723971209321294225e-03 3.160232623515038877e-03 3.519603372735561817e-05 -4.203065475638182238e-03 -2.017247049813996468e-03 1.337326616150452934e-03 2.843955661993000355e-03 1.272329952385285864e-03 7.301120271620080947e-03 -6.355641872850338429e-03 9.947312082284586951e-03 1.877372982082484501e-02 1.847072922970779615e-02 2.437099883594024199e-02 2.257977727523197142e-02 1.937318396936143008e-02 2.732721011983708578e-02 3.441335757744742180e-02 2.951195266115621066e-02 3.059969994896862347e-02 3.065251057380290536e-02 2.505207820522403067e-02 3.294951123502290469e-02 3.167538742612421854e-02 3.057493262344833374e-02 3.116134068840913790e-02 2.764837219502695384e-02 2.750088350807767396e-02 2.657154855592309267e-02 2.511569700368724081e-02 2.362077777647320423e-02 3.269135620993750269e-02 -1.870627629595879304e-01
