3.375987829919893223e-03 2.321215564337749445e-03 2.207880070904107411e-03 2.093024673598399034e-03 1.977117468083570626e-03 1.860728290059627437e-03 1.744489180860009370e-03 1.629065767023247287e-03 1.515133800190672725e-03 1.403357665812800551e-03 1.294370280811333370e-03 1.188755062958182828e-03 1.087030878181026927e-03 9.896406318035746996e-04 8.969438122346780427e-04 8.092129565423712614e-04 7.266337338607023162e-04 6.493081560089915575e-04 5.772603290631350432e-04 5.104441402381914824e-04 4.487523055941835463e-04 3.920262608809611652e-04 3.400664439165392494e-04 2.926425851523096577e-04 2.495036920998506148e-04 2.103874831125871294e-04 1.750290956380348934e-04 1.431689611225306520e-04 1.145598005165987001e-04 8.897274891944608605e-05 6.620266513409721451e-05 3.375990924934165437e-03 2.296194477694588412e-03 2.178789862646616452e-03 2.059927386863430639e-03 1.939656350478734248e-03 1.828296224043136128e-03 1.711006038023788270e-03 1.609676392305504477e-03 1.504724559054946469e-03 1.405936710966144022e-03 1.312561454310705008e-03 1.224410535943697620e-03 1.141074917232356208e-03 1.062619691463461248e-03 9.850319827776302540e-04 9.124997315843305428e-04 8.445431180211161086e-04 7.747216329859261778e-04 6.969685815854248512e-04 6.551932816259730709e-04 5.916523356654802401e-04 5.320230599187470051e-04 4.748397358368234514e-04 4.200203199811996385e-04 3.702385950639348151e-04 3.108626105282948234e-04 2.627288153015446426e-04 2.152303731053451874e-04 1.694893297609584109e-04 1.257935871418992477e-04 8.396945629600187312e-05 7.308448445236543023e+01 4.044004274022138801e-01 3.732576800766598257e-01 3.462257632789271233e-01 3.220857956753520601e-01 2.999783152462826563e-01 2.792965705524136366e-01 2.596156689931569117e-01 2.406524002467573531e-01 2.222452484096031355e-01 2.042950990149567103e-01 1.867956324066707419e-01 1.697900223161066813e-01 1.533552122899892733e-01 1.375880239032250540e-01 1.225894449099920874e-01 1.084491974552631022e-01 9.523623105867408400e-02 8.300388772679059834e-02 7.176594667561361773e-02 6.151909346807296619e-02 5.222038764176438475e-02 4.382165642971019154e-02 3.625237719304921780e-02 2.944068099785220743e-02 2.330214536284974658e-02 1.775692926984583087e-02 1.272215909215696460e-02 8.126902605538723415e-03 3.905470107126217481e-03 0.000000000000000000e+00
2.321215564337749445e-03 1.781794900858277991e-02 1.857790305739198330e-02 1.916484034842892703e-02 1.958070126829844146e-02 1.982955879386979689e-02 1.991751238727084566e-02 1.985258361611305991e-02 1.964453360169754817e-02 1.930458340383673504e-02 1.884506218604333275e-02 1.827902305735997976e-02 1.761986313854372807e-02 1.688097437608802875e-02 1.607544153277334215e-02 1.521579571665682140e-02 1.431382573247267850e-02 1.338044499191362764e-02 1.242560845755054377e-02 1.145827205544138090e-02 1.048638609668578990e-02 9.516914310191304516e-03 8.555870830891761786e-03 7.608368615725042902e-03 6.678674023247533134e-03 5.770263511936773657e-03 4.885879477358936324e-03 4.027583104930381602e-03 3.196802744576115931e-03 2.394376716719561014e-03 1.620589641489437278e-03 2.321231546261232417e-03 1.826323745982534955e-02 1.898934725612108632e-02 1.953061891117689047e-02 1.989765671379940815e-02 2.011427396941409956e-02 2.015703989010843994e-02 2.011470641224479688e-02 1.995726611593152955e-02 1.970123707657254336e-02 1.935860017552181941e-02 1.893773967165106667e-02 1.844464487289647001e-02 1.787306587238977548e-02 1.727551709069305788e-02 1.657903352447936615e-02 1.587172826228165981e-02 1.507970682512587042e-02 1.424816313403292137e-02 1.338009125469012857e-02 1.246779048575386711e-02 1.151777223921751983e-02 1.053115646075655776e-02 9.508797614407758433e-03 8.456368364804987131e-03 7.340082168298205610e-03 6.203728794106270691e-03 5.020250752812543613e-03 3.787421910361620739e-03 2.498585181163075208e-03 1.165011858475054800e-03 -1.036524984647548138e+02 -5.367831391670083718e-01 -4.690693846320696525e-01 -4.145133030879840086e-01 -3.698768215404190651e-01 -3.327385929332374315e-01 -3.012832493550721136e-01 -2.741376293978326495e-01 -2.502833468715615073e-01 -2.289613023322187302e-01 -2.095985925692536722e-01 -1.917945312366530208e-01 -1.752620090338449788e-01 -1.597932180948957170e-01 -1.452553015810271186e-01 -1.315574199706433522e-01 -1.186337923743816525e-01 -1.064308284069842153e-01 -9.491399511982129278e-02 -8.404773693530541434e-02 -7.380558649249567560e-02 -6.415429814201037417e-02 -5.507195022285885783e-02 -4.652993922045713104e-02 -3.850628131722479836e-02 -3.097694009290377290e-02 -2.392387205407430287e-02 -1.732219722256226821e-02 -1.114984829785345931e-02 -5.383680981854730395e-03 0.000000000000000000e+00
2.207880070904107411e-03 1.857790305739198330e-02 1.941338145539974955e-02 2.006856276482267554e-02 2.054431837679786960e-02 2.084388053122189846e-02 2.097276971338854837e-02 2.093869743690040738e-02 2.075137131290528611e-02 2.042218964629379310e-02 1.996385552352431675e-02 1.938995443949972919e-02 1.871453524699716667e-02 1.795172337875655319e-02 1.711538452941942581e-02 1.621884835630211727e-02 1.527469516880390100e-02 1.429460354816652380e-02 1.328925315448440878e-02 1.226827461534840159e-02 1.124023729958653454e-02 1.021266576952729183e-02 9.192076473631139930e-03 8.184027459115337730e-03 7.193175267345600088e-03 6.223334517967339663e-03 5.277536865278131470e-03 4.358086959504113914e-03 3.466613745248552873e-03 2.604115880149009393e-03 1.771000265706687126e-03 2.207895449856302032e-03 1.906083777402491769e-02 1.986163779677186519e-02 2.046776173444767727e-02 2.088963957515998018e-02 2.115113188081847034e-02 2.122820236027496421e-02 2.121275368017450785e-02 2.107473897796156154e-02 2.083058110758135434e-02 2.049302204022201979e-02 2.007092280189250524e-02 1.957057630291487299e-02 1.898510132834040770e-02 1.837096672254614690e-02 1.765067207418433495e-02 1.691376198222227165e-02 1.608725651764544504e-02 1.521778161826327011e-02 1.430513959114134391e-02 1.334548653184404465e-02 1.234384379019733136e-02 1.130150187587696496e-02 1.021934057441589716e-02 9.103052682546212623e-03 7.918168624085654417e-03 6.708938180290143286e-03 5.447553151300387093e-03 4.131331724813570513e-03 2.752908281617439095e-03 1.324229348548369755e-03 -1.161464860821317728e+02 -6.040962510115618356e-01 -5.329794131932137358e-01 -4.754427571515185691e-01 -4.280652076534299799e-01 -3.882993539256883730e-01 -3.542437660357900531e-01 -3.244688946087888604e-01 -2.979242823980192689e-01 -2.738390730889705971e-01 -2.516384617280088554e-01 -2.309373680434763376e-01 -2.114726179223409552e-01 -1.930658915129613573e-01 -1.756164131094058167e-01 -1.590653303586438694e-01 -1.433758409580997706e-01 -1.285184415469246832e-01 -1.144791404874839769e-01 -1.012342427290496977e-01 -8.876540036969185477e-02 -7.703899593342854180e-02 -6.603177650875038940e-02 -5.570867122405438049e-02 -4.604041798078249009e-02 -3.699328848030970784e-02 -2.853989717084672723e-02 -2.064475603183514238e-02 -1.327711869219668460e-02 -6.405733222221125442e-03 0.000000000000000000e+00
2.093024673598399034e-03 1.916484034842892703e-02 2.006856276482267554e-02 2.078703342025777293e-02 2.131995994250544812e-02 2.166959851914312951e-02 2.184072547324845265e-02 2.184055507407313759e-02 2.167853927453555415e-02 2.136604355241601000e-02 2.091593375913789257e-02 2.034212165281654508e-02 1.965911170701059585e-02 1.888158038454540791e-02 1.802400785245789408e-02 1.710037306255590001e-02 1.612391608304904883e-02 1.510696606547677796e-02 1.406082909971345836e-02 1.299572748710236571e-02 1.192078063432784607e-02 1.084401765126762410e-02 9.772412499629557631e-03 8.711933822133068051e-03 7.667603066562820625e-03 6.643555973505407136e-03 5.643103778091255497e-03 4.668791512723370965e-03 3.722451564801871390e-03 2.805251141160773534e-03 1.917732527179837011e-03 2.093039254708214687e-03 1.968056067754802088e-02 2.054959096157847609e-02 2.121645962146285341e-02 2.169114918846878556e-02 2.199720504000520632e-02 2.210999809717045447e-02 2.212380883840620732e-02 2.200865165459378950e-02 2.178076020016450967e-02 2.145351521695851305e-02 2.103616679715641577e-02 2.053523549393854522e-02 1.994323896063828969e-02 1.932004484146114184e-02 1.858437588538627491e-02 1.782603771742435200e-02 1.697394645855821588e-02 1.607553447519681489e-02 1.512770621315944787e-02 1.413007048828676324e-02 1.308628518756976312e-02 1.199777161863536945e-02 1.086540675806451500e-02 9.694826609084942343e-03 8.451195465668037005e-03 7.178758348785057621e-03 5.849198261388219994e-03 4.459365295432708536e-03 3.001206906383298897e-03 1.487247984846944149e-03 -1.284834527822353607e+02 -6.711633114001418488e-01 -5.969369173674936579e-01 -5.366346425173561530e-01 -4.866704983947213736e-01 -4.443846191799696865e-01 -4.077995866192499208e-01 -3.754369790357987569e-01 -3.462198749118154395e-01 -3.193701203005989142e-01 -2.943144862586293264e-01 -2.706866875807433792e-01 -2.482503655201230564e-01 -2.268594296402507704e-01 -2.064476204136354298e-01 -1.869903060364355718e-01 -1.684816396820522921e-01 -1.509178952948501129e-01 -1.343070151798640977e-01 -1.186381359957834336e-01 -1.039017209683768816e-01 -9.006403871880093448e-02 -7.710064081792700197e-02 -6.496986992010468642e-02 -5.363493801660668137e-02 -4.305205908540445797e-02 -3.318408502581265268e-02 -2.398446851866528617e-02 -1.541340395905766228e-02 -7.431180337187007386e-03 0.000000000000000000e+00
1.977117468083570626e-03 1.958070126829844146e-02 2.054431837679786960e-02 2.131995994250544812e-02 2.190614474766727424e-02 2.230407790207875746e-02 2.251767359034233945e-02 2.255349527747445987e-02 2.242055836921996032e-02 2.212999624403270624e-02 2.169462878692664937e-02 2.112848395617358821e-02 2.044631723749873106e-02 1.966316217461638177e-02 1.879393375203170305e-02 1.785309708911207716e-02 1.685440649109289438e-02 1.581071394659204141e-02 1.473384156724009790e-02 1.363450934856940550e-02 1.252230802699183521e-02 1.140570653861745949e-02 1.029208430795738177e-02 9.187779912235582297e-03 8.098149229075157080e-03 7.027627723280817883e-03 5.979792901409951289e-03 4.957424078760865223e-03 3.962557433020277853e-03 2.996534861262229853e-03 2.060045420465791456e-03 1.977131099687932415e-03 2.012371803024864611e-02 2.105346941168256131e-02 2.177594440539448034e-02 2.230043448595451713e-02 2.264982541445011502e-02 2.279891017250975163e-02 2.284358343473373229e-02 2.275401091867720188e-02 2.254614718941392454e-02 2.223389303113436355e-02 2.182680300661000994e-02 2.133155359590849925e-02 2.074009808205111438e-02 2.011513791215173083e-02 1.937236768119658323e-02 1.860077176888372610e-02 1.773203038920221838e-02 1.681378038306248143e-02 1.584033493630626621e-02 1.481432913280314456e-02 1.373818476600845336e-02 1.261340885865370499e-02 1.144084369742214002e-02 1.022598978997167445e-02 8.933957849952094132e-03 7.608528686654032931e-03 6.221118077352854464e-03 4.768099631125731139e-03 3.240761604701917434e-03 1.652109319955671679e-03 -1.406654272983977592e+02 -7.380229502622875914e-01 -6.608938449394785586e-01 -5.979721089476435214e-01 -5.455220804655618316e-01 -5.007828176648508878e-01 -4.617091910950813505e-01 -4.267798978443838043e-01 -3.948958294694290827e-01 -3.652747901715407974e-01 -3.373475554654969955e-01 -3.107688070341977360e-01 -2.853309452274210289e-01 -2.609219784916891882e-01 -2.375118278839959962e-01 -2.151116262711375293e-01 -1.937478578175270139e-01 -1.734437553827275769e-01 -1.542301591349767853e-01 -1.361097038056393316e-01 -1.190821132326146392e-01 -1.031136604286894826e-01 -8.817872819936814488e-02 -7.422890485156136142e-02 -6.121960473911138012e-02 -4.909662041778321828e-02 -3.781263189320668155e-02 -2.730960430399079902e-02 -1.753829943754592335e-02 -8.450198047598042606e-03 0.000000000000000000e+00
1.860728290059627437e-03 1.982955879386979689e-02 2.084388053122189846e-02 2.166959851914312951e-02 2.230407790207875746e-02 2.274745337246075402e-02 2.300270612601371112e-02 2.307563242250954341e-02 2.297465750493515174e-02 2.271050160039099833e-02 2.229574024792571260e-02 2.174431135890719791e-02 2.107101546375260773e-02 2.029104401038557548e-02 1.941955923873312298e-02 1.847133974962693673e-02 1.746049819369042619e-02 1.640027113232276137e-02 1.530287606707817806e-02 1.417942710183231134e-02 1.303989878686361882e-02 1.189312723608760766e-02 1.074683825098184109e-02 9.607693502375426464e-03 8.481347431841748316e-03 7.372509153252186295e-03 6.285005082836478754e-03 5.221839209820756077e-03 4.185248804641029940e-03 3.176753945008225794e-03 2.197199529575560428e-03 1.860740858464453654e-03 2.039391806822788214e-02 2.137599947446601478e-02 2.214802805746506759e-02 2.271840102382776880e-02 2.310903000112474875e-02 2.329414849464468695e-02 2.337051941542999181e-02 2.330853831531362608e-02 2.312379005701465165e-02 2.283058054986320667e-02 2.243868801270003030e-02 2.195487928482689477e-02 2.137058727616705789e-02 2.075078808816503001e-02 2.000887695771364286e-02 1.923202782842121927e-02 1.835544875413103183e-02 1.742640479967793102e-02 1.643693302696635355e-02 1.539225501344813549e-02 1.429368274293272602e-02 1.314275982199778793e-02 1.194025912700733341e-02 1.069146745482183088e-02 9.361741127974859689e-03 7.993955914273856780e-03 6.559494743101850801e-03 5.054250826575400722e-03 3.468886784664595470e-03 1.816789732193029592e-03 -1.526315088017060191e+02 -8.043444611765842023e-01 -7.244763302620788048e-01 -6.590493100715770769e-01 -6.041918097027835222e-01 -5.570519903816648632e-01 -5.155243078757945074e-01 -4.780497126899651561e-01 -4.435104005397290106e-01 -4.111226194928070954e-01 -3.803228811196661119e-01 -3.507882424445597502e-01 -3.223410540410600045e-01 -2.949045480744426628e-01 -2.684857982207614069e-01 -2.431326049522604393e-01 -2.189045889625099439e-01 -1.958526400850683080e-01 -1.740310493249344337e-01 -1.534563362556539134e-01 -1.341377189130349423e-01 -1.160414943711309266e-01 -9.914083215688286599e-02 -8.338039698729875215e-02 -6.870755614425085034e-02 -5.505737086991435020e-02 -4.237199975219893555e-02 -3.058156707509768896e-02 -1.962708271755208775e-02 -9.450918264780436284e-03 0.000000000000000000e+00
1.744489180860009370e-03 1.991751238727084566e-02 2.097276971338854837e-02 2.184072547324845265e-02 2.251767359034233945e-02 2.300270612601371112e-02 2.329784385946480352e-02 2.340803718030505173e-02 2.334099867989854193e-02 2.310687863908866824e-02 2.271782745324792477e-02 2.218749817823181814e-02 2.153053649093989233e-02 2.076209418692323214e-02 1.989739134088010578e-02 1.895134294862629160e-02 1.793825801226094085e-02 1.687161230179269264e-02 1.576389053353841746e-02 1.462648975573221585e-02 1.346967348402544097e-02 1.230256544986284978e-02 1.113317234941871292e-02 9.968426261521147469e-03 8.814239029485408661e-03 7.675562564789299019e-03 6.556450532711275390e-03 5.460118116908312808e-03 4.388997490402758717e-03 3.344787238811027918e-03 2.328494294612479774e-03 1.744500605796009884e-03 2.049698743426764044e-02 2.152233473076866146e-02 2.233710907438028054e-02 2.294865857309371163e-02 2.337764636767767842e-02 2.359777086168165020e-02 2.370594371014578955e-02 2.367285679040885202e-02 2.351362987622121134e-02 2.324286223767460524e-02 2.287047851034622672e-02 2.240327745227874146e-02 2.183222292593125363e-02 2.122402580770067076e-02 2.049048241145335833e-02 1.971606397948437797e-02 1.884017517184437621e-02 1.790916194696411112e-02 1.691310454731947618e-02 1.585936786054852402e-02 1.474827770413202933e-02 1.358136278337067522e-02 1.235929027536889976e-02 1.108705812257005166e-02 9.730545131070965012e-03 8.331313510542334017e-03 6.860933628933280938e-03 5.314819320468978751e-03 3.683046600289195671e-03 1.979285524930480059e-03 -1.642675213863786041e+02 -8.694805890494903267e-01 -7.870306359410709218e-01 -7.192116756520240406e-01 -6.620295594540257511e-01 -6.125513669183521026e-01 -5.686181118154444158e-01 -5.286378164019525094e-01 -4.914771287575572245e-01 -4.563528138106344167e-01 -4.227084485187083129e-01 -3.902443228146305620e-01 -3.588133295189080418e-01 -3.283744098929894384e-01 -2.989721326910282917e-01 -2.706912643192339596e-01 -2.436248200609048842e-01 -2.178515788073843995e-01 -1.934494362308829818e-01 -1.704489230400370869e-01 -1.488687901356099130e-01 -1.286753150115344246e-01 -1.098403707035317117e-01 -9.230156980873605033e-02 -7.599804691582036364e-02 -6.085392247813500161e-02 -4.680058815208769374e-02 -3.375609626638358812e-02 -2.165148262762410861e-02 -1.041979881847660688e-02 0.000000000000000000e+00
1.629065767023247287e-03 1.985258361611305991e-02 2.093869743690040738e-02 2.184055507407313759e-02 2.255349527747445987e-02 2.307563242250954341e-02 2.340803718030505173e-02 2.355477152382167913e-02 2.352274578532780394e-02 2.332141200804772538e-02 2.296233808906110105e-02 2.245871556477186878e-02 2.182484836513664747e-02 2.107565941035992665e-02 2.022624152241451687e-02 1.929147010217775043e-02 1.828568713376030330e-02 1.722245908253106778e-02 1.611440537589574340e-02 1.497308980972284279e-02 1.380896463907795371e-02 1.263135618793894722e-02 1.144848118667845735e-02 1.026748425364714008e-02 9.094488545188380083e-03 7.934653276080266132e-03 6.792233345511716411e-03 5.670637576252903107e-03 4.572483038688555414e-03 3.499643577301255176e-03 2.453290989816720238e-03 1.629075997600297086e-03 2.044087573274172565e-02 2.149998271188404558e-02 2.235012397233059056e-02 2.299749633852999492e-02 2.346128832313013057e-02 2.371469695182683302e-02 2.385409915922842572e-02 2.385053869588179068e-02 2.371856779895021097e-02 2.347296953448147275e-02 2.312374046338003600e-02 2.267765992001768635e-02 2.212528065304449759e-02 2.153453845084127641e-02 2.081629581585309544e-02 2.005152818602968720e-02 1.918441950396212667e-02 1.825988225464191678e-02 1.726635862456419451e-02 1.621292061464538886e-02 1.509902753091169406e-02 1.392614133585297516e-02 1.269478719613000364e-02 1.140960491596733004e-02 1.003724179910387218e-02 8.617583843962514298e-03 7.122588403906613026e-03 5.547196375552825715e-03 3.880941276181252512e-03 2.137677648591538269e-03 -1.754159086350883001e+02 -9.325229122567937345e-01 -8.476719348941046395e-01 -7.775991322863924360e-01 -7.182017292347334658e-01 -6.664758552585846596e-01 -6.202162559612670600e-01 -5.778029546867758937e-01 -5.380902076696592040e-01 -5.002972401422128845e-01 -4.638758572622750376e-01 -4.285500589564048002e-01 -3.942033964080479125e-01 -3.608304501191255120e-01 -3.285130463372853415e-01 -2.973726391658381707e-01 -2.675353658725508343e-01 -2.391076736616157827e-01 -2.121908263482207568e-01 -1.868292468359216696e-01 -1.630510800818474049e-01 -1.408225074507006014e-01 -1.201140116188957468e-01 -1.008561019489526700e-01 -8.297959488586433008e-02 -6.639760194749885769e-02 -5.103064531478892357e-02 -3.678463812976996705e-02 -2.358055505801223695e-02 -1.134204385192812657e-02 0.000000000000000000e+00
1.515133800190672725e-03 1.964453360169754817e-02 2.075137131290528611e-02 2.167853927453555415e-02 2.242055836921996032e-02 2.297465750493515174e-02 2.334099867989854193e-02 2.352274578532780394e-02 2.352594995991942606e-02 2.335926747076575924e-02 2.303355386126745841e-02 2.256138585715713671e-02 2.195655759212516295e-02 2.123358821572048083e-02 2.040726834793284844e-02 1.949226428081736115e-02 1.850279104549304790e-02 1.745235831157398304e-02 1.635358690415861585e-02 1.521808902852742063e-02 1.405640238835526891e-02 1.287796720618796832e-02 1.169113535319604887e-02 1.050320189646117459e-02 9.320450927403247168e-03 8.148209196409914382e-03 6.990902617297359289e-03 5.852111993956458924e-03 4.734625305121656358e-03 3.640484547564953269e-03 2.571025485226681104e-03 1.515142811215654467e-03 2.023546427287574792e-02 2.131861844556035696e-02 2.219637138976765511e-02 2.287371925825873800e-02 2.336820304416039815e-02 2.365256533022365784e-02 2.382201066927978894e-02 2.384798200342592295e-02 2.374435451297234392e-02 2.352598699317799691e-02 2.320287514055601949e-02 2.278173374955534680e-02 2.225276743189110243e-02 2.168466470304807742e-02 2.098797841897637531e-02 2.023949468161142379e-02 1.938868122063570204e-02 1.847854014361156177e-02 1.749618876577643464e-02 1.645198738862335697e-02 1.534464328384772119e-02 1.417550164060342802e-02 1.294491100913019999e-02 1.165709247628080383e-02 1.027966932836942536e-02 8.850547270468616529e-03 7.342243434048764845e-03 5.749238165139895079e-03 4.060571304980194543e-03 2.290184528733634362e-03 -1.858860124958283961e+02 -9.923605090824170194e-01 -9.053365314949290976e-01 -8.331928247375217644e-01 -7.717332418698044094e-01 -7.178939563023226667e-01 -6.694312307645536864e-01 -6.247024566825638558e-01 -5.825529259211222888e-01 -5.422063497465102744e-01 -5.031239349238473268e-01 -4.650536166832588969e-01 -4.279093386476426342e-01 -3.917207606548772647e-01 -3.566061878648611461e-01 -3.227229301859236288e-01 -2.902294582894664465e-01 -2.592592262187306540e-01 -2.299362479732182385e-01 -2.023184881911240240e-01 -1.764431853267539874e-01 -1.522763413507756958e-01 -1.297869681429160427e-01 -1.088985292335765270e-01 -8.953356839660332744e-02 -7.159429578652058701e-02 -5.499043734355422292e-02 -3.961589852712286280e-02 -2.538167271051734730e-02 -1.220207789973001833e-02 0.000000000000000000e+00
1.403357665812800551e-03 1.930458340383673504e-02 2.042218964629379310e-02 2.136604355241601000e-02 2.212999624403270624e-02 2.271050160039099833e-02 2.310687863908866824e-02 2.332141200804772538e-02 2.335926747076575924e-02 2.322823901217817982e-02 2.293836955616271669e-02 2.250149455228148132e-02 2.193075349752308598e-02 2.124010606636005452e-02 2.044388087727423350e-02 1.955637696080913743e-02 1.859153045591918629e-02 1.756265187852166371e-02 1.648223292225443892e-02 1.536181677883270529e-02 1.421192277772637125e-02 1.304201472120473243e-02 1.186050229788453494e-02 1.067476592531383002e-02 9.491196843105979483e-03 8.315245892945501149e-03 7.151475939677895410e-03 6.003614171914275349e-03 4.874601508523791760e-03 3.766637009890579438e-03 2.681215548493251066e-03 1.403365454395048666e-03 1.989226409433500486e-02 2.098977268945424746e-02 2.188719929652816962e-02 2.258833914657121592e-02 2.310896760566653538e-02 2.342143619276890881e-02 2.361919423260313428e-02 2.367412680781468687e-02 2.359931768071044100e-02 2.340959475631677889e-02 2.311488093904163696e-02 2.272178621526669412e-02 2.222023284790429487e-02 2.167923216565326508e-02 2.100960611464257680e-02 2.028335615405471234e-02 1.945566665208885507e-02 1.856719448928146818e-02 1.760403445132181430e-02 1.657744361345345543e-02 1.548548544396787657e-02 1.432934233240036083e-02 1.310915511066713945e-02 1.182867700355363406e-02 1.045666994043463298e-02 9.028824907408600914e-03 7.518359874104043120e-03 5.919313528066112370e-03 4.220285300837164043e-03 2.435208530056560614e-03 -1.954647362199304723e+02 -1.047741711081614513e+00 -9.588373017770185358e-01 -8.848651266546190275e-01 -8.215528419095430301e-01 -7.657889426258194243e-01 -7.152999125559916793e-01 -6.684265513775021761e-01 -6.240090703611288481e-01 -5.812779198931435909e-01 -5.397050131268384954e-01 -4.990622833367368005e-01 -4.592934854499599040e-01 -4.204623575390842305e-01 -3.827223958083577626e-01 -3.462654016706140925e-01 -3.112808906484886839e-01 -2.779282356296804424e-01 -2.463532133219205889e-01 -2.166267623863346592e-01 -1.887947680514963922e-01 -1.628229854068581062e-01 -1.386789090713163586e-01 -1.162791478368876003e-01 -9.553817383532690888e-02 -7.634760615232312475e-02 -5.860664921966868279e-02 -4.219755797289095195e-02 -2.702161594191105493e-02 -1.298406728670234780e-02 0.000000000000000000e+00
1.294370280811333370e-03 1.884506218604333275e-02 1.996385552352431675e-02 2.091593375913789257e-02 2.169462878692664937e-02 2.229574024792571260e-02 2.271782745324792477e-02 2.296233808906110105e-02 2.303355386126745841e-02 2.293836955616271669e-02 2.268594502515197328e-02 2.228727644057885288e-02 2.175472977117069717e-02 2.110157220805214742e-02 2.034152966622309808e-02 1.948839123004197926e-02 1.855567423980312297e-02 1.755635663089830795e-02 1.650267666821475868e-02 1.540599505776588281e-02 1.427671100119942867e-02 1.312422210985714904e-02 1.195691790667885272e-02 1.078219745760840287e-02 9.606503033408538700e-03 8.435363242720397142e-03 7.273440549065297508e-03 6.124579343460307725e-03 4.991851720905314885e-03 3.877598778650683323e-03 2.783465611475001433e-03 1.294376863224738512e-03 1.942403304062747388e-02 2.052642779636076886e-02 2.143559020773571494e-02 2.215415687237267880e-02 2.269607231607200654e-02 2.303337859138526733e-02 2.325724902476327197e-02 2.334005367943228076e-02 2.329396968869301351e-02 2.313368967889704864e-02 2.286899239763446820e-02 2.250634611981838784e-02 2.203545678317926290e-02 2.152527276590997588e-02 2.088741492426218760e-02 2.018860016046709199e-02 1.939009554637396299e-02 1.852982430728897581e-02 1.759314483248821878e-02 1.659185569120020728e-02 1.552347753677425432e-02 1.438899000529608729e-02 1.318830035841477705e-02 1.192465867792119431e-02 1.056807889394083787e-02 9.151881208534780321e-03 7.650090172006939956e-03 6.056328776991354648e-03 4.358813609113925541e-03 2.571376917426395486e-03 -2.039274232738185901e+02 -1.097337749999396594e+00 -1.006921225407428899e+00 -9.314318913354442397e-01 -8.665407276656384994e-01 -8.091024117916756353e-01 -7.568234812164483793e-01 -7.080350096425895856e-01 -6.615765807712982172e-01 -6.166879496255324167e-01 -5.728532413205040807e-01 -5.298683414656207846e-01 -4.877059635860060416e-01 -4.464625177712192028e-01 -4.063249218657504214e-01 -3.675175949074872550e-01 -3.302593290217069599e-01 -2.947339203119235251e-01 -2.611075683483198295e-01 -2.294634172545180206e-01 -1.998554227440472453e-01 -1.722490604002262504e-01 -1.466103123228271188e-01 -1.228492762440450553e-01 -1.008727272711012340e-01 -8.056222530837349460e-02 -6.180694734196634510e-02 -4.447809862084511900e-02 -2.846773261298716010e-02 -1.367247346011920585e-02 0.000000000000000000e+00
1.188755062958182828e-03 1.827902305735997976e-02 1.938995443949972919e-02 2.034212165281654508e-02 2.112848395617358821e-02 2.174431135890719791e-02 2.218749817823181814e-02 2.245871556477186878e-02 2.256138585715713671e-02 2.250149455228148132e-02 2.228727644057885288e-02 2.192881887402913302e-02 2.143762251177782491e-02 2.082615383894298455e-02 2.010741721153425782e-02 1.929456769506950747e-02 1.840057926129522528e-02 1.743797604215092251e-02 1.641862790837860311e-02 1.535360639209259505e-02 1.425309339549103368e-02 1.312633328777830684e-02 1.198161861511765069e-02 1.082630029594793507e-02 9.666814400037731375e-03 8.508719050248214968e-03 7.356736388643353615e-03 6.214795762648845506e-03 5.086075236826053357e-03 3.973039191549931556e-03 2.877470121687268362e-03 1.188760471755925200e-03 1.884435646483647794e-02 1.994256917109709856e-02 2.085569423753764334e-02 2.158528606745859293e-02 2.214344131443821834e-02 2.250199232733805441e-02 2.274938255106564999e-02 2.285851369818179407e-02 2.284054520344110453e-02 2.270993382648589173e-02 2.247624376231162693e-02 2.214576680547199194e-02 2.170805628813836027e-02 2.123165576381949582e-02 2.062946333333412485e-02 1.996250288934207570e-02 1.919842663820049006e-02 1.837208604981238266e-02 1.746836769574202849e-02 1.649930028303907975e-02 1.546195441165001440e-02 1.435707488126592747e-02 1.318431634559471578e-02 1.194640627371595758e-02 1.061467232968064944e-02 9.219991893773180763e-03 7.737264602414759343e-03 6.159731320534580536e-03 4.475287633768206853e-03 2.697575528596727387e-03 -2.110486624348345970e+02 -1.139806400727034985e+00 -1.048327230751128436e+00 -9.717052809747195319e-01 -9.055769694201203368e-01 -8.467787749058932611e-01 -7.930083675494296047e-01 -7.425948630806313844e-01 -6.943822898278217970e-01 -6.476226191117916420e-01 -6.018139198225305186e-01 -5.567759011794690682e-01 -5.125091367251217722e-01 -4.691409247861819121e-01 -4.268893811127995597e-01 -3.860091861285406267e-01 -3.467461874207534156e-01 -3.093067263910772580e-01 -2.738757570444695921e-01 -2.405476790376246676e-01 -2.093838309475824222e-01 -1.803494268449527538e-01 -1.534090062410682076e-01 -1.284666643873327851e-01 -1.054220386397841241e-01 -8.414739343357102719e-02 -6.452260111998481262e-02 -4.640867030550917260e-02 -2.968912079245141986e-02 -1.425261629871734693e-02 0.000000000000000000e+00
1.087030878181026927e-03 1.761986313854372807e-02 1.871453524699716667e-02 1.965911170701059585e-02 2.044631723749873106e-02 2.107101546375260773e-02 2.153053649093989233e-02 2.182484836513664747e-02 2.195655759212516295e-02 2.193075349752308598e-02 2.175472977117069717e-02 2.143762251177782491e-02 2.099000216981516259e-02 2.042345183961640637e-02 1.975015884394996576e-02 1.898254086409949595e-02 1.813292170852571356e-02 1.721326527704748061e-02 1.623497000051163722e-02 1.520872080391832103e-02 1.414439197841410416e-02 1.305099236001377137e-02 1.193664366306999500e-02 1.080858329489669915e-02 9.673184056111639242e-03 8.535984453071038952e-03 7.401724662460932615e-03 6.274384339705400132e-03 5.157219371804587331e-03 4.052795306467967852e-03 2.963015528664112753e-03 1.087035159570329907e-03 1.816723192280202820e-02 1.925273595885776748e-02 2.016235569286546972e-02 2.089666490531670237e-02 2.146593689301093053e-02 2.184191043460587123e-02 2.210991417096331429e-02 2.224343503173630346e-02 2.225251298638920155e-02 2.215127425422522972e-02 2.194900013459814489e-02 2.165177256927085583e-02 2.124905154303161070e-02 2.080867606362686237e-02 2.024524666191237360e-02 1.961377263550620129e-02 1.888853166583246909e-02 1.810101900048377566e-02 1.723588720296503896e-02 1.630513385730003942e-02 1.530546301280702459e-02 1.423736182758597070e-02 1.310022138978952227e-02 1.189624420690966501e-02 1.059808182471306398e-02 9.234182938037349686e-03 7.780353445441560642e-03 6.229493701146249576e-03 4.569244522841051787e-03 2.812972886710982372e-03 -2.166126488573147810e+02 -1.173853282069631909e+00 -1.081842154966816905e+00 -1.004545106812529287e+00 -9.375887708243296759e-01 -8.778088569515900552e-01 -8.229065208972260459e-01 -7.712175984594226152e-01 -7.215962498963807148e-01 -6.733099126311110627e-01 -6.258725478049753654e-01 -5.791274808862233447e-01 -5.331018147791030115e-01 -4.879515982441895439e-01 -4.439234966884776923e-01 -4.012996470895158763e-01 -3.603503132113423657e-01 -3.213021542465096525e-01 -2.843569125735666003e-01 -2.496191349295862338e-01 -2.171567637788762439e-01 -1.869348326450953335e-01 -1.589165842378077731e-01 -1.330007903835758731e-01 -1.090806985547363023e-01 -8.702027467307034414e-02 -6.669103884069359223e-02 -4.794490714649080054e-02 -3.065777846006241189e-02 -1.471122091676370196e-02 0.000000000000000000e+00
9.896406318035746996e-04 1.688097437608802875e-02 1.795172337875655319e-02 1.888158038454540791e-02 1.966316217461638177e-02 2.029104401038557548e-02 2.076209418692323214e-02 2.107565941035992665e-02 2.123358821572048083e-02 2.124010606636005452e-02 2.110157220805214742e-02 2.082615383894298455e-02 2.042345183961640637e-02 1.990410835613933699e-02 1.927942198766280368e-02 1.856099142433398352e-02 1.776040281161937046e-02 1.688896999878899269e-02 1.595753081257461625e-02 1.497629737991705741e-02 1.395475485257091121e-02 1.290160080066543764e-02 1.182471684380261186e-02 1.073116440217438891e-02 9.627197372871170236e-03 8.518285725822449458e-03 7.409145222997278422e-03 6.303769539006110444e-03 5.205461916985111744e-03 4.116864090982874473e-03 3.039980526280839073e-03 9.896438432886438957e-04 1.740668712561680570e-02 1.847160322394096957e-02 1.937066770067591079e-02 2.010359173236469371e-02 2.067888373066102334e-02 2.106831826954637735e-02 2.135379266984644905e-02 2.150944144159769311e-02 2.154409723268431789e-02 2.147146927245492318e-02 2.130049125238028807e-02 2.103700312724348168e-02 2.067042479783285161e-02 2.026763058297031267e-02 1.974529472928049714e-02 1.915217238252682475e-02 1.846934512231144382e-02 1.772472379846426124e-02 1.690293302863940875e-02 1.601573268607469486e-02 1.505953339225789799e-02 1.403455206838656599e-02 1.293991423739072541e-02 1.177731277869617510e-02 1.052068413256712284e-02 9.196146991574290219e-03 7.780409136288820790e-03 6.266080385687506499e-03 4.640617603620735519e-03 2.917033240426133728e-03 -2.204226797532707849e+02 -1.198288223141225073e+00 -1.106352372248179172e+00 -1.028906363996264561e+00 -9.615943808385550851e-01 -9.012705363795512348e-01 -8.456530426260350231e-01 -7.930939898543922784e-01 -7.424639236982565338e-01 -6.930492956747292821e-01 -6.443820891586667932e-01 -5.963289510232144819e-01 -5.489419587429019698e-01 -5.024034434089705847e-01 -4.569855822830301006e-01 -4.129947571030656017e-01 -3.707226335583675425e-01 -3.304136515982568079e-01 -2.922841160580448294e-01 -2.564474796930000799e-01 -2.229774399057073697e-01 -1.918390024257577986e-01 -1.629943420395247866e-01 -1.363377555767766591e-01 -1.117570340041664639e-01 -8.910906776646677907e-02 -6.825819915161235318e-02 -4.904859649736300481e-02 -3.134965829694333350e-02 -1.503691865573468338e-02 0.000000000000000000e+00
8.969438122346780427e-04 1.607544153277334215e-02 1.711538452941942581e-02 1.802400785245789408e-02 1.879393375203170305e-02 1.941955923873312298e-02 1.989739134088010578e-02 2.022624152241451687e-02 2.040726834793284844e-02 2.044388087727423350e-02 2.034152966622309808e-02 2.010741721153425782e-02 1.975015884394996576e-02 1.927942198766280368e-02 1.870556803494198561e-02 1.803931692531859921e-02 1.729144956026747865e-02 1.647255754929240895e-02 1.559284411458228443e-02 1.466197506723897204e-02 1.368897516127687460e-02 1.268216299876668250e-02 1.164911684136649313e-02 1.059666384421717802e-02 9.530885994536305098e-03 8.457137086131180301e-03 7.380066154914546699e-03 6.303643786816513252e-03 5.231188502128641948e-03 4.165390975859438981e-03 3.108334149269715001e-03 8.969460205304738334e-04 1.657644935881321877e-02 1.761361639441194268e-02 1.849557790513370673e-02 1.922130925051352204e-02 1.979763867713710268e-02 2.019651520656234878e-02 2.049615394642704744e-02 2.067140879426708489e-02 2.072983468221953340e-02 2.068464777116845940e-02 2.054437486574610047e-02 2.031458340771904666e-02 1.998469967816350959e-02 1.962040985189347428e-02 1.914077943075853314e-02 1.858814714868377987e-02 1.795051410997691027e-02 1.725203693170035760e-02 1.647748195791981160e-02 1.563822245575869838e-02 1.473043713804365537e-02 1.375407072668577597e-02 1.270799057753147811e-02 1.159341272182449513e-02 1.038547512231411014e-02 9.108144309744367617e-03 7.738993559294537333e-03 6.270400617570351387e-03 4.689714043428440740e-03 3.009518207066150773e-03 -2.223093445856285655e+02 -1.212074043101815324e+00 -1.120888578526780144e+00 -1.043880572771707538e+00 -9.767413832955625930e-01 -9.163642644611373900e-01 -8.604991402963385605e-01 -8.075246395640476305e-01 -7.563344280575203804e-01 -7.062377548555995865e-01 -6.567868852754957798e-01 -6.078713902632663091e-01 -5.595665502439539640e-01 -5.120782074706692333e-01 -4.657006653918021599e-01 -4.207609815703015066e-01 -3.775688855642269637e-01 -3.363837981358951401e-01 -2.974341443445823741e-01 -2.608409375158061705e-01 -2.266827331969629433e-01 -1.949247390413761105e-01 -1.655283776165942244e-01 -1.383844811163446875e-01 -1.133764932174887718e-01 -9.035566293075596167e-02 -6.918053601877176273e-02 -4.968909957974411429e-02 -3.174556413458983622e-02 -1.522067225246806314e-02 0.000000000000000000e+00
8.092129565423712614e-04 1.521579571665682140e-02 1.621884835630211727e-02 1.710037306255590001e-02 1.785309708911207716e-02 1.847133974962693673e-02 1.895134294862629160e-02 1.929147010217775043e-02 1.949226428081736115e-02 1.955637696080913743e-02 1.948839123004197926e-02 1.929456769506950747e-02 1.898254086409949595e-02 1.856099142433398352e-02 1.803931692531859921e-02 1.742731991038573222e-02 1.673492818933026635e-02 1.597195683588186615e-02 1.514791623997209340e-02 1.427186590670117758e-02 1.335231021633466464e-02 1.239713022875741331e-02 1.141354470969909059e-02 1.040809357997130903e-02 9.386637603989202161e-03 8.354369040112495301e-03 7.315828947824347568e-03 6.274927737474726708e-03 5.234966270703105516e-03 4.198655327394607874e-03 3.168131521617539338e-03 8.092142357536817078e-04 1.568967570466344927e-02 1.669268936251850494e-02 1.755155869889613029e-02 1.826465250700759838e-02 1.883722263052726997e-02 1.924153626041489110e-02 1.955193656064249663e-02 1.974407757801490554e-02 1.982418585035628650e-02 1.980492046086009678e-02 1.969434922903093299e-02 1.949773891500368103e-02 1.920456174211545436e-02 1.887912613661822669e-02 1.844315365713036087e-02 1.793247728396825738e-02 1.734206889848530220e-02 1.669222093002878382e-02 1.596797051551764046e-02 1.518021471515863634e-02 1.432494894206014398e-02 1.340185431974320537e-02 1.240955682871943550e-02 1.134884486271665015e-02 1.019593693098217423e-02 8.972895536515850673e-03 7.658096165034830073e-03 6.243751363824020031e-03 4.717182142680370442e-03 3.090477820214460047e-03 -2.221369964016527376e+02 -1.214365292232335358e+00 -1.124661404484033067e+00 -1.048728704343937057e+00 -9.823372413579466444e-01 -9.224414396255573578e-01 -8.668384784920369901e-01 -8.139444088959485457e-01 -7.626831213356841666e-01 -7.123906041877695605e-01 -6.626417335686707322e-01 -6.133484891283090823e-01 -5.646073763075361018e-01 -5.166447070842421496e-01 -4.697732264016996062e-01 -4.243367988780024636e-01 -3.806596139047127569e-01 -3.390130618858297473e-01 -2.996350772235329973e-01 -2.626528134516407098e-01 -2.281487616629283011e-01 -1.960886396877032367e-01 -1.664335206896519204e-01 -1.390719314162908171e-01 -1.138842378234807828e-01 -9.071767065906477523e-02 -6.942654554502696029e-02 -4.984443057798197685e-02 -3.183183030783700435e-02 -1.525609738032882197e-02 0.000000000000000000e+00
