6.575964589340334288e-02 4.709302483344641327e-02 4.507154816350619070e-02 4.296520882279777909e-02 4.073770885155247184e-02 3.841399150918763106e-02 3.601143714807224228e-02 3.358383377827871275e-02 3.116908634375866599e-02 2.875802200202092623e-02 2.640649206340027477e-02 2.409344962235796320e-02 2.191259621953164580e-02 1.984530957854351019e-02 1.790284583028518492e-02 1.606710313700082313e-02 1.436784303515831716e-02 1.270192881629951878e-02 1.135347618933856342e-02 1.001558989254143668e-02 8.771877834811210584e-03 7.703611590328672196e-03 6.708146489626143349e-03 5.807986757581014639e-03 4.993157702271981691e-03 4.281409210944151812e-03 3.614506418916883790e-03 3.027492727571943348e-03 2.548954419395691329e-03 2.047842854264281080e-03 1.840335288589555699e-03 7.042317535677108942e-02 5.605281142096564528e-02 5.389030185745855711e-02 5.150013469830037188e-02 4.883820652978141524e-02 4.595350184127756921e-02 4.286958715749610016e-02 3.971361259024661777e-02 3.654022778112027414e-02 3.333552319954879301e-02 3.023025412019968508e-02 2.717617274616160664e-02 2.428133722404050149e-02 2.157138936522296629e-02 1.904007331019240759e-02 1.674123350547274472e-02 1.456524376951490347e-02 1.249553397067417262e-02 1.081194179521276916e-02 9.214181619787962380e-03 7.800862175454345050e-03 6.489986554445998333e-03 5.372659328928422809e-03 4.356587664995594487e-03 3.488303512710047918e-03 2.721276102058100155e-03 2.085613928968828561e-03 1.529238489057076992e-03 1.054985119871782026e-03 6.608291370969145888e-04 4.475064980707389164e-04 5.778419596118084200e+01 2.972628903884390050e-01 2.768955348620655288e-01 2.591953047886670913e-01 2.432608580786015662e-01 2.284729332831445803e-01 2.144323203150233503e-01 2.008947500051298241e-01 1.877302626985214440e-01 1.748870163775216036e-01 1.623579121545234150e-01 1.501614045686868182e-01 1.383336078346296405e-01 1.269032053857262754e-01 1.158985379142839500e-01 1.053392771368053676e-01 9.524252557952549159e-02 8.561518663032238741e-02 7.645508271371773135e-02 6.775737433827455636e-02 5.950979197409241722e-02 5.169858399980345465e-02 4.430824741099361613e-02 3.732289124715822831e-02 3.074520651551031214e-02 2.456337609109498707e-02 1.878354177758918137e-02 1.341604962750007207e-02 8.480469059684560273e-03 3.999087017714281558e-03 0.000000000000000000e+00
4.709302483344641327e-02 6.133392616278907777e-02 6.194980242719904523e-02 6.225220017781620679e-02 6.215307678553196741e-02 6.166187870449701958e-02 6.067652502265881431e-02 5.939047535472838368e-02 5.773676878326415574e-02 5.576170892652113770e-02 5.350899581996153981e-02 5.100238823223254142e-02 4.838980102697754831e-02 4.566794974857726203e-02 4.288406506824221642e-02 4.005357901304176099e-02 3.723941663013506653e-02 3.437524935352044564e-02 3.168957795949803313e-02 2.904789297164037803e-02 2.644354584136284284e-02 2.391248158498280110e-02 2.147095732479830515e-02 1.911226893462915008e-02 1.682914269050794429e-02 1.467758226366652069e-02 1.253729852584503646e-02 1.049051708407090951e-02 8.525040552561150703e-03 6.614237645320569792e-03 4.929441426391736707e-03 5.055780261612270732e-02 7.263777749574615306e-02 7.408408444712409613e-02 7.501692187874103857e-02 7.529393813358424559e-02 7.492040861382956440e-02 7.372892117460644323e-02 7.203357277162397709e-02 6.973209233492834447e-02 6.690620431486445086e-02 6.371928519552773340e-02 6.013679041969192951e-02 5.640275545278001373e-02 5.259509442302109927e-02 4.876143402399842064e-02 4.500996649131158711e-02 4.127396775292963699e-02 3.762680429628921519e-02 3.418849581018246209e-02 3.084276406332121800e-02 2.767175946326305702e-02 2.462502343327648349e-02 2.175513943383374296e-02 1.894521711289546065e-02 1.626707364120428406e-02 1.363647959168634051e-02 1.114000695498477272e-02 8.682153344078688897e-03 6.240058755338957763e-03 3.793301902349710802e-03 1.362822771541364946e-03 2.940030796552365544e+01 2.013236154658591126e-01 1.830946979083112602e-01 1.667651132513814360e-01 1.518313788104750373e-01 1.379604010021016902e-01 1.249482378840834906e-01 1.126802463130515825e-01 1.011061396305586030e-01 9.021570038049481211e-02 8.001704533694535548e-02 7.052338940386859711e-02 6.174883901921813384e-02 5.369230185669082028e-02 4.634560591013999614e-02 3.968994502344436875e-02 3.370160503544000763e-02 2.834820382434452210e-02 2.359360233456364586e-02 1.939995054198638547e-02 1.572719798972995950e-02 1.253239746838758460e-02 9.777141056102651648e-03 7.420180454645513256e-03 5.437937740821993486e-03 3.794645087611942143e-03 2.468123089497327102e-03 1.438110109264499181e-03 6.913867237719012416e-04 2.150554013198964162e-04 0.000000000000000000e+00
4.507154816350619070e-02 6.194980242719904523e-02 6.297819354433221994e-02 6.361814491935186000e-02 6.386358005647163605e-02 6.369515393372192358e-02 6.298276676848406364e-02 6.193616576735811591e-02 6.046747222538744609e-02 5.862524975772886310e-02 5.645345276007480984e-02 5.398123986400125279e-02 5.136306573467721431e-02 4.859949863856093816e-02 4.574353491162633928e-02 4.281717485525184802e-02 3.988839969634003918e-02 3.687392772914203226e-02 3.406979733322294118e-02 3.128323748629958934e-02 2.852138968441467540e-02 2.583247383551419071e-02 2.323013911593270822e-02 2.070807148829726177e-02 1.825916892928048513e-02 1.594199491037492228e-02 1.363121318029123820e-02 1.141204520948055183e-02 9.270464602575851157e-03 7.175325731262653488e-03 5.291470820592227356e-03 4.840709303070050984e-02 7.334571401225137288e-02 7.536683682097834736e-02 7.677735070336778878e-02 7.754527188659700310e-02 7.763001006151469541e-02 7.681751172008430273e-02 7.544321511880090758e-02 7.337163930390233624e-02 7.068932067808469943e-02 6.756629311064527021e-02 6.397497009878327923e-02 6.017674231118325112e-02 5.625959681048935124e-02 5.228231623149030838e-02 4.836292954003467565e-02 4.444515157557998170e-02 4.059655770028392646e-02 3.698239623651002755e-02 3.343980187351305866e-02 3.007193388158319047e-02 2.683490202747824266e-02 2.377362340978518909e-02 2.076933202332789316e-02 1.789446082290534201e-02 1.506060902688114572e-02 1.235559472516803252e-02 9.679701550172637239e-03 7.004546561145515854e-03 4.301596012349751842e-03 1.574279789701164963e-03 2.633898463896131403e+01 1.908794423002564689e-01 1.731989732351002786e-01 1.572506025443834721e-01 1.425971354192022700e-01 1.289521182982187320e-01 1.161439919475410892e-01 1.040803236037980278e-01 9.272518303537066742e-02 8.207680813576770373e-02 7.214759490197361624e-02 6.295191736139818528e-02 5.450254241367536584e-02 4.679604776108364783e-02 3.982092578818162421e-02 3.355487597660648802e-02 2.797043587984882757e-02 2.303174966595091661e-02 1.869988800604499221e-02 1.493436549669784758e-02 1.169307640932324560e-02 8.930842350769600466e-03 6.607747567853796723e-03 4.680598657610352681e-03 3.123587558716344609e-03 1.899073028801979502e-03 9.822793302997469365e-04 3.500733497205768324e-04 -1.397409052172608129e-05 -1.263107860591016005e-04 0.000000000000000000e+00
4.296520882279777909e-02 6.225220017781620679e-02 6.361814491935186000e-02 6.464213377690156137e-02 6.525821266864523240e-02 6.544486591703517486e-02 6.503317851704119856e-02 6.426342597796565193e-02 6.301431328445038227e-02 6.133658513562624537e-02 5.927371987353657196e-02 5.686019171720094190e-02 5.425632881591074125e-02 5.146706520714540434e-02 4.855139266985671748e-02 4.553869953976478341e-02 4.250260475721628906e-02 3.935273715620785095e-02 3.642379478559026884e-02 3.349448855228032151e-02 3.058864613394169513e-02 2.773817520894395622e-02 2.497642890391799445e-02 2.229252173234761228e-02 1.967917662272637702e-02 1.719716827091040401e-02 1.471637845500211629e-02 1.232462677711381079e-02 1.000632337153923093e-02 7.723760437704615262e-03 5.635964463452397370e-03 4.616316077024167075e-02 7.366189115258962861e-02 7.614860636595432997e-02 7.810373609106839587e-02 7.940474734505220678e-02 8.000077963141342952e-02 7.961296569116985133e-02 7.861930772600736472e-02 7.683064610457883414e-02 7.433794197640090917e-02 7.131662793403395484e-02 6.774660413084071520e-02 6.390637427102720258e-02 5.989504738731001726e-02 5.578375056283276651e-02 5.170188119789759229e-02 4.760570253121976930e-02 4.356482973415205795e-02 3.976588665264388367e-02 3.602748889270417781e-02 3.246565461266679581e-02 2.903918035504951881e-02 2.578850274398507281e-02 2.259259809147183898e-02 1.952386424207680146e-02 1.648967699187131250e-02 1.357836431457565447e-02 1.068586181012188760e-02 7.777762135974941073e-03 4.816194738782977706e-03 1.785368080729840415e-03 2.340580530468644227e+01 1.810181005468344817e-01 1.639099927043584370e-01 1.483607420730223281e-01 1.339986738811673184e-01 1.205839746436396243e-01 1.079778725168823728e-01 9.611071585400979278e-02 8.496151441122003212e-02 7.453753824214753854e-02 6.485601134218965669e-02 5.593299550297293338e-02 4.778042786790184793e-02 4.039310386600760555e-02 3.375671197586192773e-02 2.784599406806602742e-02 2.263025450942136169e-02 1.807066359535166797e-02 1.412596901122460495e-02 1.075347748895182261e-02 7.909402377274202603e-03 5.546689734809818507e-03 3.624161102275531669e-03 2.096918444488099671e-03 9.370345990044875052e-04 1.051219315600573499e-04 -4.261522533058560084e-04 -6.827733750217760203e-04 -6.844133510805667803e-04 -4.511183909601747428e-04 0.000000000000000000e+00
4.073770885155247184e-02 6.215307678553196741e-02 6.386358005647163605e-02 6.525821266864523240e-02 6.625324405306921849e-02 6.681988152017200033e-02 6.671918643207282174e-02 6.626610927259884987e-02 6.527359312231077737e-02 6.379628642393002369e-02 6.187585502079175070e-02 5.955134202425288459e-02 5.698793004219865344e-02 5.419508829743705652e-02 5.123770786086529611e-02 4.815344998312913460e-02 4.502220265864088217e-02 4.175149800224932373e-02 3.870170136365296693e-02 3.563786087669881114e-02 3.259082721913737074e-02 2.958767701180583728e-02 2.667288703584986057e-02 2.383305092389785898e-02 2.106079318265416736e-02 1.841888475715304507e-02 1.577263806253116629e-02 1.321216453542777350e-02 1.072047838686134708e-02 8.251892854587997844e-03 5.960020523400728042e-03 4.378759983907203751e-02 7.348526756619783162e-02 7.644300161102150770e-02 7.892254048321319104e-02 8.077036712495160031e-02 8.191828432127523651e-02 8.197385182013246230e-02 8.142500721456473467e-02 7.997722557124803400e-02 7.772793620085123589e-02 7.485540087418794675e-02 7.134625012048038950e-02 6.749509157827597583e-02 6.341262236529818241e-02 5.918316691688953884e-02 5.494912874089857152e-02 5.068152237126479637e-02 4.645651958119913216e-02 4.247153124202872332e-02 3.854061454005063003e-02 3.478819650049552042e-02 3.117632168674569493e-02 2.774096114878663727e-02 2.435912301719399958e-02 2.110269532220166236e-02 1.787473368380642497e-02 1.476356629024658251e-02 1.166049555031834634e-02 8.524744299553502561e-03 5.308284094877919676e-03 1.974895006613756367e-03 2.088732292599932805e+01 1.730566199549321837e-01 1.564375487235652451e-01 1.412169272806534648e-01 1.270813079210730279e-01 1.138333967658474721e-01 1.013649390159801905e-01 8.962790075126161882e-02 7.861573936283959563e-02 6.834471135161768185e-02 5.883709801052720151e-02 5.011105168503388746e-02 4.217819162590080023e-02 3.503212533490243641e-02 2.865634544763172656e-02 2.302323918053486920e-02 1.809944403636447319e-02 1.384367508840629590e-02 1.021280443505458851e-02 7.162311906713470129e-03 4.647029838615860352e-03 2.618307469602618349e-03 1.033816938685288254e-03 -1.529088009233290897e-04 -9.719342217361017378e-04 -1.464407457617809133e-03 -1.660320513233134662e-03 -1.588645432835831053e-03 -1.272504490426308761e-03 -7.357870697036658072e-04 0.000000000000000000e+00
3.841399150918763106e-02 6.166187870449701958e-02 6.369515393372192358e-02 6.544486591703517486e-02 6.681988152017200033e-02 6.781322299074797610e-02 6.792004334992127190e-02 6.785367119280974468e-02 6.716078632997077302e-02 6.592521982168303429e-02 6.418688596363691934e-02 6.198837007712171970e-02 5.949835775455518394e-02 5.673098094538665814e-02 5.375571067387382995e-02 5.061987453389964198e-02 4.741015324831455990e-02 4.403544410050624219e-02 4.087394666933016896e-02 3.768623146262173318e-02 3.450647045373796129e-02 3.136026090598589833e-02 2.830085356621269213e-02 2.531303314520609235e-02 2.238932950046969295e-02 1.959441313737973409e-02 1.678897174323625355e-02 1.406531762048525598e-02 1.140510167941663315e-02 8.753722184834965281e-03 6.259154592110154590e-03 4.130594556172292181e-02 7.283298045825783995e-02 7.622574621934632977e-02 7.920361084349777925e-02 8.159867379514594565e-02 8.337055907034859881e-02 8.371369166299426345e-02 8.372206856851284462e-02 8.268500780294596453e-02 8.074466610517617993e-02 7.808122263115929718e-02 7.468618225049135362e-02 7.086849998567629205e-02 6.675008665839780864e-02 6.242850115571639547e-02 5.806086320272960816e-02 5.363519362371505644e-02 4.923748425675911200e-02 4.507078024557047841e-02 4.095320216776140304e-02 3.701593734217944326e-02 3.322406033504509554e-02 2.961017497416434593e-02 2.604933112656260263e-02 2.261268955915762477e-02 1.919875656992809168e-02 1.589583043964546555e-02 1.258994355916566443e-02 9.233794911974395336e-03 5.768492503275957431e-03 2.136775467215992503e-03 1.887323962339582550e+01 1.673373230923079491e-01 1.511015387987147407e-01 1.361234806366950212e-01 1.221380141499408545e-01 1.089843998346230747e-01 9.658131249532841966e-02 8.490025243103425934e-02 7.394803722593897011e-02 6.374952740814113228e-02 5.433214970548544409e-02 4.571655184086195062e-02 3.791465126246876954e-02 3.091961735544635284e-02 2.471354070576989997e-02 1.926724329375207115e-02 1.454544181280532748e-02 1.050506891470342520e-02 7.101688768619373107e-03 4.289427087055070788e-03 2.022096553071109446e-03 2.497742453602363848e-04 -1.070914611675505236e-03 -1.987873919297763591e-03 -2.533378271967505566e-03 -2.750429711217778662e-03 -2.671907917059697119e-03 -2.330100430384331785e-03 -1.752096105688831463e-03 -9.663609849197155391e-04 0.000000000000000000e+00
3.601143714807224228e-02 6.067652502265881431e-02 6.298276676848406364e-02 6.503317851704119856e-02 6.671918643207282174e-02 6.792004334992127190e-02 6.885192866482524321e-02 6.897446183997801850e-02 6.856364491836072772e-02 6.758417670126798393e-02 6.605354497097710997e-02 6.401080052240452900e-02 6.162485654004876828e-02 5.890683402286407688e-02 5.593916176525779577e-02 5.277300271731873854e-02 4.950318585393961163e-02 4.604299521569789333e-02 4.278239179936808162e-02 3.948473705676474460e-02 3.618507472395374874e-02 3.291007965691368498e-02 2.972014366153526502e-02 2.659885953593512861e-02 2.353865262490872565e-02 2.060634158752343986e-02 1.765715023380727208e-02 1.478599258449526770e-02 1.197287024744420406e-02 9.153104162902775051e-03 6.469565221125182439e-03 3.873872628813444796e-02 7.156029193100625629e-02 7.531214515138137666e-02 7.870407171219299947e-02 8.153959827659210124e-02 8.360040086038510176e-02 8.519484135439440997e-02 8.545221588160573090e-02 8.480454860632949399e-02 8.320124107675296032e-02 8.079075012516466481e-02 7.755666651937691281e-02 7.381658756599086824e-02 6.969841564826252667e-02 6.531457559668568669e-02 6.083579854506700885e-02 5.626941503651846505e-02 5.171375851115039141e-02 4.737489800864425060e-02 4.308128244881877927e-02 3.897033578482959199e-02 3.501016947538049956e-02 3.123139389236348137e-02 2.750682601880464692e-02 2.390702299713009724e-02 2.032523604631159345e-02 1.685073115161337537e-02 1.336267393862299209e-02 9.807260069116249118e-03 6.114073735281027287e-03 2.201938741419420722e-03 1.696111620050447044e+01 1.618563139348933311e-01 1.460786491998787295e-01 1.314169275455297492e-01 1.176492658418380882e-01 1.046485006120687483e-01 9.235848289476586426e-02 8.076930670235298038e-02 6.990081003911953472e-02 5.978661638716670917e-02 5.045984523046234682e-02 4.194449282960538428e-02 3.425385562481475521e-02 2.738192717834468312e-02 2.131072531432656042e-02 1.601086498713849907e-02 1.144648000526920367e-02 7.573991686448488733e-03 4.348829578675706548e-03 1.724851770752971547e-03 -3.441626465869020374e-04 -1.908435541762397740e-03 -3.011603826393022005e-03 -3.702112587680952104e-03 -4.013679405277007298e-03 -3.990202132642508073e-03 -3.666357910963809891e-03 -3.076300139818848468e-03 -2.249049827250351481e-03 -1.214488232308997022e-03 0.000000000000000000e+00
3.358383377827871275e-02 5.939047535472838368e-02 6.193616576735811591e-02 6.426342597796565193e-02 6.626610927259884987e-02 6.785367119280974468e-02 6.897446183997801850e-02 6.950695003882385870e-02 6.944128433359950114e-02 6.877342487501873769e-02 6.750480544824849494e-02 6.567081734134599946e-02 6.343885913490211748e-02 6.082098125673748162e-02 5.789986810496195596e-02 5.473815471802839089e-02 5.143799919148992622e-02 4.791938845822972526e-02 4.457952572666169094e-02 4.118997030470303300e-02 3.778555207963846946e-02 3.439605985931074722e-02 3.108782081495100810e-02 2.784393805192874119e-02 2.465676423320227462e-02 2.159626064447235649e-02 1.851008576124997529e-02 1.549746804693857491e-02 1.253629881227510783e-02 9.552014200624108636e-03 6.680237131020548037e-03 3.613828829657458191e-02 6.993994542728126929e-02 7.399669035073869194e-02 7.776187830648836896e-02 8.104228729554641131e-02 8.366440538131196536e-02 8.551051577775019286e-02 8.637321983350888799e-02 8.621872929584971368e-02 8.504628153978623095e-02 8.298088079778746795e-02 7.999479813870144507e-02 7.641224656128901838e-02 7.236491324113571155e-02 6.797509633598479428e-02 6.342998072325928272e-02 5.875771405075885800e-02 5.407101404728348326e-02 4.957846219805023269e-02 4.512351183794387904e-02 4.085027338982932105e-02 3.673053104309740441e-02 3.279528659357529990e-02 2.891409939814887017e-02 2.515828953068498935e-02 2.141439143165017878e-02 1.777647026554904711e-02 1.411313287392499186e-02 1.036531889440150782e-02 6.450740473189690502e-03 2.265471762376436091e-03 1.579046080875590441e+01 1.595282762119457076e-01 1.440264519140035115e-01 1.295363582946642000e-01 1.158647404366551226e-01 1.029081567853988716e-01 9.062895467224311996e-02 7.903135032862333709e-02 6.814536170814999849e-02 5.801178464730549766e-02 4.866876509309114862e-02 4.014367699962400476e-02 3.245173041402941994e-02 2.558856212188912946e-02 1.953707475461442800e-02 1.426863798165447193e-02 9.747699701432226832e-03 5.930935474658590237e-03 2.774212504639580416e-03 2.315291313794194271e-04 -1.743145593465711667e-03 -3.200209247552406825e-03 -4.183739970253503963e-03 -4.742929553688668594e-03 -4.913453160602035061e-03 -4.740761120036536720e-03 -4.262316191862615573e-03 -3.515534553294893689e-03 -2.533466834806282538e-03 -1.350603561851219762e-03 0.000000000000000000e+00
3.116908634375866599e-02 5.773676878326415574e-02 6.046747222538744609e-02 6.301431328445038227e-02 6.527359312231077737e-02 6.716078632997077302e-02 6.856364491836072772e-02 6.944128433359950114e-02 6.973607594086592143e-02 6.938442416111458011e-02 6.840833209623990718e-02 6.682201998951035893e-02 6.478835912500761907e-02 6.231214800049331842e-02 5.947773120742915615e-02 5.635633356713963538e-02 5.305758053408550501e-02 4.951020897861843628e-02 4.611420328216762204e-02 4.265427842158098226e-02 3.916441736413687341e-02 3.567905102365974412e-02 3.226971444504891234e-02 2.891973206164091814e-02 2.562124446216941520e-02 2.245106900597397190e-02 1.924108643947989097e-02 1.610157825498764392e-02 1.300644596090434930e-02 9.871214831317125932e-03 6.822997841153655325e-03 3.355773872215405546e-02 6.787365437345961594e-02 7.215278312423460683e-02 7.620178576308379859e-02 7.983140280296148472e-02 8.287661805280960303e-02 8.512313986546822531e-02 8.648735503992575901e-02 8.686084419701037285e-02 8.613098338188919512e-02 8.447121249245702346e-02 8.180163908289372898e-02 7.844997227591889166e-02 7.454115218787911445e-02 7.020460713821856380e-02 6.564239239526484249e-02 6.090441129586562224e-02 5.611895505922365190e-02 5.149701976268882680e-02 4.690094312509322794e-02 4.248219349087183072e-02 3.821718585033728049e-02 3.414098330059425757e-02 3.011651325561468667e-02 2.621931553749020163e-02 2.232273438820223110e-02 1.854386980355682973e-02 1.472253147190422974e-02 1.080125278711325035e-02 6.685731918011431074e-03 2.248441359052234887e-03 1.478615777171501300e+01 1.575389070234275435e-01 1.423730464805141316e-01 1.281229172475203959e-01 1.146170193576639823e-01 1.017706142894494181e-01 8.956087522666014711e-02 7.800354429123262934e-02 6.713715246988961882e-02 5.700883375219008981e-02 4.766163643955297763e-02 3.912679937558796034e-02 3.142240818459897389e-02 2.454702519322027321e-02 1.848587153140310302e-02 1.321254995264114530e-02 8.693269092768724990e-03 4.886293387148201404e-03 1.749094256989861332e-03 -7.631619589350023070e-04 -2.695443616208393397e-03 -4.097527657519745362e-03 -5.013347178389328945e-03 -5.492229353380903047e-03 -5.571392012981411616e-03 -5.297348802269919235e-03 -4.709919748425758779e-03 -3.849302466171398984e-03 -2.752025911531321735e-03 -1.456410267844701709e-03 0.000000000000000000e+00
2.875802200202092623e-02 5.576170892652113770e-02 5.862524975772886310e-02 6.133658513562624537e-02 6.379628642393002369e-02 6.592521982168303429e-02 6.758417670126798393e-02 6.877342487501873769e-02 6.938442416111458011e-02 6.937809859846086336e-02 6.871497730535527926e-02 6.741226385721765801e-02 6.562482977917108440e-02 6.333828454741415037e-02 6.063717980177178030e-02 5.759964861566083116e-02 5.434194513366764900e-02 5.080277172837413535e-02 4.738080908773250471e-02 4.387778255293676294e-02 4.032694652514317440e-02 3.676845389542504616e-02 3.327856448445544457e-02 2.984174347815692074e-02 2.644853413119253177e-02 2.320057851303954782e-02 1.987842537834255338e-02 1.662843432381391415e-02 1.341602369108692988e-02 1.014670279616961684e-02 6.937089703698932908e-03 3.096698990735932688e-02 6.542551299448613744e-02 6.984893055515524474e-02 7.409667402913898415e-02 7.798674431078038427e-02 8.136266778156017732e-02 8.396735251975154246e-02 8.578142044170269931e-02 8.660852980774201570e-02 8.637726894748566642e-02 8.518574387907762446e-02 8.289335818168172554e-02 7.985323781869038684e-02 7.616250610354496908e-02 7.195258218363739799e-02 6.743796397857837466e-02 6.268969293578398327e-02 5.785164098378192676e-02 5.313720926805279299e-02 4.843057469574334195e-02 4.389134657671505541e-02 3.950158057743203416e-02 3.530947894293536699e-02 3.115853092427834856e-02 2.714126462016223928e-02 2.310757346238361681e-02 1.919412408826931885e-02 1.523738695006204499e-02 1.116367835138559229e-02 6.868473398232949161e-03 2.200594656294813795e-03 1.411492940806517460e+01 1.566301219035486081e-01 1.417774925436505740e-01 1.277648997099954387e-01 1.144336459549137042e-01 1.017110109034230353e-01 8.958401110184076310e-02 7.807626519432182832e-02 6.723229173490237465e-02 5.710400363854320482e-02 4.773860983011350700e-02 3.917117730987729890e-02 3.142317514431056114e-02 2.449696917028692036e-02 1.838116460863242763e-02 1.305272384125450054e-02 8.480725713752124834e-03 4.626030167638704726e-03 1.448555518941870186e-03 -1.094647042342957940e-03 -3.046907249855462883e-03 -4.456871859615590785e-03 -5.367977459681010609e-03 -5.829320820541072402e-03 -5.879443414994039822e-03 -5.565639718969390796e-03 -4.929862408394311557e-03 -4.014844091269031447e-03 -2.860341684778085983e-03 -1.508183514015964954e-03 0.000000000000000000e+00
2.640649206340027477e-02 5.350899581996153981e-02 5.645345276007480984e-02 5.927371987353657196e-02 6.187585502079175070e-02 6.418688596363691934e-02 6.605354497097710997e-02 6.750480544824849494e-02 6.840833209623990718e-02 6.871497730535527926e-02 6.847630206739394043e-02 6.737770574605075891e-02 6.588502972750967523e-02 6.383495081931464532e-02 6.131613046937624267e-02 5.841122275785209234e-02 5.524110934322739447e-02 5.175469081941797000e-02 4.834466217323897530e-02 4.483318797738206768e-02 4.125309309448009498e-02 3.765132424722202747e-02 3.410796090589702373e-02 3.061487057472433645e-02 2.717347440830510108e-02 2.371445059696106195e-02 2.038727201658635177e-02 1.705693979454176584e-02 1.374991389776018813e-02 1.036713061135066498e-02 7.013884564836803809e-03 2.844086740814711842e-02 6.265321865774511889e-02 6.714378631791513563e-02 7.150513552800401296e-02 7.556483434496970297e-02 7.917703138470080781e-02 8.206323190711498072e-02 8.425090979689155157e-02 8.550618311876063971e-02 8.575617954154311773e-02 8.496470424095900476e-02 8.311750417455751605e-02 8.047537956292687145e-02 7.708482810186295664e-02 7.308161269329435661e-02 6.868962714273370296e-02 6.399847629428176421e-02 5.916594832952865729e-02 5.440648789285997683e-02 4.962822180795783272e-02 4.499847781715257677e-02 4.050102782276696761e-02 3.625582600279080026e-02 3.197211901344686885e-02 2.782374165298805158e-02 2.383007788933895130e-02 1.972357360936922294e-02 1.563719896190820732e-02 1.142717544105064341e-02 6.972689957079582050e-03 2.097384788077500273e-03 1.322772303733508892e+01 1.541215562364441904e-01 1.397694679680476781e-01 1.261733118684160715e-01 1.131870619007501050e-01 1.007492322636370508e-01 8.885563040128770240e-02 7.753666032589560941e-02 6.684188288653181154e-02 5.682730488441704170e-02 4.754396050565631165e-02 3.903081822768871695e-02 3.131314959627342492e-02 2.439789335077592602e-02 1.827797795332576983e-02 1.293477790464061562e-02 8.341327318728481918e-03 4.462137936171979916e-03 1.260530244119382201e-03 -1.303685319929989142e-03 -3.271425626519053331e-03 -4.689487775873927601e-03 -5.600196453680875847e-03 -6.051818977683883979e-03 -6.083773149298971408e-03 -5.743609857718797243e-03 -5.074984444731448982e-03 -4.122740428255100391e-03 -2.929476695678720228e-03 -1.540125425501703794e-03 0.000000000000000000e+00
2.409344962235796320e-02 5.100238823223254142e-02 5.398123986400125279e-02 5.686019171720094190e-02 5.955134202425288459e-02 6.198837007712171970e-02 6.401080052240452900e-02 6.567081734134599946e-02 6.682201998951035893e-02 6.741226385721765801e-02 6.737770574605075891e-02 6.681079949655700789e-02 6.557286874095165363e-02 6.378696444624396000e-02 6.149409888965968324e-02 5.877175367447771276e-02 5.574021879511538435e-02 5.235646355295378584e-02 4.900222746749738345e-02 4.552136053099676422e-02 4.194656255343048173e-02 3.833067296027099780e-02 3.476431746542050366e-02 3.122987774343521233e-02 2.773106555653478966e-02 2.429483015335167501e-02 2.086309928220904039e-02 1.745897975283728157e-02 1.407253389847508245e-02 1.059602748955412038e-02 7.120996276225252837e-03 2.595324993320726609e-02 5.959226569508495330e-02 6.408630185546580760e-02 6.848987882937704330e-02 7.264099411080719715e-02 7.640539028302568980e-02 7.949413135859795254e-02 8.197291933360958960e-02 8.358393125998510309e-02 8.424217277983789276e-02 8.391374018422570469e-02 8.264017593726552535e-02 8.038177462121237626e-02 7.734942279362201634e-02 7.362848476841565848e-02 6.944067542984386221e-02 6.488621045850381797e-02 6.013229047711026592e-02 5.539176584476717541e-02 5.059867703407268380e-02 4.593150595220828886e-02 4.140224377781274306e-02 3.695079554896075341e-02 3.265830943517276236e-02 2.845007680210798542e-02 2.428834369855769823e-02 2.014126402553093054e-02 1.596293207839970252e-02 1.164568609929558449e-02 7.061716307435535363e-03 2.014012425481324572e-03 1.274518925621064547e+01 1.530958106365322702e-01 1.391322233791340290e-01 1.258676978495839593e-01 1.131609841960706381e-01 1.009559015416373884e-01 8.925256443154851171e-02 7.808473067956535341e-02 6.750437396288792857e-02 5.756959990487613837e-02 4.833381166666743389e-02 3.983893523026472983e-02 3.211350480428437626e-02 2.516885763632091197e-02 1.900227689116895310e-02 1.359970896324722185e-02 8.938374467545362467e-03 4.986662475483115767e-03 1.711475384184591754e-03 -9.244700518596787051e-04 -2.959551917661873942e-03 -4.438581788296288091e-03 -5.402620999994828602e-03 -5.898924836894475429e-03 -5.967593704063051986e-03 -5.656152706894849308e-03 -5.009650520855717971e-03 -4.074661658248580030e-03 -2.896207925666343524e-03 -1.521839343469289126e-03 0.000000000000000000e+00
2.191259621953164580e-02 4.838980102697754831e-02 5.136306573467721431e-02 5.425632881591074125e-02 5.698793004219865344e-02 5.949835775455518394e-02 6.162485654004876828e-02 6.343885913490211748e-02 6.478835912500761907e-02 6.562482977917108440e-02 6.588502972750967523e-02 6.557286874095165363e-02 6.466301468840439381e-02 6.317567033963254752e-02 6.115236588655956207e-02 5.866282869696173852e-02 5.582297968440200903e-02 5.259511889565771786e-02 4.934431609619414211e-02 4.593758840265828314e-02 4.240771967533651932e-02 3.881403676402802455e-02 3.525136315259497222e-02 3.170798043352219403e-02 2.818725503649724060e-02 2.472746731664938677e-02 2.125148208235670341e-02 1.779791992299250766e-02 1.435250712529497624e-02 1.080284616802969049e-02 7.225511805135451798e-03 2.360615119540925705e-02 5.641932868274211754e-02 6.086061072428632091e-02 6.524177609625537999e-02 6.941159799127206986e-02 7.324778500665633796e-02 7.645975180975171648e-02 7.914408259433058923e-02 8.103423374590103256e-02 8.204778944477360281e-02 8.215039497683133962e-02 8.127854056090767776e-02 7.948947894327736130e-02 7.686527812776131063e-02 7.349773686264664263e-02 6.959591900984969659e-02 6.526142212513362517e-02 6.066419924269084163e-02 5.600975432470758214e-02 5.125802961223049209e-02 4.659420503224583066e-02 4.203754339704839083e-02 3.758502900982048367e-02 3.322577629493821821e-02 2.895781473869212322e-02 2.472126407165608011e-02 2.050628716134215990e-02 1.624835368123234494e-02 1.184059895826252047e-02 7.147076861785136778e-03 1.950910071081390484e-03 1.183229538714435414e+01 1.493588960043382430e-01 1.360235046283387317e-01 1.233118552304337812e-01 1.110922016089019720e-01 9.931624191357127374e-02 8.798965914961923152e-02 7.714996601977865132e-02 6.685143978178562096e-02 5.715387479544493249e-02 4.811255723169637760e-02 3.977196941907961553e-02 3.216363452248625215e-02 2.530329423170688680e-02 1.919274749867814003e-02 1.382283729163680426e-02 9.175399748244264173e-03 5.223221133631473188e-03 1.937309323688760380e-03 -7.161683168620934124e-04 -2.772521568657313092e-03 -4.274035714686269180e-03 -5.259966582623243521e-03 -5.776032470465637322e-03 -5.862577934377398263e-03 -5.566580141086213684e-03 -4.934033419056522117e-03 -4.012807729479202917e-03 -2.849959328766191787e-03 -1.495279319768503959e-03 0.000000000000000000e+00
1.984530957854351019e-02 4.566794974857726203e-02 4.859949863856093816e-02 5.146706520714540434e-02 5.419508829743705652e-02 5.673098094538665814e-02 5.890683402286407688e-02 6.082098125673748162e-02 6.231214800049331842e-02 6.333828454741415037e-02 6.383495081931464532e-02 6.378696444624396000e-02 6.317567033963254752e-02 6.199758380923867107e-02 6.027574911409835229e-02 5.806568162683503620e-02 5.547176865904555193e-02 5.245729509627952702e-02 4.936380874285556386e-02 4.608174582058204016e-02 4.264350259455161607e-02 3.911386300339745464e-02 3.559300855094592320e-02 3.207350555380349133e-02 2.856120909422847284e-02 2.509849644663126114e-02 2.160614377504521677e-02 1.812656939218958499e-02 1.464418321807500929e-02 1.104531363117588344e-02 7.390067208688196228e-03 2.137787267058557927e-02 5.313362046973080927e-02 5.747436897981477583e-02 6.177817390450660029e-02 6.590437796988241059e-02 6.974331500904257242e-02 7.299370655662730523e-02 7.580475574981622444e-02 7.788966610943617863e-02 7.917680295817014491e-02 7.962778650588313301e-02 7.915148985121628344e-02 7.779165211501308519e-02 7.560588666387325907e-02 7.265420701237974843e-02 6.912272330956911737e-02 6.509872813535390323e-02 6.074874427251946568e-02 5.626238126752686891e-02 5.162652663393152430e-02 4.703053979575098908e-02 4.250579034577686710e-02 3.806635751493359782e-02 3.369137852896269408e-02 2.939546770003396287e-02 2.511773858641224225e-02 2.085458259561621605e-02 1.653860341458998628e-02 1.206244927250036889e-02 7.284139050152714685e-03 1.969688380969642372e-03 1.067253005179953540e+01 1.437276370054632879e-01 1.311744563551083542e-01 1.191622113722591997e-01 1.075711293142505992e-01 9.636180225601322091e-02 8.554562421741633560e-02 7.516346959965194974e-02 6.527122422075697095e-02 5.592951500651510005e-02 4.719464576561314267e-02 3.911291503245197670e-02 3.171823096787974167e-02 2.503038993596455597e-02 1.905551752051441380e-02 1.378932905302448358e-02 9.218378990523459424e-03 5.320073106946696974e-03 2.069794277289726137e-03 -5.625007819227272618e-04 -2.608680793394132450e-03 -4.108081049894053705e-03 -5.097660185150048456e-03 -5.621107794765951154e-03 -5.718527084943212345e-03 -5.435777327989425693e-03 -4.819247321950453737e-03 -3.917523576923602653e-03 -2.779119893606266274e-03 -1.455474120781788871e-03 0.000000000000000000e+00
1.790284583028518492e-02 4.288406506824221642e-02 4.574353491162633928e-02 4.855139266985671748e-02 5.123770786086529611e-02 5.375571067387382995e-02 5.593916176525779577e-02 5.789986810496195596e-02 5.947773120742915615e-02 6.063717980177178030e-02 6.131613046937624267e-02 6.149409888965968324e-02 6.115236588655956207e-02 6.027574911409835229e-02 5.887237365308016501e-02 5.697582058071638117e-02 5.467597246393361005e-02 5.192972320439673273e-02 4.904711567220934598e-02 4.594250251229595877e-02 4.264626918322619864e-02 3.922673168186169290e-02 3.578899522974026554e-02 3.232996420737071358e-02 2.885890198375365076e-02 2.542032193057293041e-02 2.193909078618454939e-02 1.845804598257969054e-02 1.496132321589747557e-02 1.133847833594716498e-02 7.630662759993667686e-03 1.928209547138380608e-02 4.979504705881326182e-02 5.399658200465117658e-02 5.817773147392083649e-02 6.220750290486638107e-02 6.598656703492744580e-02 6.921861558945920090e-02 7.207428468013959977e-02 7.427050275164043258e-02 7.574583019812539120e-02 7.646179637526025197e-02 7.632051056057036209e-02 7.535398823848071803e-02 7.360428289911372102e-02 7.110490687182012548e-02 6.801275752077966252e-02 6.437781518954760474e-02 6.036266627577622362e-02 5.612645780562614678e-02 5.168582815845519651e-02 4.722811845105599760e-02 4.279716848168381438e-02 3.841789599618561368e-02 3.407290717638784133e-02 2.978535718671512442e-02 2.549937703640790115e-02 2.121340042271030457e-02 1.686338529656033342e-02 1.234248102201755681e-02 7.505309540551043102e-03 2.103738398277750585e-03 9.194026273487429179e+00 1.356851829397238418e-01 1.241163317497733093e-01 1.129934947878395990e-01 1.022125440287991460e-01 9.174474918969302562e-02 8.160781835182939759e-02 7.184585202604436283e-02 6.251577066286798101e-02 5.367821211283081012e-02 4.538960981345574464e-02 3.769728394260814935e-02 3.063685380596853358e-02 2.423173616329154373e-02 1.849213628362344694e-02 1.341858992086629974e-02 9.002481774176592302e-03 5.226118875682901274e-03 2.069618325634096576e-03 -4.928003978811450756e-04 -2.489049092447928775e-03 -3.954934310836059376e-03 -4.924469458996434505e-03 -5.438683659522944649e-03 -5.536817590896257572e-03 -5.262933208984594408e-03 -4.663165196156691082e-03 -3.786158870179065494e-03 -2.681244277029560478e-03 -1.400869497026780526e-03 0.000000000000000000e+00
1.606710313700082313e-02 4.005357901304176099e-02 4.281717485525184802e-02 4.553869953976478341e-02 4.815344998312913460e-02 5.061987453389964198e-02 5.277300271731873854e-02 5.473815471802839089e-02 5.635633356713963538e-02 5.759964861566083116e-02 5.841122275785209234e-02 5.877175367447771276e-02 5.866282869696173852e-02 5.806568162683503620e-02 5.697582058071638117e-02 5.541895014229158284e-02 5.344481612459150294e-02 5.101408541010138409e-02 4.839112468326018518e-02 4.551750487941562395e-02 4.241724443642900383e-02 3.915864640069843111e-02 3.585026714222407096e-02 3.249317307549633854e-02 2.910041680836862599e-02 2.571782037243619534e-02 2.227782412611161930e-02 1.882234205932822868e-02 1.533550958957412627e-02 1.171640284158825471e-02 7.982795658768386191e-03 1.729737586700309110e-02 4.642319974193420684e-02 5.045640197918867947e-02 5.448083098834154148e-02 5.837444113497954057e-02 6.204727863832424500e-02 6.520611392797487360e-02 6.804518220019796504e-02 7.028362095252586872e-02 7.187300399502770387e-02 7.277880369362944857e-02 7.290897669058625519e-02 7.228776701068150012e-02 7.095174634653345080e-02 6.891590216073507913e-02 6.627328529374444666e-02 6.309346884738879779e-02 5.949410543952653868e-02 5.558387486190020238e-02 5.142152729004036138e-02 4.717957956378985435e-02 4.291266048124156574e-02 3.865317950884036152e-02 3.439139434392079336e-02 3.015647362681014854e-02 2.590080694107804379e-02 2.162355825095225656e-02 1.726792308797176628e-02 1.272914113637143609e-02 7.861548126708278739e-03 2.405636761726227292e-03 7.394005965881809139e+00 1.250769046591994060e-01 1.146941127665826593e-01 1.046508214049555879e-01 9.486293578419612016e-02 8.531466851225906478e-02 7.603084776243795861e-02 6.705865092085960821e-02 5.845526403128150500e-02 5.028019461982040361e-02 4.258871606843277896e-02 3.542793220999121417e-02 2.883406081879728855e-02 2.283329445143194442e-02 1.743934185128036621e-02 1.265726405044439139e-02 8.483230688036160622e-03 4.904668715003632738e-03 1.906790652658466338e-03 -5.313806780998496255e-04 -2.433190704648403868e-03 -3.830220409472858897e-03 -4.752770329874702986e-03 -5.238462500292189773e-03 -5.324946867466060461e-03 -5.053721291652980147e-03 -4.469938670257063082e-03 -3.621582707729815651e-03 -2.558105893025819713e-03 -1.332291781571913079e-03 0.000000000000000000e+00
1.436784303515831716e-02 3.723941663013506653e-02 3.988839969634003918e-02 4.250260475721628906e-02 4.502220265864088217e-02 4.741015324831455990e-02 4.950318585393961163e-02 5.143799919148992622e-02 5.305758053408550501e-02 5.434194513366764900e-02 5.524110934322739447e-02 5.574021879511538435e-02 5.582297968440200903e-02 5.547176865904555193e-02 5.467597246393361005e-02 5.344481612459150294e-02 5.181363097284259756e-02 4.973273169678548572e-02 4.739979767823618295e-02 4.480531081558502410e-02 4.195373768611859733e-02 3.890752458973072148e-02 3.577613093330957172e-02 3.256412792438056342e-02 2.928826874213343728e-02 2.599509284748942675e-02 2.262695938435951848e-02 1.922418061369525477e-02 1.577037246234412257e-02 1.218308699184868574e-02 8.448930362924583076e-03 1.545941453445410715e-02 4.308560243335252116e-02 4.692943724374989273e-02 5.077228739471718183e-02 5.450058058428682711e-02 5.803254994276894896e-02 6.107844362258678383e-02 6.385265534981286739e-02 6.607773591311147388e-02 6.771884832776457752e-02 6.874752345624046690e-02 6.908468399045793185e-02 6.875114465301067346e-02 6.778182361255181976e-02 6.617526700873432866e-02 6.400465957908058057e-02 6.129736553314676928e-02 5.818578123755774323e-02 5.464339223579803284e-02 5.083614880579261086e-02 4.688618889349898539e-02 4.285551576716681993e-02 3.878012176255746235e-02 3.465849368961848587e-02 3.052425267755467728e-02 2.633998039874040076e-02 2.210509008049889659e-02 1.777287736934953649e-02 1.324229444015458806e-02 8.370896855530590014e-03 2.889857231357082380e-03 5.229889616729623825e+00 1.116204394847065545e-01 1.026336681826317820e-01 9.386724043963458330e-02 8.526284574596662558e-02 7.682071591044409287e-02 6.857391728508351048e-02 6.057255314606537627e-02 5.287311190785286968e-02 4.553254153484005001e-02 3.860333486094885691e-02 3.213078056394477050e-02 2.615023188576778845e-02 2.068949375181751774e-02 1.576494792862274258e-02 1.138571045868896556e-02 7.552589690439511297e-03 4.258330721904832195e-03 1.493640159476067189e-03 -7.570254576950810914e-04 -2.511720662791497305e-03 -3.796968685429587612e-03 -4.638452702575023706e-03 -5.069503982540170262e-03 -5.125325562305653448e-03 -4.843965257459063173e-03 -4.268748616710151857e-03 -3.446170735518079304e-03 -2.425011449025597440e-03 -1.257619507314527811e-03 0.000000000000000000e+00
