6.575964589340334288e-02 4.709302483344641327e-02 4.507154816350619070e-02 4.296520882279777909e-02 4.073770885155247184e-02 3.841399150918763106e-02 3.601143714807224228e-02 3.358383377827871275e-02 3.116908634375866599e-02 2.875802200202092623e-02 2.640649206340027477e-02 2.409344962235796320e-02 2.191259621953164580e-02 1.984530957854351019e-02 1.790284583028518492e-02 1.606710313700082313e-02 1.436784303515831716e-02 1.270192881629951878e-02 1.135347618933856342e-02 1.001558989254143668e-02 8.771877834811210584e-03 7.703611590328672196e-03 6.708146489626143349e-03 5.807986757581014639e-03 4.993157702271981691e-03 4.281409210944151812e-03 3.614506418916883790e-03 3.027492727571943348e-03 2.548954419395691329e-03 2.047842854264281080e-03 1.840335288589555699e-03 7.042317535677108942e-02 5.605281142096564528e-02 5.389030185745855711e-02 5.150013469830037188e-02 4.883820652978141524e-02 4.595350184127756921e-02 4.286958715749610016e-02 3.971361259024661777e-02 3.654022778112027414e-02 3.333552319954879301e-02 3.023025412019968508e-02 2.717617274616160664e-02 2.428133722404050149e-02 2.157138936522296629e-02 1.904007331019240759e-02 1.674123350547274472e-02 1.456524376951490347e-02 1.249553397067417262e-02 1.081194179521276916e-02 9.214181619787962380e-03 7.800862175454345050e-03 6.489986554445998333e-03 5.372659328928422809e-03 4.356587664995594487e-03 3.488303512710047918e-03 2.721276102058100155e-03 2.085613928968828561e-03 1.529238489057076992e-03 1.054985119871782026e-03 6.608291370969145888e-04 4.475064980707389164e-04 2.996767843407803348e-04 2.140321661239445727e-03 1.652363125096122098e-02 4.992798493283356551e-03 2.818140341486959598e-03 7.886451381662159177e-04 9.095805951076773102e-03 4.125241215122529281e-01 -5.579145205387549961e-02 6.975038107858357039e-03 -3.705962555379850587e-02 2.915926787256430397e-01 1.368857278860923649e-02 -2.547527538712203487e-04 1.293800336276875948e-02 -3.152999162773371684e-03 -2.478330055069779408e-03 1.039583892514067383e-03 -2.436530522740912308e-03 -1.007676368615421708e-03 3.853371391316146228e-04 -1.722803927641381643e-03 -1.313311554124924714e-03 7.817739640630142449e-04 -8.182291381503526209e-03 3.028638999178444573e-04 2.351132117520687761e-03 -2.296997661117970539e-03 2.470759069690277657e-02 -1.230250889573665796e-01 4.830100165674770796e-02
4.709302483344641327e-02 6.133392616278907777e-02 6.194980242719904523e-02 6.225220017781620679e-02 6.215307678553196741e-02 6.166187870449701958e-02 6.067652502265881431e-02 5.939047535472838368e-02 5.773676878326415574e-02 5.576170892652113770e-02 5.350899581996153981e-02 5.100238823223254142e-02 4.838980102697754831e-02 4.566794974857726203e-02 4.288406506824221642e-02 4.005357901304176099e-02 3.723941663013506653e-02 3.437524935352044564e-02 3.168957795949803313e-02 2.904789297164037803e-02 2.644354584136284284e-02 2.391248158498280110e-02 2.147095732479830515e-02 1.911226893462915008e-02 1.682914269050794429e-02 1.467758226366652069e-02 1.253729852584503646e-02 1.049051708407090951e-02 8.525040552561150703e-03 6.614237645320569792e-03 4.929441426391736707e-03 5.055780261612270732e-02 7.263777749574615306e-02 7.408408444712409613e-02 7.501692187874103857e-02 7.529393813358424559e-02 7.492040861382956440e-02 7.372892117460644323e-02 7.203357277162397709e-02 6.973209233492834447e-02 6.690620431486445086e-02 6.371928519552773340e-02 6.013679041969192951e-02 5.640275545278001373e-02 5.259509442302109927e-02 4.876143402399842064e-02 4.500996649131158711e-02 4.127396775292963699e-02 3.762680429628921519e-02 3.418849581018246209e-02 3.084276406332121800e-02 2.767175946326305702e-02 2.462502343327648349e-02 2.175513943383374296e-02 1.894521711289546065e-02 1.626707364120428406e-02 1.363647959168634051e-02 1.114000695498477272e-02 8.682153344078688897e-03 6.240058755338957763e-03 3.793301902349710802e-03 1.362822771541364946e-03 1.438580310196624151e-04 1.976672688708760658e-03 3.721116781681197208e-03 7.807018629992439930e-03 6.603344368403422926e-03 8.167767015158229962e-03 1.174600418580378294e-02 2.611494540378081486e-01 -3.081626132429288872e-02 7.555755538288377350e-03 3.226176541302627071e-02 1.020718816989077543e-01 1.604020447225658341e-02 1.364939351914300041e-02 1.495526494242436534e-02 1.282396008949880477e-02 1.076694368770657502e-02 1.193011098996522336e-02 6.085473210359166815e-03 9.696254230751768025e-03 9.157665080491487336e-03 6.628505853468259421e-03 6.947799030671907884e-03 4.849613042076925291e-03 -4.593246146163423860e-03 3.535590969653312418e-03 8.021054572305195973e-03 -1.475944511943060077e-04 2.480814870524012533e-02 -1.076543110888428800e-01 1.118536232190150623e-03
4.507154816350619070e-02 6.194980242719904523e-02 6.297819354433221994e-02 6.361814491935186000e-02 6.386358005647163605e-02 6.369515393372192358e-02 6.298276676848406364e-02 6.193616576735811591e-02 6.046747222538744609e-02 5.862524975772886310e-02 5.645345276007480984e-02 5.398123986400125279e-02 5.136306573467721431e-02 4.859949863856093816e-02 4.574353491162633928e-02 4.281717485525184802e-02 3.988839969634003918e-02 3.687392772914203226e-02 3.406979733322294118e-02 3.128323748629958934e-02 2.852138968441467540e-02 2.583247383551419071e-02 2.323013911593270822e-02 2.070807148829726177e-02 1.825916892928048513e-02 1.594199491037492228e-02 1.363121318029123820e-02 1.141204520948055183e-02 9.270464602575851157e-03 7.175325731262653488e-03 5.291470820592227356e-03 4.840709303070050984e-02 7.334571401225137288e-02 7.536683682097834736e-02 7.677735070336778878e-02 7.754527188659700310e-02 7.763001006151469541e-02 7.681751172008430273e-02 7.544321511880090758e-02 7.337163930390233624e-02 7.068932067808469943e-02 6.756629311064527021e-02 6.397497009878327923e-02 6.017674231118325112e-02 5.625959681048935124e-02 5.228231623149030838e-02 4.836292954003467565e-02 4.444515157557998170e-02 4.059655770028392646e-02 3.698239623651002755e-02 3.343980187351305866e-02 3.007193388158319047e-02 2.683490202747824266e-02 2.377362340978518909e-02 2.076933202332789316e-02 1.789446082290534201e-02 1.506060902688114572e-02 1.235559472516803252e-02 9.679701550172637239e-03 7.004546561145515854e-03 4.301596012349751842e-03 1.574279789701164963e-03 1.256736554823864691e-04 1.866305383044074284e-03 3.671161773594866593e-03 8.053968273125591479e-03 7.035175325472782688e-03 9.026206671101820109e-03 1.261602412137320141e-02 2.770530279887276626e-01 -2.867526367138877041e-02 9.195279305250882509e-03 3.998802472669778230e-02 1.074174006022461936e-01 1.699484349409897260e-02 1.527762588195187565e-02 1.484533727095117134e-02 1.460354938432132169e-02 1.245662820336339120e-02 1.340856268302739740e-02 7.493018935302081171e-03 1.113899279824623334e-02 1.043672137460746087e-02 7.896350204727250674e-03 8.295778574130413530e-03 6.120612312291516532e-03 -3.403041962221734461e-03 4.267930719427454750e-03 8.620468433067155975e-03 4.567719486615838260e-04 2.456732572446175197e-02 -1.052525719518139363e-01 -3.117116445836587771e-03
4.296520882279777909e-02 6.225220017781620679e-02 6.361814491935186000e-02 6.464213377690156137e-02 6.525821266864523240e-02 6.544486591703517486e-02 6.503317851704119856e-02 6.426342597796565193e-02 6.301431328445038227e-02 6.133658513562624537e-02 5.927371987353657196e-02 5.686019171720094190e-02 5.425632881591074125e-02 5.146706520714540434e-02 4.855139266985671748e-02 4.553869953976478341e-02 4.250260475721628906e-02 3.935273715620785095e-02 3.642379478559026884e-02 3.349448855228032151e-02 3.058864613394169513e-02 2.773817520894395622e-02 2.497642890391799445e-02 2.229252173234761228e-02 1.967917662272637702e-02 1.719716827091040401e-02 1.471637845500211629e-02 1.232462677711381079e-02 1.000632337153923093e-02 7.723760437704615262e-03 5.635964463452397370e-03 4.616316077024167075e-02 7.366189115258962861e-02 7.614860636595432997e-02 7.810373609106839587e-02 7.940474734505220678e-02 8.000077963141342952e-02 7.961296569116985133e-02 7.861930772600736472e-02 7.683064610457883414e-02 7.433794197640090917e-02 7.131662793403395484e-02 6.774660413084071520e-02 6.390637427102720258e-02 5.989504738731001726e-02 5.578375056283276651e-02 5.170188119789759229e-02 4.760570253121976930e-02 4.356482973415205795e-02 3.976588665264388367e-02 3.602748889270417781e-02 3.246565461266679581e-02 2.903918035504951881e-02 2.578850274398507281e-02 2.259259809147183898e-02 1.952386424207680146e-02 1.648967699187131250e-02 1.357836431457565447e-02 1.068586181012188760e-02 7.777762135974941073e-03 4.816194738782977706e-03 1.785368080729840415e-03 1.184310518497569149e-04 1.717455034959900536e-03 4.069907576773344575e-03 8.245178091030046924e-03 7.356477833713741428e-03 9.743744184692834306e-03 1.347071190895723046e-02 2.965401097148168130e-01 -2.667116806225270503e-02 1.074453959272623702e-02 4.772400035837582460e-02 1.156571303086193492e-01 1.792203997512840236e-02 1.683728147937980577e-02 1.465974786329206705e-02 1.631472687232442265e-02 1.411444673385380336e-02 1.484917381042458011e-02 8.942474441935379520e-03 1.254692073850162577e-02 1.169639236002449276e-02 9.153242246815355282e-03 9.668702908913022476e-03 7.534089792049701757e-03 -2.070513417328520220e-03 4.992419992167114635e-03 9.116301809838339015e-03 1.066426310032314801e-03 2.414715707436900297e-02 -1.025758990695366107e-01 -7.150318892481637330e-03
4.073770885155247184e-02 6.215307678553196741e-02 6.386358005647163605e-02 6.525821266864523240e-02 6.625324405306921849e-02 6.681988152017200033e-02 6.671918643207282174e-02 6.626610927259884987e-02 6.527359312231077737e-02 6.379628642393002369e-02 6.187585502079175070e-02 5.955134202425288459e-02 5.698793004219865344e-02 5.419508829743705652e-02 5.123770786086529611e-02 4.815344998312913460e-02 4.502220265864088217e-02 4.175149800224932373e-02 3.870170136365296693e-02 3.563786087669881114e-02 3.259082721913737074e-02 2.958767701180583728e-02 2.667288703584986057e-02 2.383305092389785898e-02 2.106079318265416736e-02 1.841888475715304507e-02 1.577263806253116629e-02 1.321216453542777350e-02 1.072047838686134708e-02 8.251892854587997844e-03 5.960020523400728042e-03 4.378759983907203751e-02 7.348526756619783162e-02 7.644300161102150770e-02 7.892254048321319104e-02 8.077036712495160031e-02 8.191828432127523651e-02 8.197385182013246230e-02 8.142500721456473467e-02 7.997722557124803400e-02 7.772793620085123589e-02 7.485540087418794675e-02 7.134625012048038950e-02 6.749509157827597583e-02 6.341262236529818241e-02 5.918316691688953884e-02 5.494912874089857152e-02 5.068152237126479637e-02 4.645651958119913216e-02 4.247153124202872332e-02 3.854061454005063003e-02 3.478819650049552042e-02 3.117632168674569493e-02 2.774096114878663727e-02 2.435912301719399958e-02 2.110269532220166236e-02 1.787473368380642497e-02 1.476356629024658251e-02 1.166049555031834634e-02 8.524744299553502561e-03 5.308284094877919676e-03 1.974895006613756367e-03 1.097086458976498455e-04 1.555651068860140155e-03 4.798915745772267677e-03 8.394608507908346909e-03 7.565560908724957949e-03 1.019172458164453038e-02 1.443998014522224552e-02 3.189811859420940698e-01 -2.472708945016440646e-02 1.230505513787084546e-02 5.541852883776059169e-02 1.259388385459684068e-01 1.891079803329557066e-02 1.842818884055530057e-02 1.457130092576897767e-02 1.807164849867113829e-02 1.587537923755059574e-02 1.637243495426380160e-02 1.055469544911220858e-02 1.405815566147384718e-02 1.308002117491449158e-02 1.054533635673808936e-02 1.123111175747905366e-02 9.211503707061620416e-03 -4.503727423567307109e-04 5.886031591764739543e-03 9.712653329262702084e-03 1.871298251907859778e-03 2.376693492121977058e-02 -9.942308079616354877e-02 -1.067757222286948304e-02
3.841399150918763106e-02 6.166187870449701958e-02 6.369515393372192358e-02 6.544486591703517486e-02 6.681988152017200033e-02 6.781322299074797610e-02 6.792004334992127190e-02 6.785367119280974468e-02 6.716078632997077302e-02 6.592521982168303429e-02 6.418688596363691934e-02 6.198837007712171970e-02 5.949835775455518394e-02 5.673098094538665814e-02 5.375571067387382995e-02 5.061987453389964198e-02 4.741015324831455990e-02 4.403544410050624219e-02 4.087394666933016896e-02 3.768623146262173318e-02 3.450647045373796129e-02 3.136026090598589833e-02 2.830085356621269213e-02 2.531303314520609235e-02 2.238932950046969295e-02 1.959441313737973409e-02 1.678897174323625355e-02 1.406531762048525598e-02 1.140510167941663315e-02 8.753722184834965281e-03 6.259154592110154590e-03 4.130594556172292181e-02 7.283298045825783995e-02 7.622574621934632977e-02 7.920361084349777925e-02 8.159867379514594565e-02 8.337055907034859881e-02 8.371369166299426345e-02 8.372206856851284462e-02 8.268500780294596453e-02 8.074466610517617993e-02 7.808122263115929718e-02 7.468618225049135362e-02 7.086849998567629205e-02 6.675008665839780864e-02 6.242850115571639547e-02 5.806086320272960816e-02 5.363519362371505644e-02 4.923748425675911200e-02 4.507078024557047841e-02 4.095320216776140304e-02 3.701593734217944326e-02 3.322406033504509554e-02 2.961017497416434593e-02 2.604933112656260263e-02 2.261268955915762477e-02 1.919875656992809168e-02 1.589583043964546555e-02 1.258994355916566443e-02 9.233794911974395336e-03 5.768492503275957431e-03 2.136775467215992503e-03 1.022111333643217301e-04 1.361065565962789499e-03 5.606860952907502874e-03 8.408309876311439307e-03 7.453952582408343575e-03 8.909627240152038705e-03 1.592843806256684369e-02 3.442651280645483425e-01 -2.275294060429642121e-02 1.392005893557542347e-02 6.302818468583976097e-02 1.374649857115666229e-01 1.998203882030558098e-02 2.006764017618439463e-02 1.465414448693164694e-02 1.988967323672746410e-02 1.778144966194335902e-02 1.798609652799078307e-02 1.234075395423504806e-02 1.569765158549741094e-02 1.461545852757267783e-02 1.210224323941366115e-02 1.303693369103551408e-02 1.113418796563115168e-02 1.487912802887929407e-03 7.010534264250647095e-03 1.051717516759064983e-02 2.955183195962075241e-03 2.355743982536187553e-02 -9.565657953863346274e-02 -1.350214940007943287e-02
3.601143714807224228e-02 6.067652502265881431e-02 6.298276676848406364e-02 6.503317851704119856e-02 6.671918643207282174e-02 6.792004334992127190e-02 6.885192866482524321e-02 6.897446183997801850e-02 6.856364491836072772e-02 6.758417670126798393e-02 6.605354497097710997e-02 6.401080052240452900e-02 6.162485654004876828e-02 5.890683402286407688e-02 5.593916176525779577e-02 5.277300271731873854e-02 4.950318585393961163e-02 4.604299521569789333e-02 4.278239179936808162e-02 3.948473705676474460e-02 3.618507472395374874e-02 3.291007965691368498e-02 2.972014366153526502e-02 2.659885953593512861e-02 2.353865262490872565e-02 2.060634158752343986e-02 1.765715023380727208e-02 1.478599258449526770e-02 1.197287024744420406e-02 9.153104162902775051e-03 6.469565221125182439e-03 3.873872628813444796e-02 7.156029193100625629e-02 7.531214515138137666e-02 7.870407171219299947e-02 8.153959827659210124e-02 8.360040086038510176e-02 8.519484135439440997e-02 8.545221588160573090e-02 8.480454860632949399e-02 8.320124107675296032e-02 8.079075012516466481e-02 7.755666651937691281e-02 7.381658756599086824e-02 6.969841564826252667e-02 6.531457559668568669e-02 6.083579854506700885e-02 5.626941503651846505e-02 5.171375851115039141e-02 4.737489800864425060e-02 4.308128244881877927e-02 3.897033578482959199e-02 3.501016947538049956e-02 3.123139389236348137e-02 2.750682601880464692e-02 2.390702299713009724e-02 2.032523604631159345e-02 1.685073115161337537e-02 1.336267393862299209e-02 9.807260069116249118e-03 6.114073735281027287e-03 2.201938741419420722e-03 9.179334949995554050e-05 1.308785251524528445e-03 6.611125841146694646e-03 8.799198380435330202e-03 8.049181593675234711e-03 1.582302750363641028e-02 1.489379550444079950e-02 3.718179586719941310e-01 -2.158570290403529629e-02 1.485388890827411996e-02 7.002327563787695552e-02 1.492000539373599388e-01 2.065928784884825398e-02 2.130228201609263294e-02 1.449812798017047037e-02 2.133912695848904154e-02 1.943754653130779983e-02 1.924091497999720624e-02 1.386302485775835723e-02 1.701782611342904719e-02 1.583877158047904826e-02 1.333880080945240923e-02 1.460498026987382646e-02 1.270011875489035318e-02 3.167418456904933562e-03 7.750492865483194979e-03 1.090734304308297806e-02 3.586889473265177705e-03 2.273852881747097723e-02 -9.211395539364609919e-02 -1.670105762391981691e-02
3.358383377827871275e-02 5.939047535472838368e-02 6.193616576735811591e-02 6.426342597796565193e-02 6.626610927259884987e-02 6.785367119280974468e-02 6.897446183997801850e-02 6.950695003882385870e-02 6.944128433359950114e-02 6.877342487501873769e-02 6.750480544824849494e-02 6.567081734134599946e-02 6.343885913490211748e-02 6.082098125673748162e-02 5.789986810496195596e-02 5.473815471802839089e-02 5.143799919148992622e-02 4.791938845822972526e-02 4.457952572666169094e-02 4.118997030470303300e-02 3.778555207963846946e-02 3.439605985931074722e-02 3.108782081495100810e-02 2.784393805192874119e-02 2.465676423320227462e-02 2.159626064447235649e-02 1.851008576124997529e-02 1.549746804693857491e-02 1.253629881227510783e-02 9.552014200624108636e-03 6.680237131020548037e-03 3.613828829657458191e-02 6.993994542728126929e-02 7.399669035073869194e-02 7.776187830648836896e-02 8.104228729554641131e-02 8.366440538131196536e-02 8.551051577775019286e-02 8.637321983350888799e-02 8.621872929584971368e-02 8.504628153978623095e-02 8.298088079778746795e-02 7.999479813870144507e-02 7.641224656128901838e-02 7.236491324113571155e-02 6.797509633598479428e-02 6.342998072325928272e-02 5.875771405075885800e-02 5.407101404728348326e-02 4.957846219805023269e-02 4.512351183794387904e-02 4.085027338982932105e-02 3.673053104309740441e-02 3.279528659357529990e-02 2.891409939814887017e-02 2.515828953068498935e-02 2.141439143165017878e-02 1.777647026554904711e-02 1.411313287392499186e-02 1.036531889440150782e-02 6.450740473189690502e-03 2.265471762376436091e-03 8.853322533312256394e-05 1.143194689500135960e-03 7.216222663014010448e-03 8.703893774489514928e-03 7.103428026323412373e-03 1.443411426094284508e-02 1.638831410859041549e-02 4.025175205006537027e-01 -1.986900738533808886e-02 1.613188000244612785e-02 7.700136723938764971e-02 1.607514516776624713e-01 2.166007607889746528e-02 2.278627054113609510e-02 1.483829649331008110e-02 2.302724981298767681e-02 2.145487623462141377e-02 2.077198104219513813e-02 1.577176077404288460e-02 1.867951027756306615e-02 1.744708394619302536e-02 1.499160026454947683e-02 1.670326524190912654e-02 1.470826935226470650e-02 5.511469664210150166e-03 9.097537553861565277e-03 1.200783071869998206e-02 4.995244053860174380e-03 2.275634509143058259e-02 -8.730194361091676847e-02 -1.834814675423592986e-02
3.116908634375866599e-02 5.773676878326415574e-02 6.046747222538744609e-02 6.301431328445038227e-02 6.527359312231077737e-02 6.716078632997077302e-02 6.856364491836072772e-02 6.944128433359950114e-02 6.973607594086592143e-02 6.938442416111458011e-02 6.840833209623990718e-02 6.682201998951035893e-02 6.478835912500761907e-02 6.231214800049331842e-02 5.947773120742915615e-02 5.635633356713963538e-02 5.305758053408550501e-02 4.951020897861843628e-02 4.611420328216762204e-02 4.265427842158098226e-02 3.916441736413687341e-02 3.567905102365974412e-02 3.226971444504891234e-02 2.891973206164091814e-02 2.562124446216941520e-02 2.245106900597397190e-02 1.924108643947989097e-02 1.610157825498764392e-02 1.300644596090434930e-02 9.871214831317125932e-03 6.822997841153655325e-03 3.355773872215405546e-02 6.787365437345961594e-02 7.215278312423460683e-02 7.620178576308379859e-02 7.983140280296148472e-02 8.287661805280960303e-02 8.512313986546822531e-02 8.648735503992575901e-02 8.686084419701037285e-02 8.613098338188919512e-02 8.447121249245702346e-02 8.180163908289372898e-02 7.844997227591889166e-02 7.454115218787911445e-02 7.020460713821856380e-02 6.564239239526484249e-02 6.090441129586562224e-02 5.611895505922365190e-02 5.149701976268882680e-02 4.690094312509322794e-02 4.248219349087183072e-02 3.821718585033728049e-02 3.414098330059425757e-02 3.011651325561468667e-02 2.621931553749020163e-02 2.232273438820223110e-02 1.854386980355682973e-02 1.472253147190422974e-02 1.080125278711325035e-02 6.685731918011431074e-03 2.248441359052234887e-03 8.339888867283100533e-05 1.065905398491727701e-03 7.736279091670262946e-03 8.826389488175087616e-03 1.135636801503417566e-02 1.447483834136966546e-02 1.722641135085756572e-02 4.358434183564493525e-01 -1.849162741697207846e-02 1.714883882270740872e-02 8.334665547558944843e-02 1.711777359721991798e-01 2.246017254556399376e-02 2.401257475143912107e-02 1.518878064079641314e-02 2.447035453965248908e-02 2.335620832899631266e-02 2.209225519625970455e-02 1.759692327141907861e-02 2.018747294849213003e-02 1.892990179771909809e-02 1.652985471608656512e-02 1.878470303386559417e-02 1.654383362187154469e-02 7.909673873274456965e-03 1.037818706750525538e-02 1.311887584955289017e-02 6.389763007596770995e-03 2.277335227969951026e-02 -8.213627423519206938e-02 -1.964554725609675076e-02
2.875802200202092623e-02 5.576170892652113770e-02 5.862524975772886310e-02 6.133658513562624537e-02 6.379628642393002369e-02 6.592521982168303429e-02 6.758417670126798393e-02 6.877342487501873769e-02 6.938442416111458011e-02 6.937809859846086336e-02 6.871497730535527926e-02 6.741226385721765801e-02 6.562482977917108440e-02 6.333828454741415037e-02 6.063717980177178030e-02 5.759964861566083116e-02 5.434194513366764900e-02 5.080277172837413535e-02 4.738080908773250471e-02 4.387778255293676294e-02 4.032694652514317440e-02 3.676845389542504616e-02 3.327856448445544457e-02 2.984174347815692074e-02 2.644853413119253177e-02 2.320057851303954782e-02 1.987842537834255338e-02 1.662843432381391415e-02 1.341602369108692988e-02 1.014670279616961684e-02 6.937089703698932908e-03 3.096698990735932688e-02 6.542551299448613744e-02 6.984893055515524474e-02 7.409667402913898415e-02 7.798674431078038427e-02 8.136266778156017732e-02 8.396735251975154246e-02 8.578142044170269931e-02 8.660852980774201570e-02 8.637726894748566642e-02 8.518574387907762446e-02 8.289335818168172554e-02 7.985323781869038684e-02 7.616250610354496908e-02 7.195258218363739799e-02 6.743796397857837466e-02 6.268969293578398327e-02 5.785164098378192676e-02 5.313720926805279299e-02 4.843057469574334195e-02 4.389134657671505541e-02 3.950158057743203416e-02 3.530947894293536699e-02 3.115853092427834856e-02 2.714126462016223928e-02 2.310757346238361681e-02 1.919412408826931885e-02 1.523738695006204499e-02 1.116367835138559229e-02 6.868473398232949161e-03 2.200594656294813795e-03 8.023938980061518205e-05 9.664843521107883192e-04 7.946536913016461617e-03 8.654897988074382667e-03 8.515246069246118141e-03 1.473611039350869803e-02 1.814888190917016836e-02 4.715036967775282362e-01 -1.733985553885536088e-02 1.671765883686386622e-02 8.927232061209540437e-02 1.800427276729494874e-01 2.334038910004471168e-02 2.521568440541955072e-02 1.579348526743037939e-02 2.586927861524694616e-02 2.531740705346997855e-02 2.342710975904388135e-02 1.957358468799334783e-02 2.176443141460176686e-02 2.051832756099557231e-02 1.819073314810802644e-02 2.106859995737241434e-02 1.844780762186087539e-02 1.063085350125505743e-02 1.185054037871931948e-02 1.451811137702263554e-02 8.057602371265387003e-03 2.314145890786750356e-02 -7.636136865264400719e-02 -2.026270426493480270e-02
2.640649206340027477e-02 5.350899581996153981e-02 5.645345276007480984e-02 5.927371987353657196e-02 6.187585502079175070e-02 6.418688596363691934e-02 6.605354497097710997e-02 6.750480544824849494e-02 6.840833209623990718e-02 6.871497730535527926e-02 6.847630206739394043e-02 6.737770574605075891e-02 6.588502972750967523e-02 6.383495081931464532e-02 6.131613046937624267e-02 5.841122275785209234e-02 5.524110934322739447e-02 5.175469081941797000e-02 4.834466217323897530e-02 4.483318797738206768e-02 4.125309309448009498e-02 3.765132424722202747e-02 3.410796090589702373e-02 3.061487057472433645e-02 2.717347440830510108e-02 2.371445059696106195e-02 2.038727201658635177e-02 1.705693979454176584e-02 1.374991389776018813e-02 1.036713061135066498e-02 7.013884564836803809e-03 2.844086740814711842e-02 6.265321865774511889e-02 6.714378631791513563e-02 7.150513552800401296e-02 7.556483434496970297e-02 7.917703138470080781e-02 8.206323190711498072e-02 8.425090979689155157e-02 8.550618311876063971e-02 8.575617954154311773e-02 8.496470424095900476e-02 8.311750417455751605e-02 8.047537956292687145e-02 7.708482810186295664e-02 7.308161269329435661e-02 6.868962714273370296e-02 6.399847629428176421e-02 5.916594832952865729e-02 5.440648789285997683e-02 4.962822180795783272e-02 4.499847781715257677e-02 4.050102782276696761e-02 3.625582600279080026e-02 3.197211901344686885e-02 2.782374165298805158e-02 2.383007788933895130e-02 1.972357360936922294e-02 1.563719896190820732e-02 1.142717544105064341e-02 6.972689957079582050e-03 2.097384788077500273e-03 5.948903640191158807e-05 4.792816643915678789e-04 7.790145886988769815e-03 8.338612884605623582e-03 7.648283387210559267e-03 1.477128609291841407e-02 1.883519626725367255e-02 5.093168702081043442e-01 -1.635291036814391294e-02 1.697048926951862449e-02 9.415945137218301175e-02 1.866064215423948180e-01 2.385846346122347250e-02 2.597862226537325792e-02 1.617408854634477464e-02 2.683061805856652021e-02 2.693511007230690868e-02 2.440478472062265064e-02 2.135844409252235163e-02 2.306154538420486164e-02 2.186797531051219365e-02 1.963361801557800615e-02 2.321120328491526122e-02 2.008216018645299014e-02 1.334576142730763311e-02 1.317510452771504005e-02 1.587384741319051648e-02 9.664533893069149340e-03 2.355806961309434011e-02 -7.027955718859246748e-02 -2.062295873051662662e-02
2.409344962235796320e-02 5.100238823223254142e-02 5.398123986400125279e-02 5.686019171720094190e-02 5.955134202425288459e-02 6.198837007712171970e-02 6.401080052240452900e-02 6.567081734134599946e-02 6.682201998951035893e-02 6.741226385721765801e-02 6.737770574605075891e-02 6.681079949655700789e-02 6.557286874095165363e-02 6.378696444624396000e-02 6.149409888965968324e-02 5.877175367447771276e-02 5.574021879511538435e-02 5.235646355295378584e-02 4.900222746749738345e-02 4.552136053099676422e-02 4.194656255343048173e-02 3.833067296027099780e-02 3.476431746542050366e-02 3.122987774343521233e-02 2.773106555653478966e-02 2.429483015335167501e-02 2.086309928220904039e-02 1.745897975283728157e-02 1.407253389847508245e-02 1.059602748955412038e-02 7.120996276225252837e-03 2.595324993320726609e-02 5.959226569508495330e-02 6.408630185546580760e-02 6.848987882937704330e-02 7.264099411080719715e-02 7.640539028302568980e-02 7.949413135859795254e-02 8.197291933360958960e-02 8.358393125998510309e-02 8.424217277983789276e-02 8.391374018422570469e-02 8.264017593726552535e-02 8.038177462121237626e-02 7.734942279362201634e-02 7.362848476841565848e-02 6.944067542984386221e-02 6.488621045850381797e-02 6.013229047711026592e-02 5.539176584476717541e-02 5.059867703407268380e-02 4.593150595220828886e-02 4.140224377781274306e-02 3.695079554896075341e-02 3.265830943517276236e-02 2.845007680210798542e-02 2.428834369855769823e-02 2.014126402553093054e-02 1.596293207839970252e-02 1.164568609929558449e-02 7.061716307435535363e-03 2.014012425481324572e-03 6.703998200209143881e-05 5.168321502613531116e-04 7.803633491661980150e-03 8.218038599471101657e-03 7.071769374717277491e-03 1.488031213531220733e-02 1.960576736650580451e-02 5.467573006065999941e-01 -1.534486168466939367e-02 1.691082087018806399e-02 9.823375067006413774e-02 1.902508029199550810e-01 2.444978454822249042e-02 2.672949675121871066e-02 1.673391032517818414e-02 2.775439000569661710e-02 2.856000072906192053e-02 2.543922790294696201e-02 2.335147284154761443e-02 2.446201991531501974e-02 2.336699583546330075e-02 2.124873259963261374e-02 2.555471019644828257e-02 2.184538773748439383e-02 1.644662237206817243e-02 1.472688645586949993e-02 1.754650819097295852e-02 1.157923120122006377e-02 2.442614096335282356e-02 -6.373519760700117887e-02 -2.035102268636433329e-02
2.191259621953164580e-02 4.838980102697754831e-02 5.136306573467721431e-02 5.425632881591074125e-02 5.698793004219865344e-02 5.949835775455518394e-02 6.162485654004876828e-02 6.343885913490211748e-02 6.478835912500761907e-02 6.562482977917108440e-02 6.588502972750967523e-02 6.557286874095165363e-02 6.466301468840439381e-02 6.317567033963254752e-02 6.115236588655956207e-02 5.866282869696173852e-02 5.582297968440200903e-02 5.259511889565771786e-02 4.934431609619414211e-02 4.593758840265828314e-02 4.240771967533651932e-02 3.881403676402802455e-02 3.525136315259497222e-02 3.170798043352219403e-02 2.818725503649724060e-02 2.472746731664938677e-02 2.125148208235670341e-02 1.779791992299250766e-02 1.435250712529497624e-02 1.080284616802969049e-02 7.225511805135451798e-03 2.360615119540925705e-02 5.641932868274211754e-02 6.086061072428632091e-02 6.524177609625537999e-02 6.941159799127206986e-02 7.324778500665633796e-02 7.645975180975171648e-02 7.914408259433058923e-02 8.103423374590103256e-02 8.204778944477360281e-02 8.215039497683133962e-02 8.127854056090767776e-02 7.948947894327736130e-02 7.686527812776131063e-02 7.349773686264664263e-02 6.959591900984969659e-02 6.526142212513362517e-02 6.066419924269084163e-02 5.600975432470758214e-02 5.125802961223049209e-02 4.659420503224583066e-02 4.203754339704839083e-02 3.758502900982048367e-02 3.322577629493821821e-02 2.895781473869212322e-02 2.472126407165608011e-02 2.050628716134215990e-02 1.624835368123234494e-02 1.184059895826252047e-02 7.147076861785136778e-03 1.950910071081390484e-03 6.091165954611328084e-05 3.337059055608668028e-04 7.634185955452369929e-03 7.947933293261141841e-03 6.415585076892721048e-03 1.478400585207651809e-02 2.015496066533985914e-02 5.825774983651051953e-01 -1.454222087965892363e-02 1.647569472145605368e-02 1.013515005006142000e-01 1.903595785056529932e-01 2.470997397146575819e-02 2.710908401732180228e-02 1.697226041383074688e-02 2.826372375082756086e-02 2.978136225563247225e-02 2.608837819456949828e-02 2.511769630745325915e-02 2.552006346875628634e-02 2.456061220222151634e-02 2.257784610717997187e-02 2.764396450550557147e-02 2.328314000100206727e-02 1.947238314549807475e-02 1.605285122874500550e-02 1.909174958341446765e-02 1.336398843315907831e-02 2.531368560793412908e-02 -5.709993087453874017e-02 -1.995084890999757748e-02
1.984530957854351019e-02 4.566794974857726203e-02 4.859949863856093816e-02 5.146706520714540434e-02 5.419508829743705652e-02 5.673098094538665814e-02 5.890683402286407688e-02 6.082098125673748162e-02 6.231214800049331842e-02 6.333828454741415037e-02 6.383495081931464532e-02 6.378696444624396000e-02 6.317567033963254752e-02 6.199758380923867107e-02 6.027574911409835229e-02 5.806568162683503620e-02 5.547176865904555193e-02 5.245729509627952702e-02 4.936380874285556386e-02 4.608174582058204016e-02 4.264350259455161607e-02 3.911386300339745464e-02 3.559300855094592320e-02 3.207350555380349133e-02 2.856120909422847284e-02 2.509849644663126114e-02 2.160614377504521677e-02 1.812656939218958499e-02 1.464418321807500929e-02 1.104531363117588344e-02 7.390067208688196228e-03 2.137787267058557927e-02 5.313362046973080927e-02 5.747436897981477583e-02 6.177817390450660029e-02 6.590437796988241059e-02 6.974331500904257242e-02 7.299370655662730523e-02 7.580475574981622444e-02 7.788966610943617863e-02 7.917680295817014491e-02 7.962778650588313301e-02 7.915148985121628344e-02 7.779165211501308519e-02 7.560588666387325907e-02 7.265420701237974843e-02 6.912272330956911737e-02 6.509872813535390323e-02 6.074874427251946568e-02 5.626238126752686891e-02 5.162652663393152430e-02 4.703053979575098908e-02 4.250579034577686710e-02 3.806635751493359782e-02 3.369137852896269408e-02 2.939546770003396287e-02 2.511773858641224225e-02 2.085458259561621605e-02 1.653860341458998628e-02 1.206244927250036889e-02 7.284139050152714685e-03 1.969688380969642372e-03 4.944920694991404055e-05 1.053742218420566581e-04 7.416612084365108160e-03 7.593566974798018725e-03 6.016043644328394890e-03 1.460913608793839268e-02 2.054681798742512278e-02 6.136430700345315570e-01 -1.377399376897841740e-02 1.588551649932973611e-02 1.035346796770608008e-01 1.856686969268001031e-01 2.472063030382608620e-02 2.726364245747815024e-02 1.702498488425376044e-02 2.851185481886142278e-02 3.070644480175363858e-02 2.647364298524286161e-02 2.675552870401079128e-02 2.632988509326935483e-02 2.553653991657415731e-02 2.370185369107666654e-02 2.952444567742053272e-02 2.447577914328077572e-02 2.247747504647952879e-02 1.721074437262783488e-02 2.055109249387623502e-02 1.506421202710145346e-02 2.624138532040980187e-02 -5.048643854514772017e-02 -1.937040765133689682e-02
1.790284583028518492e-02 4.288406506824221642e-02 4.574353491162633928e-02 4.855139266985671748e-02 5.123770786086529611e-02 5.375571067387382995e-02 5.593916176525779577e-02 5.789986810496195596e-02 5.947773120742915615e-02 6.063717980177178030e-02 6.131613046937624267e-02 6.149409888965968324e-02 6.115236588655956207e-02 6.027574911409835229e-02 5.887237365308016501e-02 5.697582058071638117e-02 5.467597246393361005e-02 5.192972320439673273e-02 4.904711567220934598e-02 4.594250251229595877e-02 4.264626918322619864e-02 3.922673168186169290e-02 3.578899522974026554e-02 3.232996420737071358e-02 2.885890198375365076e-02 2.542032193057293041e-02 2.193909078618454939e-02 1.845804598257969054e-02 1.496132321589747557e-02 1.133847833594716498e-02 7.630662759993667686e-03 1.928209547138380608e-02 4.979504705881326182e-02 5.399658200465117658e-02 5.817773147392083649e-02 6.220750290486638107e-02 6.598656703492744580e-02 6.921861558945920090e-02 7.207428468013959977e-02 7.427050275164043258e-02 7.574583019812539120e-02 7.646179637526025197e-02 7.632051056057036209e-02 7.535398823848071803e-02 7.360428289911372102e-02 7.110490687182012548e-02 6.801275752077966252e-02 6.437781518954760474e-02 6.036266627577622362e-02 5.612645780562614678e-02 5.168582815845519651e-02 4.722811845105599760e-02 4.279716848168381438e-02 3.841789599618561368e-02 3.407290717638784133e-02 2.978535718671512442e-02 2.549937703640790115e-02 2.121340042271030457e-02 1.686338529656033342e-02 1.234248102201755681e-02 7.505309540551043102e-03 2.103738398277750585e-03 3.407071833012286633e-05 -1.546229797131247930e-04 7.167126584459995384e-03 7.151846916945600076e-03 5.838770377419488095e-03 1.434373280091750386e-02 2.071686340969581749e-02 6.374018879094787149e-01 -1.302005514308574897e-02 1.515441675095337455e-02 1.047278034098973881e-01 1.742025289070219252e-01 2.440159957057825083e-02 2.717651189120131455e-02 1.688198977240108062e-02 2.852604933799840134e-02 3.132452178655158875e-02 2.658690423779878562e-02 2.822885649836628930e-02 2.687935108091414962e-02 2.627791072474155998e-02 2.459980485062100014e-02 3.115871733045290359e-02 2.541193114669475922e-02 2.540942272494443183e-02 1.818743770358351858e-02 2.189988330336879729e-02 1.666247257116701061e-02 2.713585083034871295e-02 -4.399057209988389838e-02 -1.858542326100897160e-02
1.606710313700082313e-02 4.005357901304176099e-02 4.281717485525184802e-02 4.553869953976478341e-02 4.815344998312913460e-02 5.061987453389964198e-02 5.277300271731873854e-02 5.473815471802839089e-02 5.635633356713963538e-02 5.759964861566083116e-02 5.841122275785209234e-02 5.877175367447771276e-02 5.866282869696173852e-02 5.806568162683503620e-02 5.697582058071638117e-02 5.541895014229158284e-02 5.344481612459150294e-02 5.101408541010138409e-02 4.839112468326018518e-02 4.551750487941562395e-02 4.241724443642900383e-02 3.915864640069843111e-02 3.585026714222407096e-02 3.249317307549633854e-02 2.910041680836862599e-02 2.571782037243619534e-02 2.227782412611161930e-02 1.882234205932822868e-02 1.533550958957412627e-02 1.171640284158825471e-02 7.982795658768386191e-03 1.729737586700309110e-02 4.642319974193420684e-02 5.045640197918867947e-02 5.448083098834154148e-02 5.837444113497954057e-02 6.204727863832424500e-02 6.520611392797487360e-02 6.804518220019796504e-02 7.028362095252586872e-02 7.187300399502770387e-02 7.277880369362944857e-02 7.290897669058625519e-02 7.228776701068150012e-02 7.095174634653345080e-02 6.891590216073507913e-02 6.627328529374444666e-02 6.309346884738879779e-02 5.949410543952653868e-02 5.558387486190020238e-02 5.142152729004036138e-02 4.717957956378985435e-02 4.291266048124156574e-02 3.865317950884036152e-02 3.439139434392079336e-02 3.015647362681014854e-02 2.590080694107804379e-02 2.162355825095225656e-02 1.726792308797176628e-02 1.272914113637143609e-02 7.861548126708278739e-03 2.405636761726227292e-03 2.523047141150960450e-05 -3.997148204177293192e-04 6.930572489227748018e-03 6.690040239316587777e-03 5.641094667547750727e-03 1.398057613180810066e-02 2.063319007726839571e-02 6.522321577095161471e-01 -1.224828608896792216e-02 1.426156759270894893e-02 1.048765521161149628e-01 1.527787848811124338e-01 2.369116766686734168e-02 2.683441939309186633e-02 1.654235470342706529e-02 2.835026177644427159e-02 3.163427380945671441e-02 2.641998603305450305e-02 2.945761945644348456e-02 2.715599607916461058e-02 2.675795484180065048e-02 2.523376590879979411e-02 3.249515463143434757e-02 2.605792227482263759e-02 2.812557729744414106e-02 1.895502447536588295e-02 2.307721143928731511e-02 1.809652534561953865e-02 2.784634422210986379e-02 -3.773171101494693369e-02 -1.760585365886808973e-02
1.436784303515831716e-02 3.723941663013506653e-02 3.988839969634003918e-02 4.250260475721628906e-02 4.502220265864088217e-02 4.741015324831455990e-02 4.950318585393961163e-02 5.143799919148992622e-02 5.305758053408550501e-02 5.434194513366764900e-02 5.524110934322739447e-02 5.574021879511538435e-02 5.582297968440200903e-02 5.547176865904555193e-02 5.467597246393361005e-02 5.344481612459150294e-02 5.181363097284259756e-02 4.973273169678548572e-02 4.739979767823618295e-02 4.480531081558502410e-02 4.195373768611859733e-02 3.890752458973072148e-02 3.577613093330957172e-02 3.256412792438056342e-02 2.928826874213343728e-02 2.599509284748942675e-02 2.262695938435951848e-02 1.922418061369525477e-02 1.577037246234412257e-02 1.218308699184868574e-02 8.448930362924583076e-03 1.545941453445410715e-02 4.308560243335252116e-02 4.692943724374989273e-02 5.077228739471718183e-02 5.450058058428682711e-02 5.803254994276894896e-02 6.107844362258678383e-02 6.385265534981286739e-02 6.607773591311147388e-02 6.771884832776457752e-02 6.874752345624046690e-02 6.908468399045793185e-02 6.875114465301067346e-02 6.778182361255181976e-02 6.617526700873432866e-02 6.400465957908058057e-02 6.129736553314676928e-02 5.818578123755774323e-02 5.464339223579803284e-02 5.083614880579261086e-02 4.688618889349898539e-02 4.285551576716681993e-02 3.878012176255746235e-02 3.465849368961848587e-02 3.052425267755467728e-02 2.633998039874040076e-02 2.210509008049889659e-02 1.777287736934953649e-02 1.324229444015458806e-02 8.370896855530590014e-03 2.889857231357082380e-03 2.103451745686961205e-05 -6.293859112715655775e-04 6.698172773338484029e-03 6.208192592156719890e-03 5.348083056399104140e-03 1.351002152456036789e-02 2.024861843701461148e-02 6.577457828591291022e-01 -1.141999327747769341e-02 1.310778726235282445e-02 1.039441428252295269e-01 1.164740476490713494e-01 2.251636866140570639e-02 2.623792202181748912e-02 1.598321900130126802e-02 2.801689273162583441e-02 3.161782180311471790e-02 2.593849413817455110e-02 3.024535478844965833e-02 2.714526854763215855e-02 2.693168623722901750e-02 2.553756978760499466e-02 3.345655706180384464e-02 2.634846185946218902e-02 3.027315919452160456e-02 1.948432192359746129e-02 2.396489713667997179e-02 1.923778920631265960e-02 2.814542784355764451e-02 -3.187919820030547108e-02 -1.653652147199148950e-02
