3.347788726068646158e-03 2.428405611226275556e-03 2.319334504173237166e-03 2.210795458505057914e-03 2.102092339277365166e-03 1.992878453838780803e-03 1.888642410495554053e-03 1.775459256868983614e-03 1.664007842666160924e-03 1.553661291462363593e-03 1.444712429231730143e-03 1.337974284516894440e-03 1.233921947223971588e-03 1.132945889702034054e-03 1.034334765240389536e-03 9.418994388105736545e-04 8.489432629293417170e-04 7.602481349127650310e-04 6.754621741335945255e-04 5.997783356642665941e-04 5.286249431049287869e-04 4.476172416392551348e-04 3.838134980533910567e-04 3.260725490377009957e-04 2.647792781977914437e-04 2.074586522121703845e-04 1.649164813279306693e-04 1.126719920163939088e-04 7.057742875515720402e-05 3.367555687451977581e-05 1.083760604579929419e-05 3.347787887717902731e-03 2.381176103892020026e-03 2.260438718749332217e-03 2.139957957527027776e-03 2.019696315609967058e-03 1.899476393080711195e-03 1.807733470133285770e-03 1.671215056972578114e-03 1.552170870972737577e-03 1.437714202974995845e-03 1.326785420015673747e-03 1.219916046857493939e-03 1.117375127984302939e-03 1.019286367147364918e-03 9.257750199908314648e-04 8.415361947730688090e-04 7.453092952838343737e-04 6.664769358043814073e-04 5.915694260126980056e-04 5.228237602706716728e-04 4.660087496552085839e-04 3.987085840243805111e-04 3.493826430335464643e-04 3.042757383436235554e-04 2.622660785690004125e-04 2.231269293450358277e-04 1.939034077958596517e-04 1.533515370587036099e-04 1.224354092289874237e-04 9.395472509633752119e-05 7.035634638422620841e-05 7.411270489558890340e+00 1.547428289388117807e-02 1.253890549029302616e-02 1.011363698594388259e-02 8.106101288846217015e-03 6.449477696227353014e-03 5.092597857741621575e-03 3.993729286857170512e-03 3.116507893203791443e-03 2.428286516681813206e-03 1.898859894251057456e-03 1.500414697094299863e-03 1.207472312768768149e-03 9.971221438748391515e-04 8.496843094664338885e-04 7.482345149652572507e-04 6.787535409571246198e-04 6.301198109683763850e-04 5.934306174292442761e-04 5.622726332593614524e-04 5.316592389098708090e-04 4.984971646506037874e-04 4.609345576196900349e-04 4.179576217569176493e-04 3.692144344759971508e-04 3.152007576496348887e-04 2.565599337307938096e-04 1.944832104498450925e-04 1.301582039284252901e-04 6.491536486530639569e-05 0.000000000000000000e+00
2.428405611226275556e-03 1.691642573799371704e-02 1.772414798746657985e-02 1.839301195773755324e-02 1.890954836142121412e-02 1.926801704948009203e-02 1.946101991498285985e-02 1.951268678809533336e-02 1.941051989635248290e-02 1.917144204351852593e-02 1.880414749825001092e-02 1.831802481261755183e-02 1.772347048180847665e-02 1.703210994808172091e-02 1.625452885224604183e-02 1.541374929756488335e-02 1.447727911746063065e-02 1.351955331658492160e-02 1.251504492383343457e-02 1.149815783682329486e-02 1.045215972920881045e-02 9.394846034830759904e-03 8.352401481578923190e-03 7.323027130125727216e-03 6.336352568126294230e-03 5.358565082476500485e-03 4.429771827590223664e-03 3.527483333161522336e-03 2.682144586891158523e-03 1.891438907419091533e-03 1.162894259572528222e-03 2.428393777922992994e-03 1.733850047924711049e-02 1.814607277494253990e-02 1.878326466900730532e-02 1.923480387864659469e-02 1.949856358840492895e-02 1.954954469686766630e-02 1.949419381134421050e-02 1.925574128958043585e-02 1.887896369975758035e-02 1.837425398031168958e-02 1.775281098139494876e-02 1.702647259499169910e-02 1.620768156589834016e-02 1.530948835153255784e-02 1.435652809051599955e-02 1.329680036674504677e-02 1.223970510968467110e-02 1.114485688219503910e-02 1.003597174865532814e-02 8.924184976571642933e-03 7.809310464820344404e-03 6.720544808171587114e-03 5.656453161308448024e-03 4.627823618166224465e-03 3.633308422943749925e-03 2.685899005934871357e-03 1.755173609220478815e-03 8.693574365851840929e-04 3.366407082792878461e-06 -8.865794486846974385e-04 5.460360115609122289e+01 3.475716575305828338e-01 3.074065519063826635e-01 2.714305160911828496e-01 2.389916896776548560e-01 2.096818061241759179e-01 1.832267806044898251e-01 1.594193862991226118e-01 1.380813175137051430e-01 1.190416366730242814e-01 1.021302405344866188e-01 8.717608430891543581e-02 7.400866909446343622e-02 6.246155928120012552e-02 5.237587825276142361e-02 4.360197597618065829e-02 3.600047726730354336e-02 2.944491674699439149e-02 2.381961230962152676e-02 1.902106017071831384e-02 1.495659878693971281e-02 1.154291928475459708e-02 8.705706087246656635e-03 6.378308366620054695e-03 4.501673300356273145e-03 3.021541275255705799e-03 1.889180890308280510e-03 1.060278904867193546e-03 4.944633957769048460e-04 1.534065034766277948e-04 0.000000000000000000e+00
2.319334504173237166e-03 1.772414798746657985e-02 1.865052208622892255e-02 1.942794355096350359e-02 2.003984025769387639e-02 2.047783229944708308e-02 2.073282973048296007e-02 2.083261714989945862e-02 2.076323915159242889e-02 2.054363624196056670e-02 2.018333140031374276e-02 1.969241086832891272e-02 1.908206966945699690e-02 1.836488568894198078e-02 1.755217143074447664e-02 1.666990285255112378e-02 1.567767901772823894e-02 1.466432467697787248e-02 1.359775515612636661e-02 1.251154051512360157e-02 1.139477381841560479e-02 1.026328468575118252e-02 9.144382796048023884e-03 8.036932955607537649e-03 6.974390583176282021e-03 5.918193184886708785e-03 4.912885423245834729e-03 3.934253280266104130e-03 3.015690461320422525e-03 2.154280860086974034e-03 1.357200646209727251e-03 2.319317585614540794e-03 1.819594757149770731e-02 1.912837032910251478e-02 1.987606925361235996e-02 2.042063330984706521e-02 2.075769150615754816e-02 2.085745816853700613e-02 2.084287740985042020e-02 2.062595582187618654e-02 2.025715425662530031e-02 1.974793981306869478e-02 1.911039264994822059e-02 1.835729260323373108e-02 1.750208728332014810e-02 1.655885359116466768e-02 1.555464767609426868e-02 1.443033804579494164e-02 1.330861448357902044e-02 1.214323390963867842e-02 1.095799474461080399e-02 9.768088865182083386e-03 8.572504074635181603e-03 7.401382040518092974e-03 6.254133496892955862e-03 5.142687595872386976e-03 4.065490015142044465e-03 3.036887441673193511e-03 2.024006702527364043e-03 1.057987216231930181e-03 1.113291874048387084e-04 -8.636762193893832498e-04 5.783369901044831352e+01 3.715291525169989728e-01 3.291476854718437539e-01 2.911087589144281673e-01 2.567373071169039567e-01 2.256166807264847751e-01 1.974714347618574950e-01 1.720951809417449463e-01 1.493101308117598114e-01 1.289441498003656983e-01 1.108240420416439359e-01 9.477398448921349472e-02 8.061730646985668103e-02 6.818053492307495078e-02 5.729742924366479362e-02 4.781102721254508470e-02 3.957478678329717781e-02 3.245568018375459551e-02 2.633198367665352813e-02 2.109466765417851095e-02 1.664622017895275863e-02 1.289870348111698574e-02 9.773755165978647783e-03 7.200785729631307107e-03 5.117228648935426803e-03 3.465319917610081794e-03 2.193016052562191034e-03 1.252843221135703511e-03 6.013390099102064413e-04 1.971246022466854289e-04 0.000000000000000000e+00
2.210795458505057914e-03 1.839301195773755324e-02 1.942794355096350359e-02 2.031049030572157355e-02 2.101916068701194240e-02 2.154178041838926069e-02 2.186626336903820661e-02 2.202297617486869558e-02 2.199604159111929330e-02 2.180609792854366555e-02 2.146327628866503967e-02 2.097817823452922600e-02 2.036265609208916944e-02 1.963012273841827082e-02 1.879250899802617503e-02 1.787883937291612907e-02 1.683983844885327333e-02 1.577995534933252994e-02 1.465988061175153845e-02 1.351168927467028338e-02 1.233140471829745864e-02 1.113220880392570659e-02 9.942541759752572539e-03 8.762007851378501161e-03 7.627907972317909090e-03 6.496825997259162745e-03 5.418006793905369781e-03 4.365191059766758419e-03 3.374951111531223659e-03 2.443500845614065674e-03 1.577336341879876118e-03 2.210774021376927558e-03 1.891210029218327524e-02 1.995938464247383817e-02 2.081515827863307522e-02 2.145558808914609095e-02 2.187259418461165450e-02 2.203017423713837450e-02 2.206638153269550873e-02 2.188176657592733401e-02 2.153206990301408802e-02 2.102962687421948418e-02 2.038723590469397606e-02 1.961849596021848774e-02 1.873775649134345675e-02 1.776003141616717268e-02 1.671484545690110970e-02 1.553517438693990602e-02 1.435790110640754180e-02 1.313040612842595461e-02 1.187621113039552187e-02 1.061511478594180137e-02 9.344984795962579457e-03 8.096877517760763671e-03 6.871134747605577367e-03 5.680853884300843086e-03 4.524276206015859572e-03 3.417224556011654209e-03 2.324124879169410778e-03 1.279265000232213470e-03 2.524794865892107708e-04 -8.079283312046989414e-04 6.060491677882077255e+01 3.922738162914902738e-01 3.481325621635408263e-01 3.084418990492573953e-01 2.725079119996324795e-01 2.399081882058211046e-01 2.103678045870468194e-01 1.836829421952394237e-01 1.596781901225711453e-01 1.381823106759673958e-01 1.190213022738326881e-01 1.020169920977173211e-01 8.698900927686738227e-02 7.375929072811777953e-02 6.215661246931210304e-02 5.201897815650527446e-02 4.319481582962147320e-02 3.554652224458604293e-02 2.894817402248398008e-02 2.328688729119125084e-02 1.846177856822017044e-02 1.438160130873481803e-02 1.096510468742200803e-02 8.138714586677199894e-03 5.837172205590452495e-03 3.999880823141077797e-03 2.572025018531493533e-03 1.503412026300607286e-03 7.478125527508160814e-04 2.610498369664085742e-04 0.000000000000000000e+00
2.102092339277365166e-03 1.890954836142121412e-02 2.003984025769387639e-02 2.101916068701194240e-02 2.182205907977890699e-02 2.243225060039068935e-02 2.283311398116318058e-02 2.305640154759351287e-02 2.308302476797412586e-02 2.293469384788626719e-02 2.262171211533700946e-02 2.215490098614979197e-02 2.154657797969865632e-02 2.081084469519066046e-02 1.996012888256706169e-02 1.902655973494779204e-02 1.795110934628060123e-02 1.685494188321668210e-02 1.569092640986798071e-02 1.448907565666580910e-02 1.325320028381374304e-02 1.199353327785414314e-02 1.073931230597105664e-02 9.491069250634911678e-03 8.290364896723211030e-03 7.088074827007717280e-03 5.938881256887156533e-03 4.814085476996111078e-03 3.753572753841657225e-03 2.752356035598264861e-03 1.815750253715591811e-03 2.102066890609151622e-03 1.947028703322100859e-02 2.061957543901001000e-02 2.157625937176625014e-02 2.231184321565142167e-02 2.281390473896621057e-02 2.303789333909349313e-02 2.313678030637745034e-02 2.299720560014650514e-02 2.267983730197991460e-02 2.219750490908268398e-02 2.156348489947950905e-02 2.079204864231289779e-02 1.989833698380562288e-02 1.889820951100208007e-02 1.782369437287680339e-02 1.659919824400437477e-02 1.537658218018239827e-02 1.409640334418922787e-02 1.278160464658287775e-02 1.145697335207611182e-02 1.011931131377553916e-02 8.800218825199743883e-03 7.501208971474627833e-03 6.236623721744518484e-03 5.004380395340905091e-03 3.821944693622083677e-03 2.650802373707104170e-03 1.528537813386909644e-03 4.220565784773171267e-04 -7.245422219167508204e-04 6.284964489766427675e+01 4.092804358829225109e-01 3.638801979491533833e-01 3.229934609827087577e-01 2.859113955914126537e-01 2.522076472297820615e-01 2.216088210054940333e-01 1.939146470499784336e-01 1.689534271719478342e-01 1.465566454715539479e-01 1.265517314142002858e-01 1.087607075536795587e-01 9.300219446248926547e-02 7.909626107933902250e-02 6.686937099821993469e-02 5.615704939428038667e-02 4.680508182416245888e-02 3.867349039394545746e-02 3.163418002493129100e-02 2.557223051609002970e-02 2.038499233671808852e-02 1.597933296924022861e-02 1.227236504896249240e-02 9.188559497553859881e-03 6.660859210183823348e-03 4.626575249954507571e-03 3.028721419535377636e-03 1.814890063255611245e-03 9.364628109891771739e-04 3.467736507584944904e-04 0.000000000000000000e+00
1.992878453838780803e-03 1.926801704948009203e-02 2.047783229944708308e-02 2.154178041838926069e-02 2.243225060039068935e-02 2.312947424228964030e-02 2.361071755321426588e-02 2.391016087937427800e-02 2.400197730231558649e-02 2.390834636258824114e-02 2.363900578960770327e-02 2.320452456955520229e-02 2.261740920931417168e-02 2.189225352707672642e-02 2.104182870015852344e-02 2.010137759201364310e-02 1.900129005418797062e-02 1.788042310303500707e-02 1.668326494667118909e-02 1.543725516528223103e-02 1.415448995697319440e-02 1.284287592658436838e-02 1.153099874802464633e-02 1.022074865409161766e-02 8.960622449177488291e-03 7.690578836420444188e-03 6.474424336320640933e-03 5.280114079785919005e-03 4.150886999187090171e-03 3.080189973963220074e-03 2.071531134525845044e-03 1.992849436070692239e-03 1.986259243781963654e-02 2.109817390142595603e-02 2.214473756826483564e-02 2.297088572419206040e-02 2.356025554233276767e-02 2.385420609630712480e-02 2.403073073189085362e-02 2.395011317812450330e-02 2.367980804510447235e-02 2.323258914004865811e-02 2.262185569433276811e-02 2.186235740737134045e-02 2.096988953034268841e-02 1.996104620893447007e-02 1.887037004231266468e-02 1.761306948167792527e-02 1.635667781267324122e-02 1.503451937514760188e-02 1.366868174801036569e-02 1.228901914885697708e-02 1.089225277882885888e-02 9.509021277512142920e-03 8.142717328905129531e-03 6.809315084840206721e-03 5.505635654782892012e-03 4.251394158379546810e-03 3.004866134220485555e-03 1.807037939415759862e-03 6.216487311407143052e-04 -6.116939846015059714e-04 6.450494774021892397e+01 4.220737437687762661e-01 3.759456926415198907e-01 3.343507446024813756e-01 2.965685557023380881e-01 2.621697743746649323e-01 2.308826063126009909e-01 2.025105044316078129e-01 1.768862306600857137e-01 1.538454735971366838e-01 1.332192028494936786e-01 1.148322147897256063e-01 9.850495323648973678e-02 8.405853671790124160e-02 7.132000149230093011e-02 6.012515160518702717e-02 5.031968944755711021e-02 4.176359617752403719e-02 3.432873340282754926e-02 2.790002347099036079e-02 2.237469746707613713e-02 1.765918287314605789e-02 1.367022980144538824e-02 1.033139896461892672e-02 7.574751535894433223e-03 5.336280441504015308e-03 3.557466038968551923e-03 2.184238706615404015e-03 1.166018469749060182e-03 4.540164517355952311e-04 0.000000000000000000e+00
1.888642410495554053e-03 1.946101991498285985e-02 2.073282973048296007e-02 2.186626336903820661e-02 2.283311398116318058e-02 2.361071755321426588e-02 2.422007403664422354e-02 2.456041880592372759e-02 2.472703925880394976e-02 2.470090763363046171e-02 2.448966756891936963e-02 2.410282289661286326e-02 2.355262354699974581e-02 2.285384931673254197e-02 2.201938292303038877e-02 2.108750625715687804e-02 1.997723862124325608e-02 1.884596985962370269e-02 1.762930897422509274e-02 1.635169951617132869e-02 1.503262108621424009e-02 1.368502993370410148e-02 1.232969724986223391e-02 1.098891572973900374e-02 9.575200655479789227e-03 8.289056452035838823e-03 7.018299946590895490e-03 5.761508435010165297e-03 4.568283210821889699e-03 3.431007019058104294e-03 2.351163381165388179e-03 1.888610217711835307e-03 2.007681789925842841e-02 2.138000717658629715e-02 2.250087979518606424e-02 2.340625841594073941e-02 2.407324677277737288e-02 2.466823013473664825e-02 2.473083684568072246e-02 2.471702394174166498e-02 2.450697362214357064e-02 2.411001992822973602e-02 2.353854572972771328e-02 2.280725612100018701e-02 2.193227227622247463e-02 2.093067670414050507e-02 1.983942489896751288e-02 1.856389708762591975e-02 1.728782295970584734e-02 1.593688566600055811e-02 1.453198315307418012e-02 1.310652167634806728e-02 1.166461579302412177e-02 1.022662189199249547e-02 8.804428379819814049e-03 7.394022232195943123e-03 6.031787882032634690e-03 4.712023024427382072e-03 3.394851300936552532e-03 2.125204155471562169e-03 8.636721504655901901e-04 -4.546896984480548547e-04 6.559984254708240314e+01 4.305552781791966432e-01 3.842166374821791575e-01 3.423954801396425496e-01 3.043616952546224774e-01 2.696822868341408608e-01 2.380856948438245801e-01 2.093780273771075062e-01 1.833962381949843790e-01 1.599809186310540143e-01 1.389681149364456192e-01 1.201875806213181658e-01 1.034641713179884071e-01 8.862283409660375033e-02 7.549400639814990432e-02 6.391651687927257797e-02 5.373855755110829718e-02 4.482242700146502057e-02 3.704209980829466231e-02 3.028424241065781272e-02 2.444763807301657266e-02 1.943973808520031710e-02 1.517822588200737344e-02 1.158683864165824078e-02 8.597695007290330482e-03 6.146295778922365380e-03 4.173276671730972130e-03 2.623523159701197580e-03 1.444997971120158846e-03 5.872407880578759494e-04 0.000000000000000000e+00
1.775459256868983614e-03 1.951268678809533336e-02 2.083261714989945862e-02 2.202297617486869558e-02 2.305640154759351287e-02 2.391016087937427800e-02 2.456041880592372759e-02 2.502447551436128709e-02 2.527434563575580578e-02 2.532754780779623849e-02 2.518789440480147593e-02 2.486306383172668180e-02 2.436454410330224710e-02 2.370690309458321765e-02 2.290281144653944639e-02 2.199347429500873516e-02 2.088550873211775585e-02 1.975592246380784150e-02 1.853083480555091367e-02 1.723177605019769049e-02 1.589829768156892156e-02 1.449366436513512858e-02 1.309510896447790146e-02 1.168791321283345688e-02 1.030936630213685236e-02 8.928298165731497413e-03 7.592848167902120290e-03 6.270128754286793428e-03 5.010936027112063151e-03 3.804897534881470939e-03 2.650336415081615878e-03 1.775424215691687440e-03 2.014550759552462961e-02 2.150380418041525007e-02 2.268946358947575639e-02 2.367011713018294869e-02 2.442442338195133233e-02 2.490978925192268920e-02 2.524001123220707271e-02 2.530993921778145611e-02 2.517684073847819767e-02 2.484661752647953845e-02 2.433072567889633595e-02 2.364369565164430032e-02 2.280178993652535319e-02 2.182240156180180468e-02 2.074488717574573746e-02 1.946404845400047379e-02 1.818072332044401440e-02 1.681262127795695241e-02 1.537996334528148740e-02 1.393298596655316926e-02 1.242710522055348425e-02 1.094297121808633470e-02 9.465036872713231131e-03 8.010167758873365518e-03 6.580902070280400008e-03 5.196677968377039387e-03 3.810134807144241378e-03 2.469523318209444849e-03 1.131913944181318216e-03 -2.725643041941583486e-04 6.599545602607362582e+01 4.343331768533366111e-01 3.883272962031457110e-01 3.467806968523204358e-01 3.089574032619422650e-01 2.744218091748338306e-01 2.429025919459867344e-01 2.142085661737087865e-01 1.881814587698404095e-01 1.646680640575982901e-01 1.435114277039329367e-01 1.245486405534411839e-01 1.076116212606840344e-01 9.253189831394527387e-02 7.914604604884310779e-02 6.729854546102241597e-02 5.684252639533059898e-02 4.764483960052977307e-02 3.958361967013663413e-02 3.254908660861892400e-02 2.644317078615135083e-02 2.117576729041257058e-02 1.666676352835513159e-02 1.284108952756159508e-02 9.631868344084644484e-03 6.974907019682680641e-03 4.810663970013707123e-03 3.083579754447974067e-03 1.740622168946917700e-03 7.300753123733166178e-04 0.000000000000000000e+00
1.664007842666160924e-03 1.941051989635248290e-02 2.076323915159242889e-02 2.199604159111929330e-02 2.308302476797412586e-02 2.400197730231558649e-02 2.472703925880394976e-02 2.527434563575580578e-02 2.561275926306986334e-02 2.575327735321257180e-02 2.569636380582013269e-02 2.544709302574257523e-02 2.501548576589892464e-02 2.441525764265138621e-02 2.365832524638952425e-02 2.278852266048564043e-02 2.169880737970004622e-02 2.058681333876205208e-02 1.936819095340227073e-02 1.806037190114118812e-02 1.670868025712851646e-02 1.529042846287118756e-02 1.385991955754985357e-02 1.241425621530558264e-02 1.099505922307607644e-02 9.563947637995010714e-03 8.176044119556087619e-03 6.795123420370837233e-03 5.475717183689165178e-03 4.205180517209358010e-03 2.978618119826603218e-03 1.663970255561461825e-03 2.004880756883354806e-02 2.144563582914290820e-02 2.268097938083721288e-02 2.372367645147918300e-02 2.455221803903819347e-02 2.511584211658668062e-02 2.553639013728529680e-02 2.569869431373484128e-02 2.565256479716621074e-02 2.540217777681937072e-02 2.495715935105240549e-02 2.433108787394874101e-02 2.353969579359282971e-02 2.260013037876137595e-02 2.155384776557665513e-02 2.028400448979954598e-02 1.900925605042375760e-02 1.763848792790244369e-02 1.619012974448436754e-02 1.471579911573169842e-02 1.318879420620762757e-02 1.166542228164837817e-02 1.014281699467028085e-02 8.638633774157552028e-03 7.154921245681629405e-03 5.713296651646691988e-03 4.263150474065681948e-03 2.856541753973903478e-03 1.447139884168458131e-03 -3.974599913053260784e-05 6.582511085996851818e+01 4.338396010466797348e-01 3.886348510662142042e-01 3.478015212607682427e-01 3.106000135847689636e-01 2.765918575648793620e-01 2.455048083220324195e-01 2.171492476086508694e-01 1.913710238704043332e-01 1.680231921151226215e-01 1.469565231224041479e-01 1.280167321348518461e-01 1.110445149391775382e-01 9.587995499681192801e-02 8.236789501728648821e-02 7.036064057697337393e-02 5.971838492012752214e-02 5.031456102249136364e-02 4.203338376392896925e-02 3.477038206419701127e-02 2.843222697256216069e-02 2.293269772756700159e-02 1.819518978143924021e-02 1.414694671580983207e-02 1.072307937597734816e-02 7.860590246318108903e-03 5.500511497414361031e-03 3.587526198032722768e-03 2.068186911603780379e-03 8.900588154550837698e-04 0.000000000000000000e+00
1.553661291462363593e-03 1.917144204351852593e-02 2.054363624196056670e-02 2.180609792854366555e-02 2.293469384788626719e-02 2.390834636258824114e-02 2.470090763363046171e-02 2.532754780779623849e-02 2.575327735321257180e-02 2.598467095626375012e-02 2.601810298696338730e-02 2.585543402097709165e-02 2.550440057882808961e-02 2.497701034472926684e-02 2.428368783715467022e-02 2.347052322041394065e-02 2.241506056368336441e-02 2.133709574898848965e-02 2.014066774230312273e-02 1.883888055274094558e-02 1.748728139076693305e-02 1.605957208264593289e-02 1.460921006946613865e-02 1.313558306230133872e-02 1.168243527668386822e-02 1.020976305630042283e-02 8.776143713991060857e-03 7.342649783714651039e-03 5.967769593925471676e-03 4.636528446960065317e-03 3.340667162097939527e-03 1.553621441896671420e-03 1.980713863881420483e-02 2.122852794583707584e-02 2.250073856566979502e-02 2.359425302731588819e-02 2.448797866327732595e-02 2.512816490625003826e-02 2.563732362256706740e-02 2.589276052990710855e-02 2.594015581503544138e-02 2.578011579741724610e-02 2.541958703938965863e-02 2.487027792739487930e-02 2.414651513347421119e-02 2.326446940067473587e-02 2.226733673312778980e-02 2.102513182548761475e-02 1.977557805984810069e-02 1.841782542940862549e-02 1.696850597777152525e-02 1.548497651538709510e-02 1.394019506564816296e-02 1.238923077424815625e-02 1.083166950916162816e-02 9.286264944350518594e-03 7.755586643534641451e-03 6.263054958037286325e-03 4.755012308890334619e-03 3.287505606049693965e-03 1.810900506633531405e-03 2.458606298932531514e-04 6.511543660063486527e+01 4.293981644467099734e-01 3.854075671436754114e-01 3.456733956950887587e-01 3.094556111540486265e-01 2.763135640077765132e-01 2.459736553837423845e-01 2.182471104291360542e-01 1.929833295554491401e-01 1.700414759319994473e-01 1.492803458177347220e-01 1.305550052937121397e-01 1.137160227062837536e-01 9.861339547235487002e-02 8.510178791074890503e-02 7.304298995949370932e-02 6.230594924241791149e-02 5.277235272768569102e-02 4.433412065272497593e-02 3.689361857877793138e-02 3.036367354324830473e-02 2.466326287135227682e-02 1.972049576148313110e-02 1.546597514558215036e-02 1.183773907667393273e-02 8.774840253035751103e-03 6.219615593408683689e-03 4.117664958055808344e-03 2.415697318380905043e-03 1.061095352789709519e-03 0.000000000000000000e+00
1.444712429231730143e-03 1.880414749825001092e-02 2.018333140031374276e-02 2.146327628866503967e-02 2.262171211533700946e-02 2.363900578960770327e-02 2.448966756891936963e-02 2.518789440480147593e-02 2.569636380582013269e-02 2.601810298696338730e-02 2.614584832354606078e-02 2.607807215179813037e-02 2.581945623578660309e-02 2.537934369770195736e-02 2.476579907241179337e-02 2.402680621900761190e-02 2.302183167697553073e-02 2.199530334996990105e-02 2.083776995926857334e-02 1.955750397568693788e-02 1.822114932760275988e-02 1.679636614956235910e-02 1.533833401146792765e-02 1.384777688389180611e-02 1.236958246289107319e-02 1.086422264080429134e-02 9.392495467275089119e-03 7.912997152129289807e-03 6.488365578260642773e-03 5.101290140175931270e-03 3.740120506268096879e-03 1.444670580963431988e-03 1.943007028017553622e-02 2.086275105953653425e-02 2.215931078879858351e-02 2.329208971994265603e-02 2.424081558642477568e-02 2.495123125957842899e-02 2.554275597706264292e-02 2.588970455690688469e-02 2.603357701533495425e-02 2.597137696776803673e-02 2.570685667823143297e-02 2.524891897880504957e-02 2.460947754611112967e-02 2.380284525403508072e-02 2.287357144653843349e-02 2.167618274277539892e-02 2.046957346397040856e-02 1.914157797402663008e-02 1.770676996863540867e-02 1.622884128696603159e-02 1.467817814634634656e-02 1.311130805327534801e-02 1.152920868755014962e-02 9.951729874959472366e-03 8.382381311639446400e-03 6.846340033763419382e-03 5.287066313024768420e-03 3.764773919145969743e-03 2.226682890044265079e-03 5.890994768646813607e-04 6.389674784399572616e+01 4.212884309678038841e-01 3.788714617001066598e-01 3.405719103071408460e-01 3.056533174883774850e-01 2.736743524228829050e-01 2.443602160077167629e-01 2.175225275879840159e-01 1.930136380494104076e-01 1.706983709166883800e-01 1.504433667847110412e-01 1.321131785232665667e-01 1.155687106616224841e-01 1.006706172162774027e-01 8.728436473416846531e-02 7.528237783580707387e-02 6.454361926399172777e-02 5.495934203973489723e-02 4.643049354661728245e-02 3.886756485206661893e-02 3.219076017445168109e-02 2.632542317284211619e-02 2.120546002194836216e-02 1.676580757756669302e-02 1.294830856186526997e-02 9.694887060652681784e-03 6.949901419039504133e-03 4.660534815930769161e-03 2.774232992607800381e-03 1.238745242865251645e-03 0.000000000000000000e+00
1.337974284516894440e-03 1.831802481261755183e-02 1.969241086832891272e-02 2.097817823452922600e-02 2.215490098614979197e-02 2.320452456955520229e-02 2.410282289661286326e-02 2.486306383172668180e-02 2.544709302574257523e-02 2.585543402097709165e-02 2.607807215179813037e-02 2.611031455037292684e-02 2.595332972398527865e-02 2.561304094677840579e-02 2.509435362440628689e-02 2.444706750938826709e-02 2.350821493520566241e-02 2.255139075507099633e-02 2.145044119354398010e-02 2.020818727656243513e-02 1.890301451796154789e-02 1.749523895494613582e-02 1.604271332999291505e-02 1.454723574414967802e-02 1.305418962286098924e-02 1.152588816969838011e-02 1.002460743748297828e-02 8.506635832571322886e-03 7.038957258118897983e-03 5.601984898347755516e-03 4.180776622768339265e-03 1.337930682137034337e-03 1.892772735214651517e-02 2.035901203569009943e-02 2.166765549318729750e-02 2.282793818810980105e-02 2.382066308957738604e-02 2.459280729619903877e-02 2.525827908015650797e-02 2.569221190071955402e-02 2.593216855285001080e-02 2.597201346850312037e-02 2.581215215960427911e-02 2.545799852232931079e-02 2.491817055156989730e-02 2.420425475755375033e-02 2.336194809554862847e-02 2.222636740123810906e-02 2.108154469959619415e-02 1.980120512459164137e-02 1.839752440932200181e-02 1.694082259441040059e-02 1.539793026640638197e-02 1.382784585469860883e-02 1.223264010039146546e-02 1.063327063291849388e-02 9.034499463573184702e-03 7.463295624352324180e-03 5.860432950024446752e-03 4.290482077016417525e-03 2.697745907456314610e-03 9.945907221317177617e-04 6.219548945789360062e+01 4.097769263342229684e-01 3.692437623977375405e-01 3.326673323775907187e-01 2.993195482750367065e-01 2.687606822928267358e-01 2.407155165220423165e-01 2.149960010251822651e-01 1.914569633053544717e-01 1.699683247909642425e-01 1.504040861683393349e-01 1.326379909810442015e-01 1.165412388312830755e-01 1.019853606301053955e-01 8.884709081242833650e-02 7.701015458460495899e-02 6.636436228707748297e-02 5.681146377585656604e-02 4.826241567122751402e-02 4.063683859060360226e-02 3.386328859983917666e-02 2.787444617124587576e-02 2.261092147757619991e-02 1.801284722603181676e-02 1.402664625995631888e-02 1.059786934229283058e-02 7.673574912509262443e-03 5.203165376535929219e-03 3.135397348024814967e-03 1.418933049222669386e-03 0.000000000000000000e+00
1.233921947223971588e-03 1.772347048180847665e-02 1.908206966945699690e-02 2.036265609208916944e-02 2.154657797969865632e-02 2.261740920931417168e-02 2.355262354699974581e-02 2.436454410330224710e-02 2.501548576589892464e-02 2.550440057882808961e-02 2.581945623578660309e-02 2.595332972398527865e-02 2.590373398146014403e-02 2.567291190502344819e-02 2.526207567196014567e-02 2.472366799958915229e-02 2.386427222679636528e-02 2.299607328900997796e-02 2.197016018262471296e-02 2.078320283953702038e-02 1.952610139838831596e-02 1.815057905484498621e-02 1.671772909807868468e-02 1.523031715534948344e-02 1.373369222503197269e-02 1.219310607497364578e-02 1.067174681953523760e-02 9.123766517483014940e-03 7.620703839190379886e-03 6.140825282616336513e-03 4.666125975358039260e-03 1.233876813605873932e-03 1.831132626659065510e-02 1.972927586944268202e-02 2.103822926147609976e-02 2.221441927717445614e-02 2.323989113361755662e-02 2.406426603095293201e-02 2.479395256215282881e-02 2.530822360431964763e-02 2.564100347390940379e-02 2.578367548993341224e-02 2.573353675132744947e-02 2.549231240097882267e-02 2.506483387779937996e-02 2.445932592468530453e-02 2.372309138761780414e-02 2.266456974371063721e-02 2.160130426966877515e-02 2.038752300143923876e-02 1.903263005668308708e-02 1.761385246272953800e-02 1.609364962516925471e-02 1.453409987648666274e-02 1.293824876282287546e-02 1.132817993130489677e-02 9.710183593775699451e-03 8.113092742277424121e-03 6.475229128067698688e-03 4.865729828542095237e-03 3.226281472892911142e-03 1.465861069189773429e-03 6.003161523875327532e+01 3.951129476464347867e-01 3.567299752076045771e-01 3.221226826050892500e-01 2.905768613230359509e-01 2.616574386238053052e-01 2.350902381691762910e-01 2.106879880282702677e-01 1.883078242069352870e-01 1.678242961338621553e-01 1.491181885827700115e-01 1.320719034665967517e-01 1.165665568029349147e-01 1.024843860579622706e-01 8.971343401646802995e-02 7.814895940632465843e-02 6.769204401130031468e-02 5.825547459784710669e-02 4.976083054240627856e-02 4.213753964570490784e-02 3.532318915707581553e-02 2.925851818069208354e-02 2.389151958047645158e-02 1.916822852864660115e-02 1.504028094633614449e-02 1.145751020236814369e-02 8.370289739626246908e-03 5.730822330275712161e-03 3.489727484240456520e-03 1.597108694506278086e-03 0.000000000000000000e+00
1.132945889702034054e-03 1.703210994808172091e-02 1.836488568894198078e-02 1.963012273841827082e-02 2.081084469519066046e-02 2.189225352707672642e-02 2.285384931673254197e-02 2.370690309458321765e-02 2.441525764265138621e-02 2.497701034472926684e-02 2.537934369770195736e-02 2.561304094677840579e-02 2.567291190502344819e-02 2.555792219706424021e-02 2.526494105067282961e-02 2.485317447767053378e-02 2.408045286023135362e-02 2.332076449316964131e-02 2.238900689181890641e-02 2.127522565192595944e-02 2.008408516819530643e-02 1.875711694629815518e-02 1.735913869831728212e-02 1.589380445739547315e-02 1.440594307873022985e-02 1.286470166868798094e-02 1.133369747985288507e-02 9.765141324210411741e-03 8.235352972521691253e-03 6.720661675855155864e-03 5.200379788129593471e-03 1.132899426522656749e-03 1.759335090410277941e-02 1.898697750126925737e-02 2.028521013559818689e-02 2.146619918440547878e-02 2.251333514402996394e-02 2.338008586752994208e-02 2.416350975732561510e-02 2.474993272643185444e-02 2.516986096499655365e-02 2.541289769386917766e-02 2.547377635484401534e-02 2.535083335695306750e-02 2.504516397229724495e-02 2.456138221988582102e-02 2.395094520935749094e-02 2.297940689231943445e-02 2.201862815357776351e-02 2.089122083835699695e-02 1.960370197800899092e-02 1.824067372912739626e-02 1.675923706952526723e-02 1.522505585867708726e-02 1.364207059616481116e-02 1.203350352261042290e-02 1.040742910976291506e-02 8.794641456820845651e-03 7.131291063575190790e-03 5.491321157394366166e-03 3.814185728908697608e-03 2.006177745892792023e-03 5.743274890887771988e+01 3.775889507772529075e-01 3.415784231052463316e-01 3.091434018854224419e-01 2.795895162203837492e-01 2.524899827801279639e-01 2.275737149136669857e-01 2.046551756583029902e-01 1.835940188874299606e-01 1.642691698216461327e-01 1.465676856116822357e-01 1.303800222392787755e-01 1.155966523692359138e-01 1.021100917020082016e-01 8.981940477240803189e-02 7.863124714308647456e-02 6.845801602564845212e-02 5.922368344246808219e-02 5.086067490816029157e-02 4.330854081549660034e-02 3.651424039878748556e-02 3.042699672820898399e-02 2.500258822336284131e-02 2.019346109603304545e-02 1.595691630147846873e-02 1.224759282855663635e-02 9.019703083083091197e-03 6.228753509826090266e-03 3.827741512709650299e-03 1.768710994430184192e-03 0.000000000000000000e+00
1.034334765240389536e-03 1.625452885224604183e-02 1.755217143074447664e-02 1.879250899802617503e-02 1.996012888256706169e-02 2.104182870015852344e-02 2.201938292303038877e-02 2.290281144653944639e-02 2.365832524638952425e-02 2.428368783715467022e-02 2.476579907241179337e-02 2.509435362440628689e-02 2.526207567196014567e-02 2.526494105067282961e-02 2.510135930010164509e-02 2.483940937427367435e-02 2.413823278105400177e-02 2.351049357850405405e-02 2.269290253924747397e-02 2.167049594475941449e-02 2.056427963316704438e-02 1.930322093109513443e-02 1.795644395151782535e-02 1.652837937385999781e-02 1.506285075047541361e-02 1.353376351130987192e-02 1.200472331900926705e-02 1.042621419850679916e-02 8.879595430877294457e-03 7.339542082539547360e-03 5.783203616592124362e-03 1.034287145477377377e-03 1.678534057469565841e-02 1.814444793525960345e-02 1.942153733656601378e-02 2.059661097398731919e-02 2.165445884976195667e-02 2.255345819044559524e-02 2.337948762852989568e-02 2.402851669239644897e-02 2.452775321166687783e-02 2.486569188960705695e-02 2.503522792965600166e-02 2.503200018306729960e-02 2.485389750413993792e-02 2.450362835352063937e-02 2.404478905062456054e-02 2.315006989842590193e-02 2.231624556131970791e-02 2.129627830599499852e-02 2.009569675222435542e-02 1.880768790561113471e-02 1.738257873997882397e-02 1.589018203828186648e-02 1.433521418262470072e-02 1.274200861859920743e-02 1.112063612547982069e-02 9.503942220860898613e-03 7.826196720703353440e-03 6.166411810785503954e-03 4.462248043022008955e-03 2.618118410771135864e-03 5.441766679281783325e+01 3.574647939411766395e-01 3.240098465528590821e-01 2.939115782713356828e-01 2.665018333483843982e-01 2.413662938842809913e-01 2.182395868774801295e-01 1.969394126834803638e-01 1.773286158474411400e-01 1.592905936899388919e-01 1.427183917127805290e-01 1.275100183854022129e-01 1.135647356709656164e-01 1.007848041695105362e-01 8.907981885659926879e-02 7.836741626496032675e-02 6.857102855973841449e-02 5.962559624578006590e-02 5.147423120688743997e-02 4.406655156664631562e-02 3.735887527998777574e-02 3.130901577394548663e-02 2.588064252940706911e-02 2.103289962181984982e-02 1.672900384915161978e-02 1.292876913338762528e-02 9.590659304662190951e-03 6.673889352220786948e-03 4.134291249073602896e-03 1.926294918179810665e-03 0.000000000000000000e+00
9.418994388105736545e-04 1.541374929756488335e-02 1.666990285255112378e-02 1.787883937291612907e-02 1.902655973494779204e-02 2.010137759201364310e-02 2.108750625715687804e-02 2.199347429500873516e-02 2.278852266048564043e-02 2.347052322041394065e-02 2.402680621900761190e-02 2.444706750938826709e-02 2.472366799958915229e-02 2.485317447767053378e-02 2.483940937427367435e-02 2.487079618969020856e-02 2.397447623460622831e-02 2.355552856284420446e-02 2.288492730893233393e-02 2.197727657375972421e-02 2.097929243827855589e-02 1.980461659714015735e-02 1.852797582073505492e-02 1.715460671015728300e-02 1.572693091681849967e-02 1.422444448696666419e-02 1.271033295945530467e-02 1.113373015800032430e-02 9.581300829045033204e-03 8.026594281613754628e-03 6.445611030037926535e-03 9.418509790644505417e-04 1.591108527364334946e-02 1.722834401713355112e-02 1.847675271527981708e-02 1.963804909237276339e-02 2.069841945735708885e-02 2.162204869997088469e-02 2.248195076754426480e-02 2.318595461611063988e-02 2.375809517413006791e-02 2.418646854696083690e-02 2.446315720105378747e-02 2.458260420324396081e-02 2.454223953475368619e-02 2.435006508309718251e-02 2.417962126457661592e-02 2.311803320084346303e-02 2.248423007392052683e-02 2.160466394356389333e-02 2.051583298518238133e-02 1.932595016388067091e-02 1.797736535834845370e-02 1.654520660485442676e-02 1.503499230934907289e-02 1.347222475153956288e-02 1.186924720108841966e-02 1.026113077640120920e-02 8.580769632373788994e-03 6.912582020317697626e-03 5.193157944759491454e-03 3.326391967354029935e-03 5.120794300000117261e+01 3.359145207618324247e-01 3.050759923988228817e-01 2.773694189173507851e-01 2.521566033906593729e-01 2.290382797116072566e-01 2.077564705279857926e-01 1.881330675391032492e-01 1.700344510056429614e-01 1.533483586664144416e-01 1.379733453193124071e-01 1.238142535705972630e-01 1.107783075629314856e-01 9.877665729719561916e-02 8.772853471864497377e-02 7.756167716827361280e-02 6.820976286860454263e-02 5.961794159465396564e-02 5.173930281664452374e-02 4.453294961123450968e-02 3.796404563746192534e-02 3.199864599024408035e-02 2.660800322605361493e-02 2.175791099113687233e-02 1.741746412337097719e-02 1.355179255864638090e-02 1.012385578307865852e-02 7.096855962935944527e-03 4.429860459305337561e-03 2.080119388170789414e-03 0.000000000000000000e+00
8.489432629293417170e-04 1.447727911746063065e-02 1.567767901772823894e-02 1.683983844885327333e-02 1.795110934628060123e-02 1.900129005418797062e-02 1.997723862124325608e-02 2.088550873211775585e-02 2.169880737970004622e-02 2.241506056368336441e-02 2.302183167697553073e-02 2.350821493520566241e-02 2.386427222679636528e-02 2.408045286023135362e-02 2.413823278105400177e-02 2.397447623460622831e-02 2.393869748227813246e-02 2.348868232960932279e-02 2.292273495048059370e-02 2.211526118813305145e-02 2.122992087301209599e-02 2.014989058622403822e-02 1.895492941804158976e-02 1.764937212103942152e-02 1.627281967702480514e-02 1.481069693608204861e-02 1.332502260972951401e-02 1.176325287561571543e-02 1.021772387999307814e-02 8.660753481642548962e-03 7.066998405555965229e-03 8.488932709122146234e-04 1.493864387299339951e-02 1.619945696482065142e-02 1.740347158621308177e-02 1.853411782448181888e-02 1.957899551972238153e-02 2.050922973954102946e-02 2.138245140618649093e-02 2.212078295040581857e-02 2.274468065034580821e-02 2.324171851511832448e-02 2.360270340846224585e-02 2.381917551556560556e-02 2.388207395927623156e-02 2.377828247596464745e-02 2.344646441645157481e-02 2.318221232558801206e-02 2.254174087110844341e-02 2.176786498353502561e-02 2.078265232189354522e-02 1.969688706052940066e-02 1.843419621327917896e-02 1.707432759054969273e-02 1.562196488913318929e-02 1.410295134113833879e-02 1.253160381274491531e-02 1.094503926875953215e-02 9.274567124759594203e-03 7.610395222492498217e-03 5.888055182606703741e-03 4.010862363723137133e-03 4.707277766903896321e+01 3.098140429463027146e-01 2.819314523929983274e-01 2.569046890349011569e-01 2.341402424202766452e-01 2.132642521849775485e-01 1.940335285368459672e-01 1.762794739102498121e-01 1.598757902169054002e-01 1.447172033318446238e-01 1.307095780603682866e-01 1.177657349944252196e-01 1.058015581512339043e-01 9.473744104049602877e-02 8.450230327576319089e-02 7.503380607273800462e-02 6.627561006006928157e-02 5.818268023851631832e-02 5.071762508762472921e-02 4.384864063118043553e-02 3.754936023846509874e-02 3.179384821158088431e-02 2.656072763115229288e-02 2.182249949820835172e-02 1.755418688350667000e-02 1.372645267503033034e-02 1.030706107309651599e-02 7.263494511853715342e-03 4.558433092893903263e-03 2.152284049163012605e-03 0.000000000000000000e+00
